86842,25384644,38.77931,-77.23321,1,1
86843,1045112353,38.78023,-77.23372,1,1
86844,25384648,38.77928,-77.2327,1,1
86845,1045112378,38.7802,-77.23389,1,1
88037,1045126736,38.77942,-77.232,1,1
88038,1045112380,38.77931,-77.23253,1,1
88039,1045126735,38.77955,-77.23205,1,1
88040,1045112358,38.77944,-77.23258,1,1
88081,1045126172,38.77952,-77.23352,1,1
88082,25384641,38.77927,-77.23339,1,1
88083,1045126171,38.77957,-77.23336,1,1
88085,1045126154,38.77965,-77.23359,1,1
88086,1045126156,38.7797,-77.23343,1,1
88087,25384598,38.77857,-77.23658,1,1
88088,1045126159,38.77904,-77.23442,1,1
88089,25384597,38.77846,-77.23655,1,1
88090,1045126162,38.77892,-77.23438,1,1
88187,1045126161,38.77909,-77.23418,1,1
88188,1045126339,38.77918,-77.23379,1,1
88189,1045126163,38.77897,-77.23413,1,1
88190,1045126340,38.77905,-77.23374,1,1
88224,1038167653,38.77839,-77.19016,1,1
88225,25389253,38.77817,-77.19151,1,1
88226,1038167652,38.77855,-77.1902,1,1
88227,25389254,38.77832,-77.19153,1,1
88382,977035309,38.79828,-77.1983,0,0
88385,837719712,38.79763,-77.19543,0,0
88531,1045112357,38.77977,-77.23347,1,1
88532,1045124058,38.78011,-77.23366,1,1
88533,1045124057,38.78008,-77.23382,1,1
88534,1045112379,38.77972,-77.23363,1,1
89533,851116931,38.79634,-77.18968,0,0
89535,851116930,38.79644,-77.19009,0,0
89586,25389478,38.79986,-77.20631,0,0
89831,852613988,38.79552,-77.1887,0,0
89986,975350222,38.80972,-77.21742,1,1
89987,25394877,38.80892,-77.21556,1,1
89988,25394764,38.80907,-77.21667,1,1
89997,975350221,38.81027,-77.21635,1,1
90111,311295055,38.79823,-77.19932,0,0
90112,837720417,38.79948,-77.20472,0,0
90165,837719713,38.79968,-77.20437,0,0
90358,25384582,38.77814,-77.23832,1,1
90591,25391494,38.81085,-77.23624,1,1
90614,25388872,38.77444,-77.20652,1,1
90682,25391566,38.81092,-77.23497,1,1
91125,25391172,38.8107,-77.24514,1,1
91138,25389230,38.77773,-77.19377,1,1
91252,303917891,38.78392,-77.2369,1,1
91363,25389094,38.77723,-77.19737,1,1
91420,25384606,38.78514,-77.23813,1,1
91423,983958302,38.78762,-77.23955,1,1
91499,26981709,38.77965,-77.23089,1,1
91652,25391577,38.81107,-77.23497,1,1
91733,25384636,38.78091,-77.2341,1,1
91871,25384252,38.77665,-77.24367,1,1
92033,25387935,38.77594,-77.21603,1,1
92141,25388887,38.7748,-77.2043,1,1
92228,25384651,38.78314,-77.23612,1,1
92229,983954872,38.7832,-77.23618,1,1
92359,303930920,38.77553,-77.20258,1,1
92613,25396085,38.81183,-77.19204,1,1
92706,25394547,38.81123,-77.22849,1,1
92729,25391493,38.81103,-77.23625,1,1
92737,303900070,38.77794,-77.19289,1,1
92814,25389092,38.77733,-77.19739,1,1
92934,25395788,38.81145,-77.21016,1,1
93022,25388030,38.77829,-77.22051,1,1
93063,26981708,38.77974,-77.23048,1,1
93129,25389227,38.7777,-77.19477,1,1
93267,303930922,38.77915,-77.22158,1,1
93334,25388031,38.77836,-77.22041,1,1
93467,25384639,38.77828,-77.23277,1,1
93473,25395796,38.81146,-77.20948,1,1
93564,303930921,38.77923,-77.22146,1,1
93778,25395844,38.81159,-77.2011,1,1
93787,25401497,38.77855,-77.18903,1,1
93961,303903816,38.7747,-77.20462,1,1
94153,25388871,38.7743,-77.2065,1,1
94201,25395843,38.81142,-77.2011,1,1
94277,25395836,38.81156,-77.20355,1,1
94331,25394782,38.81125,-77.21743,0,0
94345,25387590,38.76822,-77.22598,1,1
94591,25389139,38.77757,-77.19475,1,1
94846,25384555,38.77801,-77.24072,1,1
96505,25384251,38.77672,-77.24377,1,1
97335,25394789,38.81191,-77.21769,1,1
97367,25384604,38.78776,-77.23946,1,1
97403,25384225,38.77616,-77.24426,1,1
97535,25388885,38.77482,-77.20469,1,1
97560,25395794,38.81182,-77.21005,1,1
97698,25384798,38.79008,-77.24171,1,1
98114,19459015,38.77815,-77.2378,1,1
98200,25384546,38.77533,-77.23142,1,1
98263,25395803,38.81151,-77.20688,1,1
98334,25384581,38.77789,-77.23875,1,1
98357,311287250,38.77548,-77.23144,1,1
98469,25387715,38.78051,-77.22618,1,1
98491,25388797,38.80566,-77.21388,0,0
98635,25395787,38.81128,-77.21013,1,1
98727,25395831,38.81135,-77.20498,1,1
98739,303929504,38.80761,-77.21557,1,1
98762,25394539,38.81105,-77.23029,1,1
98803,25394742,38.8114,-77.2196,1,1
98848,25384551,38.77653,-77.23193,1,1
98849,945023540,38.7769,-77.23212,1,1
98850,25384642,38.77914,-77.23331,1,1
98851,945023542,38.77918,-77.23314,1,1
98853,945023541,38.77884,-77.23293,1,1
98855,945023543,38.7775,-77.23229,1,1
98856,945023544,38.77835,-77.23264,1,1
98866,25394903,38.81145,-77.21429,1,1
98965,25395837,38.81156,-77.20299,1,1
98991,25394592,38.81118,-77.22166,1,1
99465,25394802,38.81143,-77.21676,1,1
99466,968788756,38.81157,-77.21613,1,1
99467,968788759,38.81034,-77.21809,1,1
99468,968788755,38.81112,-77.21432,1,1
99479,968788760,38.78047,-77.22443,1,1
99480,25387784,38.77984,-77.22249,1,1
99639,25388801,38.80544,-77.21318,0,0
99844,25384585,38.77827,-77.23786,1,1
99900,25384640,38.77879,-77.23309,1,1
100153,25391601,38.81103,-77.23134,1,1
100173,25391599,38.81103,-77.23146,1,1
100281,25396037,38.81161,-77.19997,1,1
100875,25396036,38.81145,-77.19996,1,1
101018,25396084,38.81173,-77.19204,1,1
101271,25395832,38.81154,-77.20496,1,1
101384,19459014,38.77834,-77.23706,1,1
101552,25395802,38.81132,-77.20685,1,1
101579,25407427,38.81176,-77.18945,1,1
102706,25384537,38.774,-77.23149,1,1
102707,19458729,38.81121,-77.21967,1,1
102855,25394591,38.81136,-77.22165,1,1
102856,946014831,38.81137,-77.22103,1,1
103130,945483566,38.8114,-77.21971,1,1
103132,25394778,38.81125,-77.21812,0,0
103138,944937182,38.81142,-77.21812,0,0
103362,25384569,38.77801,-77.23882,1,1
103390,25402120,38.79663,-77.19097,0,0
103391,968783415,38.79674,-77.19145,0,0
103452,968783148,38.78148,-77.23469,1,1
103453,25384635,38.78085,-77.23427,1,1
103454,968783151,38.78334,-77.2365,1,1
103455,25384611,38.78308,-77.23625,1,1
103456,968783150,38.78373,-77.23672,1,1
103457,968783149,38.78443,-77.23755,1,1
103458,303917944,38.78388,-77.23705,1,1
103459,968783153,38.78248,-77.23565,1,1
103460,25384629,38.78228,-77.23544,1,1
103461,25384797,38.78997,-77.24186,1,1
103462,968783152,38.79016,-77.24207,1,1
103470,25384962,38.78851,-77.24026,1,1
103471,968783158,38.78871,-77.24045,1,1
103472,25384963,38.78862,-77.24015,1,1
103473,968783157,38.78982,-77.24141,1,1
103530,25387502,38.76852,-77.2265,1,1
103641,19459016,38.77801,-77.23828,1,1
103808,25394595,38.81119,-77.22111,1,1
104100,25384603,38.78769,-77.2396,1,1
104429,987241148,38.81192,-77.21966,1,1
104634,967817806,38.81122,-77.22953,1,1
105385,968765310,38.77417,-77.20771,1,1
105555,25391175,38.81082,-77.24514,1,1
105556,976924300,38.81095,-77.2421,1,1
106199,25384796,38.78988,-77.24174,1,1
106212,25387702,38.78002,-77.22918,1,1
106221,25395795,38.81132,-77.20969,1,1
106344,303930919,38.77579,-77.2023,1,1
106417,25407428,38.81188,-77.18947,1,1
106427,25387591,38.76827,-77.22591,1,1
106635,25387703,38.78016,-77.22919,1,1
106786,25384224,38.77625,-77.24437,1,1
106828,25384593,38.77845,-77.2371,1,1
106877,25384799,38.78998,-77.24159,1,1
106930,25384540,38.77497,-77.23144,1,1
106932,26981710,38.77977,-77.23095,1,1
106974,303903838,38.78047,-77.22763,1,1
107197,25394590,38.81134,-77.2228,1,1
107277,25387503,38.76858,-77.22645,1,1
107287,311295056,38.79726,-77.19521,0,0
107310,941930396,38.79724,-77.19373,0,0
107393,980110633,38.80798,-77.21488,1,1
107394,25388798,38.80606,-77.21349,1,1
107421,25388845,38.77427,-77.20986,1,1
107422,303903800,38.77684,-77.19987,1,1
107727,25384554,38.77789,-77.24073,1,1
107745,25394794,38.81127,-77.21608,1,1
107977,25388844,38.77415,-77.20986,1,1
107989,25389682,38.79614,-77.1903,0,0
108120,1055283440,38.77413,-77.2094,1,1
108131,25384786,38.79227,-77.24434,1,1
108136,19458735,38.81139,-77.20299,1,1
108146,303930918,38.77565,-77.20262,1,1
108240,25384630,38.78235,-77.23532,1,1
108402,303899571,38.77807,-77.19293,1,1
108502,19458732,38.80507,-77.21343,0,0
108533,303900782,38.81145,-77.21469,1,1
108555,25387481,38.76987,-77.23039,1,1
108677,941930399,38.79704,-77.19423,0,0
108678,851478952,38.79648,-77.19181,0,0
108683,851478951,38.79718,-77.19345,0,0
108694,25388888,38.77503,-77.20408,1,1
108702,941930402,38.81172,-77.19426,1,1
108703,25396045,38.81165,-77.19623,1,1
108744,25388914,38.7759,-77.20174,1,1
108769,25394902,38.81127,-77.21331,1,1
108782,303903899,38.77013,-77.23085,1,1
108814,25394546,38.81107,-77.2285,1,1
108990,274747968,38.80567,-77.21335,0,0
109066,25396046,38.81175,-77.19623,1,1
109268,25389231,38.77787,-77.19381,1,1
109284,25388913,38.776,-77.20182,1,1
109372,851117602,38.80038,-77.20796,0,0
109438,25384807,38.79356,-77.24564,1,1
109708,25387783,38.77975,-77.22256,1,1
109749,25401498,38.77872,-77.18905,1,1
109762,25395835,38.81138,-77.20355,1,1
109953,941934769,38.81125,-77.21723,1,1
109954,941934768,38.81124,-77.21845,1,1
109955,25394769,38.81045,-77.21665,1,1
110002,990155143,38.77821,-77.23274,1,1
110003,984038047,38.77773,-77.23254,1,1
110154,852098626,38.81172,-77.221,1,1
110155,852098625,38.81191,-77.22066,1,1
110156,25394594,38.81156,-77.22148,1,1
110395,967812228,38.81235,-77.23489,1,1
110396,25391578,38.8114,-77.23496,1,1
110571,25384610,38.7852,-77.23799,1,1
110701,25387701,38.78012,-77.22934,1,1
110846,25387934,38.77585,-77.21609,1,1
111166,25394584,38.8113,-77.22462,1,1
111167,851477077,38.81132,-77.22365,1,1
111169,25394583,38.81115,-77.22462,1,1
111170,851477078,38.81116,-77.22303,1,1
111171,851477080,38.80418,-77.21275,0,0
111173,851477081,38.80431,-77.21235,0,0
111174,25388791,38.80315,-77.21144,0,0
111175,851477082,38.81146,-77.21229,1,1
111177,851477083,38.81128,-77.21229,1,1
111178,303900781,38.81127,-77.21294,1,1
111890,25384500,38.77039,-77.23125,1,1
111891,984038051,38.77121,-77.2319,1,1
111892,984038050,38.77306,-77.23169,1,1
111897,984038049,38.77267,-77.23179,1,1
111898,25384503,38.77243,-77.23187,1,1
111901,25384542,38.77747,-77.23244,1,1
111907,984038044,38.77592,-77.24456,1,1
111982,25391600,38.81121,-77.23148,1,1
111983,976964187,38.81122,-77.23059,1,1
111984,303903839,38.78036,-77.22762,1,1
111985,984038389,38.78044,-77.22712,1,1
111986,25387496,38.7691,-77.22862,1,1
111987,984038388,38.76918,-77.22892,1,1
112218,953123415,38.81125,-77.21798,0,0
112219,953123414,38.81125,-77.2176,0,0
112360,25394745,38.81123,-77.21871,1,1
112361,19458728,38.81141,-77.21898,1,1
112555,311295052,38.79694,-77.19233,0,0
112556,276002057,38.79626,-77.19077,0,0
112596,944937184,38.81142,-77.21774,0,0
112994,25394712,38.80988,-77.21854,1,1
112996,944934744,38.81017,-77.21943,1,1
113733,25394913,38.81146,-77.2106,1,1
114021,945106507,38.80422,-77.21265,0,0
114022,984430652,38.81024,-77.21688,0,0
114023,945106508,38.80423,-77.21246,0,0
114036,984430653,38.81025,-77.2172,0,0
115330,25394744,38.81199,-77.21898,1,1
206527,25391462,38.81092,-77.24023,1,1
208665,25391463,38.81107,-77.24023,1,1
214405,25387766,38.78051,-77.22594,1,1
215415,25387767,38.78062,-77.22593,1,1
