86286,838193345,38.84397,-77.07686,1,1
86287,838193346,38.84396,-77.07667,1,1
86440,25414074,38.82998,-77.12512,1,1
86441,1010659760,38.83106,-77.12466,1,1
86442,1010659762,38.83044,-77.12492,1,1
86443,1010659773,38.83102,-77.12452,1,1
86444,968640723,38.83036,-77.12479,1,1
86488,25463457,38.85461,-77.10076,1,1
86489,25463456,38.85468,-77.10088,1,1
86490,25463466,38.85617,-77.10044,1,1
86491,800793100,38.8569,-77.10045,1,1
86492,25463483,38.85618,-77.10033,1,1
86493,800793099,38.85689,-77.10057,1,1
86669,25414145,38.83389,-77.11844,1,1
86670,968635022,38.83394,-77.11804,1,1
86672,25414359,38.83578,-77.11835,1,1
86673,968635023,38.8361,-77.11858,1,1
86795,968633130,38.84644,-77.07884,1,1
86796,25462919,38.84698,-77.07891,0,0
86797,968633129,38.84598,-77.07851,1,1
86799,25462896,38.84559,-77.07851,1,1
86800,25462751,38.84197,-77.08415,1,1
86801,968633134,38.8425,-77.08356,1,1
86802,25462936,38.84688,-77.07798,1,1
86803,968633132,38.84796,-77.07773,1,1
86804,819242906,38.83796,-77.10402,1,1
86805,25461136,38.83727,-77.10253,1,1
86836,25463471,38.85753,-77.10058,1,1
86904,25414076,38.82993,-77.12497,1,1
87012,872219063,38.81319,-77.10947,1,1
87175,25462687,38.84038,-77.08518,0,0
87176,25462695,38.84059,-77.08521,0,0
87177,25462694,38.84094,-77.08587,1,1
87178,25462736,38.84024,-77.08335,1,1
87185,811071549,38.82432,-77.10729,1,1
87186,25414010,38.82255,-77.10866,1,1
87326,893817958,38.82567,-77.08861,1,1
87327,25460910,38.82499,-77.08869,1,1
87329,893817942,38.8372,-77.10976,1,1
87330,893817949,38.83651,-77.10956,1,1
87331,893817951,38.83663,-77.10946,1,1
87332,893817953,38.83719,-77.10987,1,1
87333,893817952,38.83677,-77.10965,1,1
87334,893817947,38.83683,-77.10954,1,1
87335,885922350,38.83571,-77.10922,1,1
87336,885922351,38.83573,-77.10937,1,1
87401,25460925,38.82731,-77.08809,1,1
87402,811073648,38.82761,-77.08848,1,1
87403,19463864,38.82818,-77.08898,1,1
87404,811073649,38.82876,-77.08974,1,1
87405,811073646,38.8265,-77.08848,1,1
87406,25460921,38.82691,-77.08833,1,1
87481,25461696,38.84621,-77.09578,1,1
87482,948065552,38.84632,-77.09567,1,1
87546,25414444,38.83023,-77.11154,1,1
87547,968645230,38.83043,-77.11105,1,1
87548,801711537,38.82883,-77.11673,1,1
87549,968645231,38.82943,-77.1156,1,1
87550,25414021,38.82832,-77.1113,1,1
87551,338857858,38.82853,-77.11156,1,1
87552,968645229,38.82884,-77.11201,1,1
87582,968651889,38.82691,-77.11834,1,1
87583,25413767,38.8264,-77.11934,1,1
87617,839278386,38.85476,-77.1059,1,1
87618,25416530,38.85611,-77.11144,1,1
87650,25414320,38.83012,-77.11422,1,1
87651,1053937202,38.83021,-77.11394,1,1
87669,968650809,38.81676,-77.11257,1,1
87670,968650808,38.81627,-77.11208,1,1
87671,25413730,38.81888,-77.11984,1,1
87672,968650810,38.81897,-77.12015,1,1
87942,969090936,38.84233,-77.07419,1,1
87943,811107659,38.84229,-77.07403,1,1
87957,969090782,38.84207,-77.07496,1,1
87958,25463189,38.8419,-77.0751,1,1
87967,1010823469,38.84736,-77.12151,1,1
87968,819797897,38.84702,-77.12054,1,1
87969,819797896,38.84687,-77.12063,1,1
87970,1010823470,38.84721,-77.1216,1,1
87995,969089928,38.8442,-77.07316,1,1
87996,838193347,38.84409,-77.0748,1,1
88041,811053217,38.81749,-77.0902,1,1
88042,957367275,38.81793,-77.09151,1,1
88093,968847856,38.84449,-77.08827,1,1
88094,25462717,38.84403,-77.08567,1,1
88098,19458609,38.81582,-77.1282,1,1
88099,976861713,38.81727,-77.12842,1,1
88103,976861716,38.84355,-77.12233,1,1
88104,303932282,38.84286,-77.12206,1,1
88121,976861707,38.83378,-77.11721,1,1
88122,25414308,38.83321,-77.11622,1,1
88436,838171045,38.85565,-77.08893,1,1
88437,311289777,38.85533,-77.0887,1,1
88609,838170116,38.84255,-77.08557,1,1
88610,25462713,38.84235,-77.08542,1,1
88774,969358289,38.82774,-77.09791,1,1
88775,801678701,38.82766,-77.09738,1,1
88793,839282736,38.84668,-77.07812,1,1
89051,274484685,38.85216,-77.07523,0,0
89052,838263518,38.85239,-77.07506,0,0
89053,25462917,38.84768,-77.07963,1,1
89054,838263516,38.84776,-77.0795,1,1
89055,328008531,38.85259,-77.0749,0,0
89068,838263054,38.84687,-77.07944,1,1
89069,25462890,38.84658,-77.07924,1,1
89070,838263053,38.84687,-77.07944,0,0
89071,26965808,38.84434,-77.08164,0,0
89172,25462887,38.84651,-77.0793,0,0
89173,838262466,38.84658,-77.07924,0,0
89206,25463734,38.85116,-77.09199,1,1
89207,25463735,38.8511,-77.09189,1,1
89223,25462580,38.83836,-77.08479,1,1
89224,838262207,38.83883,-77.08543,1,1
89225,838262208,38.83669,-77.09176,0,0
89226,25461547,38.83627,-77.09291,0,0
89411,1010694156,38.82708,-77.08937,1,1
89412,811073647,38.82696,-77.08913,1,1
89413,1010694157,38.82698,-77.08938,1,1
89414,25460920,38.827,-77.08831,1,1
89708,976853729,38.8508,-77.12864,1,1
89709,25415072,38.85057,-77.12931,1,1
89740,917381947,38.82105,-77.12792,0,0
89744,917393819,38.82396,-77.12409,0,0
89745,917393806,38.82983,-77.11321,1,1
89746,25460943,38.83141,-77.10731,1,1
89747,917393807,38.8318,-77.10753,1,1
89748,25413955,38.82748,-77.11837,0,0
89749,917393804,38.8296,-77.11378,0,0
89750,917393805,38.82979,-77.11331,1,1
89751,25461072,38.83319,-77.10279,0,0
89752,917393810,38.83378,-77.10055,0,0
89753,19463862,38.83411,-77.097,1,1
89754,917393811,38.83456,-77.09776,1,1
89755,25414471,38.8314,-77.10876,0,0
89756,917393808,38.83176,-77.10764,0,0
89757,917393809,38.83378,-77.10055,1,1
89758,917393801,38.83001,-77.11275,0,0
89759,917393800,38.8296,-77.11378,1,1
89760,917393803,38.82979,-77.11331,0,0
89761,917393802,38.82983,-77.11321,0,0
89762,25414321,38.8294,-77.11349,1,1
89763,25461463,38.83456,-77.09776,0,0
89764,917393813,38.83461,-77.09755,0,0
89765,25461479,38.83415,-77.09674,1,1
89766,917393812,38.83461,-77.09755,1,1
89788,25413672,38.82374,-77.12365,1,1
89789,917393820,38.82396,-77.12409,1,1
89798,1010690572,38.82706,-77.09063,1,1
89799,1010690571,38.82717,-77.09063,1,1
89800,1010690573,38.82711,-77.08986,1,1
89801,1010690574,38.82701,-77.08986,1,1
89871,811053219,38.81798,-77.08948,1,1
89872,25460741,38.8174,-77.08955,1,1
89873,338857857,38.81744,-77.08984,1,1
89874,811053218,38.81683,-77.08963,1,1
89875,25460731,38.81597,-77.08958,1,1
89876,811053216,38.81726,-77.08884,1,1
89919,801737029,38.83993,-77.10979,1,1
89920,25414492,38.83892,-77.11094,1,1
90031,25461801,38.84454,-77.08854,1,1
90032,968844919,38.8447,-77.08928,1,1
90033,968406664,38.82724,-77.09181,1,1
90034,25460907,38.8272,-77.09111,1,1
90035,968406631,38.82725,-77.09189,1,1
90036,25460906,38.82709,-77.09112,1,1
90037,968406670,38.82714,-77.09182,1,1
90048,25460992,38.83337,-77.10327,0,0
90208,25414318,38.82976,-77.11396,0,0
90278,25414239,38.84839,-77.12799,1,1
90279,25463788,38.85766,-77.09042,1,1
90287,25462557,38.83901,-77.08584,1,1
90288,25414253,38.84861,-77.12554,1,1
90304,25460923,38.82717,-77.08824,1,1
90321,968332286,38.84198,-77.10532,1,1
90322,335450765,38.84194,-77.10564,1,1
90325,25463817,38.85457,-77.08809,1,1
90329,25462820,38.84348,-77.0826,1,1
90336,25462517,38.82952,-77.08453,1,1
90361,25415059,38.85032,-77.12962,1,1
90362,25413653,38.82089,-77.12403,1,1
90377,25463738,38.85187,-77.09129,1,1
90378,25413715,38.81968,-77.12209,1,1
90396,25413770,38.82742,-77.11917,0,0
90437,25462742,38.84149,-77.08374,1,1
90526,25462821,38.84342,-77.08225,0,0
90609,25461203,38.84137,-77.10726,1,1
90621,26965809,38.84441,-77.08178,1,1
90639,25414254,38.84876,-77.12549,1,1
90676,25414362,38.83431,-77.11704,1,1
90707,25416057,38.85323,-77.12201,1,1
90711,25415062,38.85062,-77.12941,1,1
90730,25416062,38.85328,-77.12115,1,1
90734,25412598,38.81425,-77.12954,1,1
90748,25414327,38.82996,-77.11347,1,1
90772,94175125,38.81687,-77.0747,1,1
90784,25462198,38.81788,-77.0758,1,1
90808,25462583,38.83905,-77.08459,1,1
90826,968329953,38.8529,-77.10382,1,1
90827,25463364,38.85263,-77.10355,1,1
90871,25414576,38.84457,-77.1141,1,1
90879,335450598,38.84435,-77.10017,1,1
90896,25413911,38.81383,-77.10925,1,1
90914,25460927,38.82724,-77.08791,1,1
90956,25461557,38.83066,-77.09241,1,1
90957,25414270,38.84071,-77.12141,1,1
90958,25462209,38.81641,-77.07419,1,1
90972,25413854,38.81775,-77.11411,1,1
91004,25463823,38.85667,-77.08823,1,1
91006,25412613,38.81433,-77.12884,1,1
91016,25414333,38.82999,-77.11338,1,1
91038,25414355,38.83424,-77.11722,1,1
91040,25414421,38.83001,-77.11275,1,1
91091,25461270,38.84256,-77.10419,1,1
91115,274502338,38.82663,-77.11991,0,0
91123,25463190,38.84215,-77.07491,1,1
91193,25461364,38.84489,-77.09916,1,1
91201,983957612,38.82467,-77.08415,1,1
91202,801678700,38.82436,-77.08368,1,1
91204,983957608,38.83744,-77.10325,1,1
91205,25461133,38.83713,-77.10265,1,1
91206,983957609,38.83974,-77.10569,1,1
91207,25461048,38.83914,-77.10516,1,1
91265,25414626,38.84073,-77.10932,1,1
91294,25462348,38.8233,-77.07292,1,1
91304,25416068,38.85545,-77.12347,1,1
91305,848140937,38.85554,-77.12361,1,1
91356,25463797,38.85683,-77.0898,1,1
91377,19458590,38.84909,-77.1264,1,1
91418,25414088,38.83181,-77.12425,1,1
91421,335450665,38.84518,-77.09826,1,1
91450,25412552,38.81322,-77.13054,1,1
91462,25463825,38.85691,-77.08815,1,1
91468,25462356,38.82526,-77.07711,1,1
91490,25463828,38.85723,-77.08999,1,1
91493,25461450,38.83103,-77.0929,1,1
91539,975182456,38.84302,-77.0857,1,1
91540,25462712,38.84298,-77.0857,1,1
91568,25460534,38.82329,-77.10142,1,1
91577,25414319,38.82976,-77.11396,1,1
91580,303563401,38.84554,-77.11687,1,1
91588,1011318405,38.846,-77.11766,1,1
91589,25414558,38.84591,-77.11741,1,1
91591,1011318406,38.84584,-77.11773,1,1
91592,19463847,38.84577,-77.11753,1,1
91599,25462725,38.84014,-77.08419,1,1
91601,25461238,38.84192,-77.10614,1,1
91639,25414259,38.84821,-77.1244,1,1
91648,25464932,38.85009,-77.07702,1,1
91680,285275847,38.83321,-77.0957,1,1
91702,25415041,38.85019,-77.13021,1,1
91747,25462865,38.84776,-77.08008,1,1
91775,25463182,38.84413,-77.07732,1,1
91785,25461563,38.82911,-77.09041,1,1
91801,25414354,38.83415,-77.11717,1,1
91804,25461199,38.84162,-77.1081,1,1
91813,335450664,38.84507,-77.0982,1,1
91886,232861838,38.83499,-77.11767,1,1
91972,25462376,38.82465,-77.07462,1,1
92009,25416024,38.85571,-77.12388,1,1
92022,25462487,38.82909,-77.08612,1,1
92075,25463765,38.8533,-77.08953,1,1
92138,274502339,38.82677,-77.12002,0,0
92139,25414643,38.84288,-77.10915,1,1
92214,25413655,38.82095,-77.12411,1,1
92266,26947490,38.84939,-77.09943,1,1
92272,25464934,38.85198,-77.07536,0,0
92350,25413495,38.81591,-77.1284,1,1
92356,25461233,38.84195,-77.10679,1,1
92491,25461216,38.84202,-77.10798,1,1
92526,25462022,38.82689,-77.08745,1,1
92593,25413461,38.81286,-77.1252,1,1
92653,25460956,38.8318,-77.10753,0,0
92658,25413441,38.84939,-77.12878,1,1
92666,25416385,38.85404,-77.1177,1,1
92793,25460305,38.81827,-77.10801,1,1
92807,25414274,38.84102,-77.1212,1,1
92818,25416028,38.85701,-77.12585,1,1
92819,976880738,38.85737,-77.12625,1,1
92825,25415961,38.85085,-77.12849,1,1
92826,25415079,38.85069,-77.12955,1,1
92827,983950572,38.85112,-77.13014,1,1
92843,25462172,38.8141,-77.07645,1,1
92844,25416070,38.85501,-77.12275,1,1
92889,25463827,38.85719,-77.09007,1,1
92899,25460576,38.82789,-77.09828,1,1
92921,25462685,38.84018,-77.08627,1,1
92926,25464804,38.84966,-77.08227,1,1
92992,25463744,38.8522,-77.09121,1,1
93005,25413850,38.8179,-77.11501,1,1
93023,968825396,38.84333,-77.08573,1,1
93050,25461200,38.84176,-77.10765,1,1
93099,25413677,38.82508,-77.12687,1,1
93147,25414343,38.83264,-77.11565,1,1
93161,25413849,38.81796,-77.11541,1,1
93265,848140812,38.83395,-77.09863,1,1
93268,25413506,38.81355,-77.12654,1,1
93277,328008534,38.8367,-77.09096,0,0
93302,25462801,38.8478,-77.08398,1,1
93303,968826394,38.84837,-77.084,1,1
93414,25461204,38.84143,-77.10713,1,1
93469,26986427,38.85075,-77.09216,1,1
93470,25413699,38.82404,-77.12424,0,0
93518,25463819,38.85588,-77.08838,1,1
93545,26965797,38.83669,-77.09138,0,0
93552,917398546,38.83495,-77.09817,1,1
93555,852610948,38.83407,-77.10069,0,0
93556,917398547,38.83483,-77.09798,0,0
93557,875590184,38.83434,-77.09793,1,1
93558,917398548,38.83449,-77.09733,1,1
93580,25461719,38.84792,-77.09453,1,1
93611,25415040,38.85007,-77.13021,1,1
93617,25463818,38.85587,-77.08856,1,1
93629,810350125,38.82605,-77.1301,1,1
93631,25412788,38.82642,-77.12961,1,1
93632,810350127,38.82667,-77.12911,1,1
93633,25412792,38.82562,-77.12866,1,1
93634,810350126,38.82583,-77.12898,1,1
93651,25462047,38.82893,-77.08464,1,1
93655,25460568,38.82826,-77.10052,1,1
93659,25462032,38.8283,-77.08639,1,1
93680,25413500,38.81377,-77.12707,1,1
93711,25462036,38.82607,-77.08498,1,1
93721,26965807,38.84428,-77.08148,0,0
93824,25460950,38.83057,-77.10623,1,1
93825,25464742,38.8536,-77.08732,1,1
93834,25414022,38.8284,-77.11118,1,1
93875,25463810,38.85536,-77.0886,1,1
93901,25462750,38.84204,-77.08437,1,1
93903,25462019,38.82535,-77.08519,1,1
93935,303563263,38.84451,-77.12302,1,1
93973,25415960,38.85078,-77.12845,1,1
94024,25463815,38.8555,-77.08841,1,1
94063,25462691,38.84052,-77.08606,1,1
94093,25460530,38.82371,-77.10269,1,1
94118,25462043,38.8267,-77.0849,1,1
94119,25462044,38.82739,-77.08485,1,1
94144,25413695,38.82434,-77.12477,1,1
94156,975199568,38.84786,-77.0782,0,0
94185,25462046,38.8282,-77.08474,1,1
94194,25414336,38.83089,-77.11379,1,1
94209,25413661,38.82214,-77.1256,1,1
94227,285275580,38.83108,-77.10708,1,1
94285,25463804,38.85458,-77.08843,1,1
94287,25463820,38.85669,-77.08836,1,1
94304,25463362,38.85251,-77.10343,1,1
94336,25460546,38.82246,-77.09925,1,1
94406,1073157701,38.82529,-77.08509,1,1
94407,983957611,38.82503,-77.0847,1,1
94408,287915109,38.83489,-77.09779,0,0
94409,975199091,38.83522,-77.09656,0,0
94416,25462660,38.83883,-77.07916,1,1
94462,25463798,38.85685,-77.08972,1,1
94493,25463806,38.85503,-77.08842,1,1
94509,25413683,38.82786,-77.12674,1,1
94529,25462756,38.84173,-77.08385,1,1
94597,843742743,38.83252,-77.1063,0,0
94598,25460960,38.83211,-77.10771,0,0
94677,25461362,38.84442,-77.10024,1,1
94740,25414341,38.83042,-77.11328,1,1
94806,25416457,38.85041,-77.11082,1,1
94827,25461198,38.84145,-77.10827,1,1
94857,25414301,38.83402,-77.11839,1,1
94920,25462743,38.8416,-77.08378,1,1
94922,25416509,38.85212,-77.10858,1,1
94924,25461219,38.84178,-77.10755,1,1
94950,25462805,38.84925,-77.08431,1,1
94967,19458608,38.81364,-77.12716,1,1
95032,25463470,38.85739,-77.10055,1,1
95037,801665890,38.82709,-77.12817,1,1
95038,810354498,38.82753,-77.12732,1,1
95052,25461721,38.84788,-77.09437,1,1
95053,25415060,38.8505,-77.12951,1,1
95096,25414631,38.84116,-77.10875,1,1
95116,25461792,38.84476,-77.08954,1,1
95146,25461626,38.83702,-77.09024,0,0
95188,25460909,38.82479,-77.08872,1,1
95191,25462112,38.8259,-77.07822,1,1
95198,25462620,38.83344,-77.07956,1,1
95231,25413449,38.81342,-77.12663,1,1
95237,25462727,38.84118,-77.08462,0,0
95240,303932281,38.84284,-77.12218,1,1
95241,976873381,38.8441,-77.12273,1,1
95267,25413654,38.82082,-77.12394,1,1
95298,285275846,38.83362,-77.09601,1,1
95332,25414637,38.84356,-77.11072,1,1
95362,25414563,38.84517,-77.11579,1,1
95364,25462486,38.82904,-77.08597,1,1
95417,25414642,38.8428,-77.1092,1,1
95440,25463191,38.84263,-77.07546,1,1
95441,976872611,38.84301,-77.07677,1,1
95505,19463860,38.84526,-77.11607,1,1
95514,25414423,38.8302,-77.11287,0,0
95549,25461258,38.84208,-77.10615,1,1
95561,25461202,38.84168,-77.10744,1,1
95670,335450786,38.85232,-77.1047,1,1
95671,838166289,38.85234,-77.10412,1,1
95672,838166287,38.85218,-77.10307,1,1
95673,25463413,38.85205,-77.10292,1,1
95674,25463365,38.85284,-77.10316,1,1
95675,838166286,38.85303,-77.10291,1,1
95676,25462034,38.82883,-77.08608,1,1
95748,25463826,38.85699,-77.08813,1,1
95760,25413692,38.82442,-77.12521,1,1
95775,25414344,38.83254,-77.11554,1,1
95785,25462931,38.84769,-77.07853,0,0
95801,25461730,38.8488,-77.09367,1,1
95807,25412586,38.8144,-77.13057,1,1
95841,819242905,38.83807,-77.10388,1,1
95842,976871981,38.83833,-77.10419,1,1
95850,25414610,38.84415,-77.11286,1,1
95851,976871978,38.84438,-77.11355,1,1
95853,976871979,38.822,-77.08033,1,1
95854,25462074,38.82137,-77.07962,1,1
95932,25414241,38.84677,-77.12573,1,1
95945,25462786,38.84468,-77.08488,1,1
95946,848140758,38.8464,-77.0836,1,1
95972,25461726,38.84831,-77.09404,1,1
95991,25461706,38.84687,-77.09518,1,1
96024,25463748,38.85262,-77.09066,1,1
96060,25415989,38.85293,-77.12403,1,1
96061,285275845,38.83544,-77.09906,1,1
96069,25464752,38.85105,-77.08455,1,1
96103,303904105,38.84569,-77.11678,1,1
96162,19458606,38.81422,-77.13054,1,1
96165,26965791,38.82786,-77.11803,0,0
96181,25414615,38.84361,-77.11131,1,1
96210,25462822,38.8434,-77.08211,1,1
96212,25461131,38.83637,-77.1008,1,1
96241,25462532,38.83485,-77.08542,1,1
96252,25461408,38.83329,-77.09556,1,1
96272,25462195,38.81744,-77.07532,1,1
96274,25462023,38.82759,-77.0872,1,1
96302,848140869,38.85598,-77.12427,1,1
96303,25416027,38.85589,-77.12414,1,1
96317,25414564,38.84529,-77.11566,1,1
96347,25461078,38.83394,-77.10064,0,0
96371,25462645,38.83571,-77.07972,1,1
96426,848140814,38.83402,-77.09968,0,0
96427,848140813,38.83361,-77.09909,1,1
96428,25461100,38.83338,-77.09965,1,1
96444,25461723,38.84837,-77.09415,1,1
96464,25463824,38.85695,-77.08829,1,1
96500,25463232,38.84922,-77.0771,0,0
96503,25462618,38.8326,-77.07964,1,1
96537,25412609,38.81419,-77.1289,1,1
96540,25462030,38.82679,-77.08629,1,1
96557,25462113,38.82558,-77.07765,1,1
96589,25461171,38.83533,-77.09914,1,1
96614,25462359,38.82491,-77.07533,1,1
96730,25461513,38.83581,-77.09633,1,1
96758,25462808,38.84004,-77.08222,1,1
96763,25462739,38.84141,-77.08373,1,1
96810,285275844,38.83567,-77.09977,1,1
96840,25415038,38.84978,-77.12997,1,1
96913,25462724,38.83976,-77.08436,1,1
96917,25413828,38.81827,-77.11748,1,1
96919,285274132,38.81912,-77.12829,1,1
96935,25463742,38.85194,-77.09141,1,1
96949,25416424,38.85482,-77.11504,1,1
96950,968587738,38.85497,-77.11453,1,1
96960,25412611,38.81475,-77.1291,1,1
97070,26986429,38.85086,-77.09223,1,1
97075,838166288,38.85301,-77.10393,1,1
97076,968328452,38.85367,-77.10458,1,1
97151,25414459,38.83037,-77.11025,1,1
97172,25461201,38.84166,-77.10755,1,1
97273,25413486,38.81535,-77.12844,1,1
97303,25414456,38.82975,-77.11022,1,1
97326,26965806,38.84424,-77.08141,1,1
97374,984064889,38.81373,-77.12987,1,1
97375,25412556,38.81315,-77.13043,1,1
97377,25414580,38.84647,-77.1139,1,1
97378,968325784,38.84682,-77.11368,1,1
97386,25463800,38.8562,-77.08923,1,1
97434,25413462,38.813,-77.12512,1,1
97459,25461712,38.84723,-77.09506,1,1
97543,25414032,38.82776,-77.11051,1,1
97585,25462819,38.84345,-77.08244,0,0
97599,25461634,38.83831,-77.08832,0,0
97611,25462867,38.84822,-77.08045,1,1
97624,25414187,38.83715,-77.11935,1,1
97720,947714185,38.85579,-77.10812,1,1
97721,983964901,38.85587,-77.10839,1,1
97722,25414656,38.84864,-77.1127,1,1
97724,983964903,38.85238,-77.10795,1,1
97726,25416511,38.85228,-77.10858,1,1
97728,968585284,38.84669,-77.09551,1,1
97729,838169137,38.84639,-77.09578,1,1
97760,25463745,38.85213,-77.09109,1,1
97776,25460303,38.81789,-77.10791,1,1
97802,838169136,38.84598,-77.09635,1,1
97803,25461689,38.84578,-77.09667,1,1
97804,838169135,38.84646,-77.09554,1,1
97806,25412612,38.81446,-77.12919,1,1
97811,25461773,38.84552,-77.09207,1,1
97812,838169134,38.84669,-77.0948,1,1
97814,838169133,38.8471,-77.09561,1,1
97815,25461709,38.84693,-77.0953,1,1
97859,25463353,38.85231,-77.10527,1,1
97908,25461172,38.83546,-77.09879,1,1
97939,25416481,38.85034,-77.1107,1,1
97964,25414556,38.84389,-77.11551,1,1
97997,25461728,38.84886,-77.09377,1,1
98064,25461157,38.83572,-77.09959,1,1
98069,25462025,38.82771,-77.08733,1,1
98070,801563602,38.82799,-77.08694,1,1
98094,25462169,38.81413,-77.07694,1,1
98162,90700612,38.84878,-77.08411,1,1
98165,25414240,38.84895,-77.12647,1,1
98167,25414437,38.83028,-77.11309,1,1
98171,25461501,38.83412,-77.09579,1,1
98172,801564101,38.83543,-77.0941,1,1
98185,287913913,38.84217,-77.10518,1,1
98193,25461631,38.83788,-77.08816,1,1
98194,25461627,38.83764,-77.08966,0,0
98202,25463766,38.85322,-77.08944,1,1
98217,25460820,38.82761,-77.09638,1,1
98234,25462029,38.82836,-77.08658,1,1
98285,311289778,38.85516,-77.08859,1,1
98313,25414315,38.83085,-77.11463,1,1
98318,19463868,38.83776,-77.08465,1,1
98350,25462579,38.83787,-77.08474,1,1
98363,976906690,38.82927,-77.11323,1,1
98367,968645228,38.82874,-77.11206,1,1
98403,25463791,38.85769,-77.09033,1,1
98424,25416486,38.85094,-77.11002,1,1
98425,968110775,38.85146,-77.10948,1,1
98432,303932338,38.84203,-77.11844,1,1
98456,25462915,38.84752,-77.07991,1,1
98540,335450770,38.84203,-77.10513,1,1
98623,25462658,38.8371,-77.07939,1,1
98704,976907558,38.84535,-77.09735,1,1
98705,25461677,38.84526,-77.09759,1,1
98719,25460859,38.82734,-77.09328,1,1
98785,287913914,38.84226,-77.1049,1,1
98810,25461713,38.84716,-77.09493,1,1
98847,25414186,38.8383,-77.12018,1,1
98867,976902577,38.83907,-77.0852,1,1
98868,976902576,38.84203,-77.08509,1,1
98870,25462708,38.84192,-77.08537,1,1
98931,25461049,38.83919,-77.1051,1,1
98992,25412589,38.81385,-77.12995,1,1
99053,25414346,38.83272,-77.11549,1,1
99118,25461690,38.84569,-77.09657,1,1
99216,25413834,38.81808,-77.11621,1,1
99263,25463802,38.85462,-77.08859,1,1
99320,25462833,38.84094,-77.07888,1,1
99402,25412789,38.82636,-77.12954,1,1
99404,25463382,38.85733,-77.1064,1,1
99486,25462810,38.8399,-77.0816,1,1
99500,25461630,38.83781,-77.08834,1,1
99516,25461473,38.83467,-77.09736,0,0
99577,25463774,38.85448,-77.08865,1,1
99583,25462122,38.82676,-77.07847,1,1
99617,25414630,38.84122,-77.10886,1,1
99625,25460949,38.83052,-77.10626,1,1
99635,25414638,38.8434,-77.11071,1,1
99695,19463869,38.83828,-77.08466,1,1
99712,25461732,38.84899,-77.09354,1,1
99749,25461717,38.84747,-77.09469,1,1
99750,25462823,38.84337,-77.08196,0,0
99836,25460504,38.82436,-77.10521,1,1
99862,25414313,38.82961,-77.11529,1,1
99863,850849826,38.83062,-77.11273,1,1
99864,850849827,38.82993,-77.11465,1,1
99874,25462768,38.84434,-77.08559,1,1
99892,25414188,38.83697,-77.11922,1,1
99905,25462068,38.81978,-77.07791,1,1
99933,19463863,38.83082,-77.09237,1,1
99991,25462202,38.81375,-77.07407,1,1
100006,25414424,38.8302,-77.11287,1,1
100093,25413913,38.81562,-77.10889,1,1
100150,25460892,38.82294,-77.08893,1,1
100162,25463812,38.8555,-77.08859,1,1
100207,26965798,38.83332,-77.10294,0,0
100214,25461130,38.83627,-77.10093,1,1
100343,25462608,38.83049,-77.07973,1,1
100429,25462192,38.81878,-77.0768,1,1
100435,25416019,38.85687,-77.12565,1,1
100467,25462063,38.82343,-77.08222,1,1
100492,25414345,38.83262,-77.11541,1,1
100537,335450764,38.84211,-77.10565,1,1
100539,976902374,38.84159,-77.07572,1,1
100542,25462839,38.84155,-77.07808,1,1
100543,25463166,38.84166,-77.07689,1,1
100556,25415962,38.85089,-77.12809,1,1
100569,25414472,38.83095,-77.10846,1,1
100580,25461407,38.83355,-77.09615,1,1
100590,25461465,38.83474,-77.0978,0,0
100611,25461168,38.83498,-77.09808,1,1
100653,25462360,38.82483,-77.07502,1,1
100667,335450785,38.85246,-77.1047,1,1
100745,25461451,38.83113,-77.09276,1,1
100769,25462899,38.84514,-77.07818,1,1
100846,25463769,38.85362,-77.08911,1,1
100847,25463768,38.85366,-77.08923,1,1
100848,949521413,38.85396,-77.08902,1,1
100849,949521412,38.85392,-77.08888,1,1
100914,25462730,38.8407,-77.08394,1,1
100931,25414288,38.84134,-77.12067,1,1
100954,25461475,38.83484,-77.09795,0,0
101090,948135617,38.85142,-77.0918,1,1
101091,949522116,38.85161,-77.09166,1,1
101092,948135618,38.85131,-77.09173,1,1
101093,949522117,38.85155,-77.09154,1,1
101094,25416483,38.85103,-77.11014,1,1
101117,877774416,38.85607,-77.10043,1,1
101152,25414277,38.84157,-77.12162,1,1
101233,311291737,38.83872,-77.10478,1,1
101319,25414089,38.83176,-77.12412,1,1
101389,25462737,38.84093,-77.08384,1,1
101394,303583595,38.8413,-77.1214,1,1
101483,25414269,38.84153,-77.12174,1,1
101555,25414275,38.84128,-77.12155,1,1
101581,25463341,38.8524,-77.10779,1,1
101587,25416558,38.8567,-77.10853,1,1
101590,801351439,38.84302,-77.08425,1,1
101614,813262473,38.81511,-77.12809,1,1
101631,25462697,38.84123,-77.0853,1,1
101992,801356973,38.84495,-77.07959,1,1
101993,25462828,38.84436,-77.08109,0,0
102005,968119107,38.84963,-77.11167,1,1
102006,968119109,38.84977,-77.11131,1,1
102007,25414655,38.84854,-77.11257,1,1
102008,968119110,38.85572,-77.10043,1,1
102009,800793098,38.85543,-77.10048,1,1
102010,968119106,38.85241,-77.10706,1,1
102011,25463342,38.8524,-77.10762,1,1
102199,25414296,38.84621,-77.11876,1,1
102200,25414297,38.84636,-77.11868,1,1
102313,26953762,38.8407,-77.10651,1,1
102314,819223329,38.84118,-77.10708,1,1
102315,819223330,38.84123,-77.10696,1,1
102316,26947489,38.84067,-77.10659,1,1
102329,880283760,38.82886,-77.11069,1,1
102330,1010646000,38.82945,-77.11037,1,1
102380,25415959,38.84924,-77.12673,1,1
102429,25462675,38.83936,-77.08636,0,0
102448,25461718,38.84757,-77.09479,1,1
102457,25462868,38.84847,-77.08068,1,1
102519,25464737,38.85172,-77.08547,1,1
102554,25461564,38.8292,-77.0903,1,1
102618,25415970,38.85107,-77.12756,1,1
102626,25463779,38.85416,-77.08779,1,1
102633,25414185,38.83867,-77.12044,1,1
102660,25415980,38.85163,-77.12608,1,1
102700,25414491,38.83885,-77.11104,1,1
102731,25414568,38.84486,-77.11494,1,1
102772,275995106,38.83712,-77.09039,0,0
102799,303937477,38.82729,-77.0941,1,1
102835,25460928,38.82739,-77.08796,1,1
102987,303896577,38.84342,-77.1158,1,1
103016,25413729,38.81914,-77.12071,1,1
103086,25460888,38.82018,-77.08924,1,1
103088,25460979,38.82941,-77.10375,1,1
103189,25460977,38.82964,-77.10434,1,1
103190,25460739,38.81732,-77.08908,1,1
103198,25461124,38.83537,-77.10049,1,1
103213,25414035,38.82682,-77.10936,1,1
103214,287913956,38.84215,-77.10484,1,1
103248,25462513,38.83292,-77.08539,1,1
103306,25460547,38.82278,-77.10005,1,1
103328,25462804,38.84856,-77.08404,1,1
103342,25460966,38.83222,-77.10776,1,1
103366,25462511,38.83204,-77.08537,1,1
103398,303937478,38.82739,-77.09409,1,1
103413,335450788,38.85376,-77.1018,1,1
103428,25462607,38.82947,-77.07939,1,1
103430,25464741,38.85339,-77.08713,1,1
103646,25414427,38.83019,-77.11257,1,1
103649,25462711,38.84281,-77.08566,1,1
103654,25461731,38.84904,-77.0936,1,1
103684,25463366,38.85275,-77.10307,1,1
103752,25413857,38.81744,-77.11332,1,1
103835,810376932,38.82198,-77.12598,1,1
103836,25413639,38.82083,-77.12741,1,1
103837,810376933,38.82415,-77.12303,1,1
103839,25413662,38.8222,-77.12568,1,1
103840,810376931,38.82305,-77.12456,1,1
103841,810376930,38.82258,-77.12518,1,1
103845,25461209,38.83998,-77.10579,1,1
103947,25462197,38.81806,-77.076,1,1
104031,25460507,38.82408,-77.10418,1,1
104077,25413907,38.81586,-77.11066,1,1
104078,983937320,38.81593,-77.1111,1,1
104117,25460891,38.82248,-77.08899,1,1
104356,25414569,38.845,-77.11487,1,1
104365,968782445,38.83011,-77.11459,1,1
104380,976908477,38.83635,-77.07959,1,1
104381,25462646,38.83623,-77.07962,1,1
104450,25461218,38.8421,-77.10793,1,1
104451,811161558,38.84248,-77.10846,1,1
104452,811161559,38.84188,-77.10709,1,1
104485,984135124,38.83071,-77.11116,1,1
104622,969210382,38.84486,-77.07798,1,1
104623,303933008,38.84451,-77.07774,1,1
104659,952285554,38.81328,-77.08922,1,1
104670,976912516,38.82651,-77.109,1,1
104671,25414027,38.82623,-77.10864,1,1
104698,303583601,38.84456,-77.12292,1,1
104699,976912851,38.8456,-77.12398,1,1
104700,25414290,38.84501,-77.12342,1,1
104701,976912852,38.8457,-77.12394,1,1
104702,25414291,38.84506,-77.1233,1,1
104705,25462721,38.8399,-77.08508,1,1
104706,976912788,38.84111,-77.08388,1,1
104758,976913328,38.82642,-77.08124,1,1
104759,25462095,38.82639,-77.08094,1,1
104761,25462089,38.82634,-77.08056,1,1
104762,976913327,38.82635,-77.08062,1,1
104778,968745542,38.84395,-77.08568,1,1
104779,25462716,38.8436,-77.08572,1,1
104789,968745541,38.84354,-77.08572,1,1
104803,25413997,38.81892,-77.10838,1,1
104804,952280550,38.81942,-77.10864,1,1
104805,952280549,38.82047,-77.10873,1,1
104806,25413998,38.8195,-77.10867,1,1
104979,25462111,38.82603,-77.07865,1,1
104981,976915993,38.82604,-77.07872,1,1
105016,976916835,38.82678,-77.08612,1,1
105020,25414504,38.83421,-77.10897,1,1
105021,25414505,38.83426,-77.10882,1,1
105027,1010748678,38.82686,-77.0871,1,1
105028,875250296,38.82682,-77.08668,1,1
105029,1010748679,38.82696,-77.08754,1,1
105052,976917432,38.84045,-77.08389,1,1
105053,947711782,38.8404,-77.08381,1,1
105091,880672288,38.83139,-77.10737,1,1
105092,25460941,38.83138,-77.10741,1,1
105349,976922534,38.82469,-77.10609,1,1
105350,25460484,38.82453,-77.10571,1,1
105351,976922535,38.8158,-77.11018,1,1
105666,25462120,38.82775,-77.07881,1,1
105667,976925516,38.829,-77.07924,1,1
105676,811153212,38.8375,-77.1139,1,1
105677,25414391,38.83713,-77.11424,1,1
105678,811153211,38.83861,-77.11145,1,1
105679,25414392,38.83705,-77.1141,1,1
105680,811153210,38.83855,-77.1106,1,1
105681,811153209,38.83948,-77.11059,1,1
105682,25414490,38.83901,-77.11115,1,1
105683,25462533,38.83483,-77.08525,1,1
105684,969221493,38.83521,-77.0851,1,1
105991,25463710,38.84976,-77.09309,1,1
105992,871479120,38.85006,-77.09286,1,1
106005,871479445,38.84998,-77.09276,1,1
106025,25463832,38.85782,-77.08801,1,1
106116,25414646,38.84429,-77.1128,1,1
106117,1051387117,38.84432,-77.11526,1,1
106118,1051387119,38.84465,-77.11384,1,1
106119,1051387118,38.84452,-77.11346,1,1
106120,1051387115,38.84507,-77.11553,1,1
106123,1051387116,38.84452,-77.11514,1,1
106124,1051387121,38.84529,-77.11467,1,1
106126,1051387122,38.84566,-77.11443,1,1
106127,1051387120,38.84548,-77.11455,1,1
106192,25461715,38.84745,-77.09489,1,1
106241,26965810,38.85122,-77.07574,0,0
106302,25414594,38.84734,-77.11336,1,1
106335,25415985,38.85256,-77.12475,1,1
106350,25462815,38.83963,-77.08073,1,1
106376,25461269,38.84265,-77.10428,1,1
106402,25461891,38.81464,-77.08263,1,1
106406,303932395,38.84572,-77.11439,1,1
106434,25414310,38.83298,-77.11598,1,1
106439,25414469,38.83065,-77.10916,1,1
106475,25462515,38.83387,-77.08542,1,1
106488,25414141,38.83373,-77.1198,1,1
106495,25460553,38.82195,-77.09793,1,1
106511,25462856,38.84513,-77.08072,0,0
106512,25460922,38.82699,-77.08822,1,1
106515,25415976,38.85175,-77.12615,1,1
106516,25462489,38.82984,-77.08555,1,1
106552,811276555,38.83369,-77.11645,1,1
106553,811276554,38.83668,-77.11439,1,1
106554,232861837,38.83331,-77.11607,1,1
106555,811276553,38.83479,-77.11628,1,1
106556,801665888,38.83443,-77.11653,1,1
106557,811276552,38.83394,-77.11904,1,1
106559,25414142,38.83384,-77.11982,1,1
106565,25462889,38.84673,-77.07934,0,0
106636,25415074,38.85049,-77.12918,1,1
106657,25461541,38.8356,-77.09466,0,0
106746,25416051,38.85422,-77.12237,1,1
106749,25462616,38.83186,-77.07989,1,1
106765,25462854,38.84511,-77.08117,1,1
106770,970095063,38.83468,-77.11774,1,1
106771,970095061,38.8462,-77.0803,1,1
106820,25416554,38.85664,-77.10875,1,1
106830,25462696,38.84161,-77.08571,1,1
106833,25416524,38.85592,-77.11219,1,1
106882,25462121,38.82662,-77.07842,1,1
106892,25414264,38.84049,-77.12142,1,1
106962,25461476,38.83479,-77.0976,0,0
106967,25415075,38.85049,-77.12918,1,1
107036,25462564,38.83623,-77.08489,1,1
107065,25414639,38.84352,-77.11063,1,1
107105,25413619,38.81918,-77.12842,1,1
107108,25414419,38.8298,-77.11256,1,1
107137,25462719,38.83918,-77.08495,1,1
107232,25414627,38.84065,-77.1092,1,1
107253,25461365,38.84479,-77.09906,1,1
107257,335450771,38.84306,-77.1033,1,1
107273,303918626,38.84977,-77.09999,1,1
107297,25463213,38.84246,-77.07472,1,1
107355,25414431,38.82926,-77.11204,1,1
107364,25416020,38.85644,-77.12499,1,1
107400,19463867,38.82897,-77.08619,1,1
107414,25413751,38.82494,-77.12183,1,1
107441,25415971,38.84922,-77.12702,1,1
107479,25415039,38.85016,-77.13028,1,1
107515,25460819,38.82751,-77.0964,1,1
107529,335450787,38.85383,-77.1019,1,1
107542,25416423,38.85477,-77.11522,1,1
107543,25462911,38.84731,-77.07975,1,1
107560,25416550,38.85638,-77.1098,1,1
107659,25460919,38.82806,-77.08907,1,1
107769,25460575,38.82779,-77.09829,1,1
107770,335450754,38.83474,-77.08543,1,1
107815,25461409,38.83364,-77.09577,1,1
107827,25413622,38.81975,-77.128,1,1
107993,25462018,38.82615,-77.08638,1,1
108083,25460924,38.82708,-77.08811,1,1
108201,25463338,38.85227,-77.10778,1,1
108212,335450772,38.84296,-77.10325,1,1
108242,25462897,38.84494,-77.07804,1,1
108276,25460958,38.83196,-77.10776,0,0
108300,25413743,38.82456,-77.12241,1,1
108337,328008535,38.83254,-77.10578,0,0
108344,25414353,38.83493,-77.11776,1,1
108351,25460858,38.82724,-77.09329,1,1
108355,25416066,38.85338,-77.1203,1,1
108436,25462798,38.8473,-77.08391,1,1
108448,19458588,38.85092,-77.12831,1,1
108461,26965570,38.82919,-77.08461,1,1
108478,25460708,38.81345,-77.08924,1,1
108516,25462208,38.81558,-77.07326,1,1
108540,25414476,38.83159,-77.10892,0,0
108585,25462912,38.84731,-77.07975,1,1
108593,25463340,38.85227,-77.10762,1,1
108611,25414361,38.83422,-77.11697,1,1
108645,25463469,38.85751,-77.10068,1,1
108649,19458589,38.85059,-77.1297,1,1
108704,25462565,38.8362,-77.08473,1,1
108728,25414443,38.83078,-77.11229,1,1
108889,25460890,38.822,-77.08903,1,1
108955,25462516,38.83387,-77.08528,1,1
108962,1053793713,38.82962,-77.11297,1,1
108963,25414020,38.82859,-77.11149,1,1
108964,1053793712,38.82962,-77.11297,1,1
108966,1053793715,38.82907,-77.11432,1,1
108967,1053793714,38.82891,-77.11473,1,1
108968,303932412,38.82861,-77.11556,1,1
108977,25415988,38.85281,-77.12389,1,1
108987,800443561,38.85035,-77.08345,1,1
108988,25464805,38.84979,-77.08251,1,1
109031,25416067,38.85352,-77.11965,1,1
109056,25413490,38.81542,-77.12859,1,1
109088,25461234,38.84183,-77.10675,1,1
109129,25461480,38.83403,-77.09642,1,1
109144,25461601,38.83655,-77.09133,0,0
109159,25463747,38.85274,-77.09069,1,1
109202,335450753,38.83471,-77.08527,1,1
109265,25462171,38.81411,-77.07658,1,1
109319,303590578,38.85011,-77.13011,1,1
109357,25464749,38.85017,-77.08479,1,1
109430,25415071,38.85041,-77.12935,1,1
109475,25413698,38.82404,-77.12424,1,1
109532,25414416,38.83017,-77.11295,1,1
109543,25415987,38.85242,-77.12466,1,1
109561,328008536,38.83265,-77.10585,0,0
109587,25464750,38.85004,-77.08472,1,1
109591,25460962,38.83199,-77.10764,0,0
109733,811275352,38.84183,-77.11905,1,1
109775,25463381,38.85729,-77.10652,1,1
109803,25460742,38.81842,-77.08943,1,1
110134,968741046,38.85284,-77.08664,1,1
110135,25464740,38.85264,-77.08646,1,1
110146,25463833,38.8578,-77.08789,1,1
110160,1053454737,38.85398,-77.11794,1,1
110161,287913637,38.8536,-77.11934,1,1
110263,975129718,38.8568,-77.08978,1,1
110264,25463799,38.85618,-77.08931,1,1
110340,819778077,38.84907,-77.09896,1,1
110511,25460961,38.83199,-77.10764,1,1
110512,811285281,38.83176,-77.10764,1,1
110513,25460957,38.83196,-77.10776,1,1
110584,25463775,38.8544,-77.08851,1,1
110629,25414006,38.82161,-77.10875,1,1
110652,25462512,38.83203,-77.08521,1,1
110698,26965803,38.83753,-77.08954,0,0
110733,25461214,38.84172,-77.10672,1,1
110765,25413714,38.81999,-77.12271,1,1
110766,25463411,38.85077,-77.10136,1,1
110776,25413618,38.81859,-77.11886,1,1
110792,25462379,38.82386,-77.07359,1,1
110860,25461507,38.83532,-77.09567,0,0
110863,25415969,38.85116,-77.12761,1,1
110885,25462514,38.83292,-77.08525,1,1
110948,984144920,38.82659,-77.08345,1,1
110949,25462090,38.82645,-77.08164,1,1
110991,970113826,38.84111,-77.08412,0,0
110992,25462686,38.84015,-77.08514,0,0
110993,970113825,38.8454,-77.08022,0,0
111030,25463410,38.85104,-77.1017,1,1
111081,25412602,38.81424,-77.12939,1,1
111120,824744176,38.84476,-77.11418,1,1
111278,801665887,38.83404,-77.1168,1,1
111285,801665895,38.83009,-77.11097,1,1
111290,801665891,38.82791,-77.12681,1,1
111294,801665892,38.82684,-77.12879,1,1
111383,880294020,38.83296,-77.09514,1,1
111384,25461457,38.83248,-77.09451,1,1
111385,880294019,38.83286,-77.09525,1,1
111386,25461456,38.83237,-77.09461,1,1
111387,25461137,38.83648,-77.10142,1,1
111388,880294017,38.83677,-77.10197,1,1
111389,25461606,38.83689,-77.09126,0,0
111390,880294015,38.83719,-77.09061,0,0
111391,19463861,38.83665,-77.10135,1,1
111392,880294016,38.83691,-77.10186,1,1
111393,25461608,38.83687,-77.09056,0,0
111394,880294013,38.83694,-77.09041,0,0
111395,328008533,38.83683,-77.09104,0,0
111396,880294014,38.83706,-77.09052,0,0
111543,328008532,38.85252,-77.07475,0,0
111556,801669181,38.81586,-77.08513,1,1
111557,25461887,38.81538,-77.08397,1,1
111558,19463866,38.83004,-77.10518,1,1
111559,801669179,38.8291,-77.10293,1,1
111560,801669180,38.83032,-77.10573,1,1
111561,25460974,38.82996,-77.10528,1,1
111562,801669178,38.83027,-77.10579,1,1
111571,801669184,38.81418,-77.0807,1,1
111573,25460482,38.82495,-77.10656,1,1
111574,801669182,38.82583,-77.10809,1,1
112175,25460815,38.8276,-77.09698,1,1
112176,801678702,38.82774,-77.09734,1,1
112177,25460816,38.82768,-77.09698,1,1
112178,801678703,38.81538,-77.07304,1,1
112180,25462039,38.82412,-77.08331,1,1
112181,801678705,38.82717,-77.09231,1,1
112182,801678704,38.82728,-77.09232,1,1
112340,25461676,38.84536,-77.09767,1,1
112341,25463345,38.85228,-77.10713,1,1
112342,871449299,38.84556,-77.09714,1,1
112462,947753445,38.8523,-77.10579,1,1
112463,947753446,38.85231,-77.10549,1,1
112464,947753449,38.85242,-77.10666,1,1
112465,947753455,38.85243,-77.10621,1,1
112466,947753448,38.85245,-77.10552,1,1
112467,872836302,38.85244,-77.10586,1,1
112468,871449301,38.85229,-77.10653,1,1
112469,947753450,38.8523,-77.10613,1,1
112507,25461948,38.8145,-77.08225,1,1
112508,976962359,38.81452,-77.08231,1,1
112515,25461953,38.81419,-77.08013,1,1
112516,976962362,38.81419,-77.08006,1,1
113079,880283759,38.82901,-77.11382,1,1
113080,880283762,38.82687,-77.12014,0,0
113081,25413697,38.82413,-77.12439,0,0
113082,26965789,38.83268,-77.10529,0,0
113083,880283754,38.83297,-77.1042,0,0
113084,25460987,38.83278,-77.10541,0,0
113085,880283753,38.8331,-77.10425,0,0
113086,811285282,38.83222,-77.10776,1,1
113087,880283756,38.83266,-77.10799,1,1
113088,26965790,38.83248,-77.10528,0,0
113089,880283755,38.83281,-77.10412,0,0
113090,880283758,38.82986,-77.11158,1,1
113091,25413970,38.82833,-77.1154,1,1
113092,811285283,38.83218,-77.10788,1,1
113093,880283757,38.83262,-77.10811,1,1
113094,338857837,38.84711,-77.12538,1,1
113095,1011235805,38.84725,-77.12524,1,1
113096,25414248,38.84601,-77.12452,1,1
113097,1011235806,38.84652,-77.12533,1,1
113215,947763316,38.84381,-77.07722,1,1
113216,25463181,38.84364,-77.07716,1,1
113222,25462755,38.84173,-77.08385,0,0
113224,947763327,38.84333,-77.08285,1,1
113225,801352649,38.84193,-77.08309,1,1
113227,872219064,38.81285,-77.10957,1,1
113228,1011241594,38.81292,-77.10955,1,1
113303,916290643,38.84355,-77.10135,1,1
113304,335450773,38.84328,-77.10259,1,1
113305,335450774,38.84317,-77.10254,1,1
113306,916290642,38.84364,-77.10144,1,1
113404,947762215,38.84707,-77.09519,1,1
113405,947762216,38.84701,-77.09506,1,1
113508,838264303,38.84907,-77.07783,1,1
113509,838264302,38.84982,-77.07724,1,1
113510,25462945,38.84868,-77.07815,1,1
113525,25414134,38.83322,-77.12247,1,1
113526,25414135,38.83314,-77.12238,1,1
113529,947764406,38.81972,-77.0937,1,1
113530,801669183,38.81841,-77.09214,1,1
113576,968700488,38.84971,-77.09297,1,1
113577,25463711,38.84964,-77.09303,1,1
113586,26965811,38.85116,-77.07559,0,0
113661,25460770,38.82033,-77.09453,1,1
113662,976974211,38.82148,-77.09669,1,1
113667,25461952,38.8142,-77.08106,1,1
113668,976974210,38.81421,-77.08111,1,1
113869,824560511,38.81691,-77.08786,1,1
113870,25461878,38.81668,-77.08723,1,1
114173,917381946,38.82112,-77.12807,0,0
114175,917381945,38.82119,-77.12823,0,0
114176,25412732,38.81942,-77.13057,0,0
114240,949623146,38.83063,-77.08538,1,1
114241,25462488,38.82989,-77.08569,1,1
114242,949623147,38.83061,-77.08525,1,1
114243,949623144,38.83118,-77.08534,1,1
114244,949623145,38.83115,-77.0852,1,1
114250,1010896615,38.84795,-77.12316,1,1
114251,1051169466,38.84787,-77.12346,1,1
114252,1051169469,38.84866,-77.12521,1,1
114253,25414260,38.84835,-77.12432,1,1
114254,1051169468,38.84818,-77.12382,1,1
114255,1051169464,38.84841,-77.12498,1,1
114256,1010898147,38.84736,-77.12513,1,1
114257,1051169465,38.84779,-77.12472,1,1
114258,1010896616,38.8478,-77.12326,1,1
114430,968661743,38.83366,-77.09924,1,1
114432,968661740,38.83905,-77.08746,1,1
114434,287915108,38.83491,-77.09786,1,1
114444,968661745,38.82881,-77.10215,1,1
114445,25460565,38.82868,-77.10181,1,1
114446,25460978,38.82933,-77.10382,1,1
114447,968661744,38.82987,-77.10508,1,1
114494,917381017,38.83474,-77.0978,1,1
114495,917381015,38.83394,-77.10064,1,1
114496,917381016,38.83469,-77.09798,1,1
114536,969071060,38.84401,-77.07599,1,1
114604,831763387,38.82054,-77.12355,1,1
114605,25413712,38.8203,-77.12322,1,1
114839,25414295,38.84785,-77.12288,1,1
114840,25414294,38.8477,-77.12297,1,1
115007,968040937,38.84805,-77.11287,1,1
115012,1010898133,38.84788,-77.12465,1,1
115210,25460564,38.82859,-77.10188,1,1
115211,988920472,38.82919,-77.10345,1,1
115277,800793097,38.85534,-77.10037,1,1
115278,873409757,38.85609,-77.10032,1,1
115696,872836304,38.84545,-77.09706,1,1
115719,811169637,38.84007,-77.12133,1,1
115720,25414263,38.83952,-77.12101,1,1
115842,801711538,38.83156,-77.10997,1,1
115927,25461208,38.83993,-77.10587,1,1
115928,811167641,38.84039,-77.10632,1,1
202731,968633131,38.84719,-77.0783,1,1
206942,19458607,38.81441,-77.13024,1,1
209494,25461474,38.83454,-77.09718,1,1
212098,25412590,38.81423,-77.13027,1,1
214030,25461970,38.81422,-77.07828,1,1
214129,25462560,38.83878,-77.08568,1,1
216478,976902372,38.84167,-77.07756,1,1
217526,25462715,38.84303,-77.08549,1,1
230364,968661742,38.83393,-77.09714,1,1
230370,968661741,38.83567,-77.09623,1,1
