395,25481413,38.87649,-76.99042,1,1
396,25481443,38.87747,-76.99037,0,0
397,1036924959,38.87722,-76.99039,1,1
470,967930207,38.88309,-77.01307,0,0
471,967930206,38.88445,-77.01263,0,0
611,25481388,38.87083,-76.98889,0,0
614,851175736,38.86569,-76.99185,0,0
651,898957044,38.86022,-76.9946,1,1
654,976780384,38.86075,-76.99428,1,1
945,25481379,38.87838,-76.99153,1,1
946,875058582,38.87839,-76.99092,1,1
947,25481300,38.87928,-76.99497,1,1
948,875058581,38.87976,-76.99497,1,1
949,25481315,38.87928,-76.99375,1,1
950,875058580,38.87978,-76.99375,1,1
955,875058573,38.87912,-76.98284,1,1
956,25484208,38.87889,-76.98227,1,1
957,875058574,38.87931,-76.98273,1,1
958,25484209,38.87903,-76.98203,1,1
959,25481322,38.87461,-76.99117,0,0
960,875058565,38.8754,-76.9911,0,0
961,811111564,38.8748,-76.99155,1,1
962,875058567,38.87544,-76.99153,1,1
963,25481329,38.87507,-76.99096,0,0
964,875058569,38.87538,-76.99092,0,0
965,875058562,38.87945,-76.99838,0,0
966,875058561,38.87979,-76.9982,1,1
967,875058583,38.87927,-76.99212,1,1
968,25481369,38.87927,-76.99263,1,1
978,25481240,38.87399,-76.99115,0,0
1094,877112886,38.89332,-76.98031,1,1
1095,25707277,38.89332,-76.98074,1,1
1103,1036924418,38.87781,-76.99165,0,0
1104,1036924417,38.87854,-76.99497,1,1
1105,1036922765,38.87774,-76.99152,0,0
1106,25481291,38.87837,-76.99497,1,1
1212,816461460,38.87773,-76.9995,1,1
1213,25480988,38.87751,-76.9995,1,1
1278,968965528,38.87366,-76.96092,1,1
1279,25485518,38.87328,-76.96086,1,1
1291,25484618,38.87635,-76.9649,1,1
1292,968965522,38.8767,-76.9642,1,1
1293,968965521,38.8765,-76.9646,1,1
1295,968965516,38.86402,-76.95941,1,1
1296,25485032,38.86289,-76.95919,1,1
1297,968965517,38.86325,-76.95926,1,1
1303,968965513,38.87426,-76.96101,1,1
1304,25485514,38.87379,-76.96094,1,1
1503,1036922755,38.87865,-76.99497,1,1
1504,817115618,38.87649,-76.99077,1,1
1505,26967659,38.87777,-76.99214,0,0
1506,1036922767,38.87649,-76.99056,1,1
1509,25481254,38.87338,-76.9907,0,0
1510,1036922754,38.87895,-76.99498,1,1
1511,1036922758,38.87892,-76.99618,1,1
1512,1036922763,38.87774,-76.99152,1,1
1513,817115621,38.87649,-76.99096,0,0
1538,968965511,38.87783,-76.96195,1,1
1539,25485565,38.8778,-76.96202,1,1
1632,287991431,38.90168,-77.00902,1,1
1633,968993931,38.90179,-77.00902,1,1
1652,886271521,38.90265,-77.0146,0,0
1653,25702982,38.90252,-77.01451,0,0
1664,810460753,38.86023,-76.96624,1,1
1665,25484081,38.85995,-76.96705,1,1
1695,975117878,38.8746,-76.9907,1,1
2024,25484582,38.87386,-76.96988,1,1
2025,968968175,38.87391,-76.97009,1,1
2119,25484952,38.86072,-76.96477,1,1
2120,25484954,38.86132,-76.96313,1,1
2121,886973031,38.86136,-76.96301,1,1
2245,1073215546,38.90021,-77.01104,1,1
2246,839278849,38.90021,-77.01172,1,1
2259,336677789,38.86671,-76.98427,1,1
2260,1059544237,38.86693,-76.98383,1,1
2261,25483709,38.86643,-76.98319,1,1
2262,1059544238,38.86653,-76.98372,1,1
2529,25481390,38.87091,-76.98875,0,0
2530,851175735,38.87178,-76.98966,0,0
2531,875054799,38.86781,-76.98845,1,1
2532,25480857,38.8674,-76.98863,1,1
2533,875054798,38.86535,-76.99214,0,0
2534,875054797,38.86541,-76.99236,0,0
2535,19459568,38.87168,-76.98293,0,0
2536,25484141,38.87187,-76.98209,0,0
2537,875054802,38.87133,-76.98906,0,0
2600,917877625,38.86838,-76.9895,0,0
3144,805733244,38.88864,-76.99153,1,1
3145,25481511,38.8876,-76.99151,1,1
3146,25481547,38.88759,-76.99023,1,1
3147,805733245,38.88864,-76.99023,1,1
3165,25480878,38.86625,-76.9873,1,1
3167,877120819,38.86678,-76.98716,1,1
3369,976369825,38.86293,-76.99196,1,1
3370,25480743,38.86277,-76.99224,1,1
3384,810308331,38.86434,-76.99397,0,0
3385,25480720,38.86416,-76.99442,0,0
3386,810308330,38.86068,-77.00273,0,0
3406,25481559,38.88758,-76.98829,1,1
3407,805732753,38.88759,-76.98648,1,1
3572,810377879,38.87893,-76.96084,1,1
3663,1075293808,38.87099,-76.98444,0,0
3664,945633484,38.86949,-76.98855,0,0
3665,1075293809,38.87126,-76.98407,0,0
3666,1008398963,38.87062,-76.9858,0,0
3667,875054806,38.87195,-76.98235,0,0
3668,1075293807,38.87228,-76.98163,0,0
3669,1075293806,38.87211,-76.982,0,0
3874,25481024,38.87986,-76.99846,1,1
3875,805731983,38.88014,-76.99842,1,1
4109,25707591,38.89155,-76.97131,1,1
4110,810310529,38.89317,-76.97411,1,1
4111,810310530,38.89331,-76.97477,1,1
4715,801652191,38.90205,-77.01424,0,0
4716,801652194,38.90231,-77.01438,0,0
4717,801652195,38.90231,-77.01457,0,0
4718,801652192,38.90214,-77.01448,0,0
4719,801652190,38.90205,-77.01444,0,0
4720,801652193,38.90214,-77.01428,0,0
4835,25479699,38.88038,-77.00911,1,1
5021,25485533,38.87734,-76.96292,1,1
5056,968984877,38.88661,-77.01293,1,1
5057,25479907,38.88647,-77.01275,1,1
5058,968984876,38.88428,-77.01262,0,0
5059,25479796,38.88349,-77.01277,0,0
5060,25479985,38.88389,-77.00904,1,1
5061,886264897,38.88426,-77.00904,1,1
5071,968984878,38.89697,-77.01486,1,1
5141,810312112,38.89998,-76.98203,1,1
5142,25707314,38.89988,-76.98146,1,1
5482,287991725,38.89237,-77.01283,1,1
5483,808034692,38.89256,-77.01258,1,1
5785,809996131,38.87649,-76.99096,1,1
5806,1082241086,38.87819,-76.99231,0,0
5807,1082241087,38.87878,-76.99356,1,1
5808,817115629,38.8781,-76.99153,0,0
5809,816457668,38.87798,-76.99153,1,1
5810,817115628,38.87834,-76.99153,1,1
5811,817115626,38.87785,-76.97995,1,1
5812,25484289,38.87768,-76.97965,1,1
5813,25481325,38.87575,-76.99106,0,0
5814,261458742,38.87587,-76.99086,0,0
5815,25481381,38.87779,-76.99118,0,0
6057,817116353,38.87647,-77.00915,1,1
6058,817116352,38.87647,-77.00904,1,1
6261,947711973,38.88053,-77.00925,1,1
6262,808712700,38.87994,-77.00912,1,1
6315,816520001,38.87799,-76.98064,1,1
6316,817115273,38.87859,-76.98154,1,1
6317,817115271,38.87813,-76.98025,1,1
6318,25484291,38.87769,-76.97958,0,0
6319,25484196,38.87801,-76.98204,0,0
6900,25485704,38.88979,-76.96295,1,1
7121,25480873,38.86886,-76.98818,1,1
7122,992278394,38.87014,-76.9867,0,0
7137,25485012,38.8665,-76.95985,1,1
7141,975243730,38.86548,-76.95967,1,1
7171,25485052,38.86534,-76.95964,1,1
7698,817118933,38.88217,-77.00909,1,1
7699,816457669,38.88186,-77.00905,1,1
7711,810019887,38.8772,-76.97868,0,0
8192,25481018,38.87956,-76.9988,1,1
8193,817118779,38.87966,-76.99865,1,1
8983,25702758,38.89209,-77.01425,0,0
9067,25481019,38.87956,-76.9988,0,0
9068,809930023,38.87982,-76.99973,0,0
9140,975116008,38.87094,-76.98869,0,0
9269,896798274,38.86311,-76.99929,0,0
9270,25480434,38.863,-76.99972,0,0
9271,896798273,38.86302,-76.99909,0,0
9272,25480452,38.86297,-76.99898,1,1
9570,25481161,38.88636,-77.00057,1,1
9571,839276136,38.88654,-77.00102,1,1
9572,825119037,38.88605,-76.99979,1,1
9573,839276137,38.88618,-77.00013,1,1
9574,813013253,38.88617,-76.99958,1,1
9575,839276135,38.88641,-77.00018,1,1
9644,968971273,38.89311,-76.99979,1,1
9645,25703981,38.89311,-77.00021,1,1
9647,968971274,38.89405,-76.99859,1,1
9648,25703996,38.89404,-76.99842,1,1
9656,968971277,38.88507,-77.00327,1,1
9657,25481089,38.88507,-77.00349,1,1
9658,25481143,38.88426,-77.00056,1,1
9659,968971279,38.88491,-77.00056,1,1
9759,886989656,38.88202,-77.00615,1,1
9760,817483126,38.88098,-77.00579,1,1
9767,25479987,38.88508,-77.00905,1,1
9768,886989625,38.88508,-77.00758,1,1
10189,25702858,38.90019,-77.01429,1,1
10190,875050554,38.90016,-77.01485,1,1
10290,958161002,38.86911,-76.98889,0,0
10343,886306778,38.89635,-77.01441,1,1
10344,273126229,38.89568,-77.01424,0,0
10522,25479686,38.87647,-77.00904,1,1
10852,917876705,38.86866,-76.98988,0,0
10853,994351298,38.86901,-76.9894,0,0
10854,994351299,38.86901,-76.9894,1,1
10855,994351300,38.86858,-76.98976,1,1
10856,25480836,38.86802,-76.99022,0,0
10857,953062767,38.86949,-76.98855,1,1
10858,994351297,38.86984,-76.98882,1,1
11026,1082681931,38.87314,-76.97987,0,0
11027,1075293805,38.87258,-76.981,0,0
11028,1082681930,38.87301,-76.97972,0,0
11029,875054805,38.8723,-76.98116,0,0
11030,1082681933,38.86501,-76.99253,0,0
11031,917876703,38.86484,-76.99275,0,0
11032,1082681932,38.86514,-76.99267,0,0
11033,917876701,38.86492,-76.99296,0,0
11034,1082681929,38.87927,-76.9931,1,1
11036,25481453,38.87685,-76.98592,0,0
11037,1082681925,38.87696,-76.98799,0,0
11369,875045084,38.90043,-77.01408,0,0
11370,25702863,38.9002,-77.01407,0,0
11371,875045083,38.90042,-77.01429,0,0
11372,25702859,38.90019,-77.01429,0,0
11378,25702876,38.89886,-77.01243,1,1
11379,875045082,38.8991,-77.01312,1,1
11599,25481119,38.88727,-77.00278,1,1
11600,810028847,38.88748,-77.00327,1,1
11626,25704283,38.90019,-76.9855,1,1
11627,810338257,38.90021,-76.98453,1,1
11672,287991428,38.90116,-77.00901,1,1
11673,946899556,38.90136,-77.0091,1,1
11674,946899555,38.90136,-77.00901,1,1
11675,287991429,38.90116,-77.0091,1,1
11934,25481164,38.88599,-76.99965,1,1
11935,825119036,38.88601,-76.9997,1,1
12073,917874626,38.88016,-76.96516,0,0
12074,25485656,38.88165,-76.96445,0,0
12082,917874632,38.88979,-76.9573,1,1
12147,825118918,38.88602,-76.9992,1,1
12590,807413066,38.89209,-77.01464,1,1
12815,839278845,38.90021,-77.00962,1,1
12816,839278846,38.9002,-77.0083,1,1
12819,839278847,38.9002,-77.00802,1,1
12820,25702925,38.89957,-77.009,1,1
12822,839278848,38.89978,-77.009,1,1
12823,25702882,38.9002,-77.01217,1,1
13096,947171458,38.89012,-76.976,1,1
13097,947171459,38.88948,-76.97507,1,1
13098,950015254,38.89012,-76.97584,1,1
13109,950015256,38.88948,-76.975,1,1
13114,25484669,38.88939,-76.97383,1,1
13117,947171465,38.88992,-76.97383,1,1
13118,947171463,38.8897,-76.97383,1,1
13119,947171457,38.88948,-76.97601,1,1
13120,947171460,38.89012,-76.97508,1,1
13122,25484433,38.89004,-76.9765,1,1
13123,810735538,38.88761,-76.97319,1,1
13124,947171468,38.88763,-76.97276,1,1
13380,25479851,38.88607,-77.01364,1,1
13381,950015301,38.88617,-77.01364,1,1
13501,810847627,38.86252,-76.99527,1,1
13502,947170761,38.86275,-76.99563,1,1
13503,287991781,38.8621,-76.99459,1,1
14050,1025183426,38.90077,-76.99153,1,1
14051,25704219,38.90019,-76.99153,1,1
14052,976936457,38.89145,-76.97365,1,1
14053,25707570,38.89102,-76.97386,1,1
14190,1059550970,38.88229,-76.98402,1,1
14191,25484340,38.88184,-76.98364,1,1
14192,1059550968,38.88828,-76.98641,1,1
14193,25481574,38.88801,-76.98552,1,1
14194,25481173,38.88571,-76.99844,1,1
14195,25481169,38.88562,-76.99875,1,1
14196,839276976,38.88594,-76.99899,1,1
14197,839276977,38.88574,-76.99904,1,1
14200,25484385,38.88299,-76.97898,1,1
14201,1059550972,38.88324,-76.97833,1,1
14202,25481127,38.88759,-77.00132,1,1
14203,839276978,38.8876,-77.00109,1,1
14217,25703908,38.89478,-77.0025,1,1
14218,25703889,38.8952,-77.00351,1,1
14219,839276980,38.89499,-77.00301,1,1
14358,810895911,38.86191,-76.99656,1,1
14360,25480464,38.86316,-76.99835,0,0
14361,931856158,38.86378,-76.99522,0,0
14362,25480505,38.86298,-76.99602,1,1
14363,931856159,38.86372,-76.99459,1,1
14830,977024677,38.89268,-76.98318,1,1
14847,25707259,38.89249,-76.98364,1,1
14861,25704236,38.89251,-76.9883,1,1
14862,977024675,38.89333,-76.98832,1,1
14888,25479723,38.88226,-77.01491,0,0
15108,25479880,38.8857,-77.0131,0,0
15109,25479882,38.88604,-77.01336,1,1
15110,868751388,38.88703,-77.01394,0,0
15354,810396926,38.86008,-76.9676,1,1
16301,1008400939,38.87055,-76.98493,0,0
16302,945790015,38.86916,-76.98832,0,0
16467,25484417,38.88761,-76.97556,1,1
16468,918215841,38.88761,-76.97424,1,1
16550,1064383368,38.90021,-77.00465,1,1
16551,25703942,38.90021,-77.00559,1,1
16552,25702972,38.90021,-77.00644,1,1
16553,1064383359,38.90021,-77.00608,1,1
17032,906920989,38.88301,-77.01276,0,0
17103,946383578,38.89986,-77.01406,0,0
17104,946383581,38.89998,-77.01406,0,0
17105,946383579,38.89978,-77.01427,0,0
17106,946383580,38.89991,-77.01428,0,0
17107,25702861,38.89944,-77.01406,0,0
17108,25702857,38.89951,-77.01425,0,0
17572,872175288,38.87253,-76.99089,1,1
18286,813013257,38.89203,-77.0083,1,1
18293,813013246,38.88589,-76.99989,1,1
18294,25481159,38.8856,-77.00057,1,1
18295,813013247,38.88589,-76.99941,1,1
18297,25481168,38.8861,-76.9994,1,1
18298,813013255,38.88612,-76.99945,1,1
18304,25703988,38.89409,-76.99948,1,1
18305,813013190,38.89311,-76.99964,1,1
18307,813013191,38.89322,-77.00047,1,1
18308,25703987,38.89311,-76.99946,1,1
18309,813013194,38.89311,-76.9994,1,1
18310,813013200,38.89409,-76.99962,1,1
18311,25703986,38.89409,-77.00013,1,1
18312,813013202,38.89396,-77.00044,1,1
18313,25703983,38.89376,-77.00061,1,1
18316,813013211,38.88833,-77.01382,0,0
18317,813013212,38.88813,-77.0138,0,0
18318,25479863,38.88755,-77.01364,0,0
18319,813013213,38.89025,-77.01421,0,0
18370,886278143,38.88277,-77.01167,0,0
18371,25479782,38.88259,-77.01134,0,0
18372,886278144,38.88315,-77.01202,0,0
18398,918214639,38.89749,-76.96781,1,1
18399,918214641,38.8976,-76.96779,1,1
18400,25707692,38.89745,-76.96586,1,1
18423,918214149,38.89,-76.96916,1,1
18424,25484730,38.8898,-76.96817,1,1
18464,957966383,38.87485,-76.97301,0,0
18466,25484327,38.87537,-76.97504,0,0
18467,848135393,38.87505,-76.97544,0,0
18471,957966379,38.87407,-76.96948,1,1
18474,886265125,38.87746,-76.96268,1,1
18475,957966381,38.87768,-76.96226,1,1
18646,1059547233,38.87882,-76.98921,1,1
18647,336677504,38.87846,-76.99008,1,1
18862,809996128,38.87971,-76.99793,1,1
18863,19462892,38.87947,-76.99796,0,0
18864,875069120,38.87956,-76.99828,0,0
18865,875069121,38.87978,-76.99816,1,1
18866,875069122,38.87677,-76.97783,0,0
18867,25484313,38.87629,-76.97686,0,0
18868,25481039,38.87861,-76.99617,1,1
18869,875069118,38.87925,-76.99846,1,1
18870,25481021,38.87916,-76.99723,0,0
18871,875069119,38.87937,-76.99808,0,0
18901,25707291,38.90022,-76.98418,1,1
18902,957971583,38.90052,-76.98486,1,1
18906,957971584,38.89332,-76.98099,1,1
19113,25479988,38.88101,-77.00746,0,0
19114,851195654,38.88121,-77.00828,0,0
19935,25704370,38.90273,-76.99019,1,1
20171,25480511,38.86397,-76.99631,1,1
20176,837721100,38.86397,-76.99589,1,1
20251,19459567,38.86747,-76.99041,0,0
20252,992269678,38.86826,-76.98935,1,1
20326,25707587,38.89475,-76.97439,1,1
20327,808805976,38.89671,-76.97032,1,1
20328,25707613,38.89577,-76.97132,1,1
20329,808805974,38.89485,-76.97423,1,1
20454,816462095,38.88143,-77.00903,1,1
20455,917902682,38.88153,-77.00903,1,1
20456,917902681,38.88167,-77.00902,1,1
20654,816520000,38.88761,-76.97384,1,1
20678,25704246,38.89095,-76.9874,1,1
20679,1062768238,38.89136,-76.9864,1,1
20680,25484285,38.87767,-76.9797,1,1
20987,25707607,38.89827,-76.97307,1,1
20988,947816025,38.89834,-76.9735,1,1
20993,25707620,38.8981,-76.97216,1,1
20994,25707621,38.8982,-76.97213,1,1
20995,947816028,38.8983,-76.97268,1,1
20997,947816029,38.8982,-76.9727,1,1
21005,947816022,38.89844,-76.97347,1,1
21006,25707608,38.89836,-76.97304,1,1
21244,947170263,38.87652,-77.0148,1,1
21246,947170265,38.8764,-77.01479,1,1
21378,287573154,38.89451,-77.01401,0,0
22211,812189849,38.89208,-77.01331,1,1
22212,812153499,38.89208,-77.01354,1,1
22213,25702889,38.89208,-77.01074,1,1
22214,812189847,38.89208,-77.01055,1,1
22215,812189848,38.89188,-77.01391,0,0
22217,312370125,38.89051,-77.01388,0,0
22299,809958890,38.87715,-77.00924,1,1
22300,25479683,38.87647,-77.00927,1,1
22676,839853181,38.88555,-76.99805,1,1
22677,25481158,38.88478,-76.99615,1,1
22818,853790349,38.87215,-76.98974,0,0
22852,25480827,38.86488,-76.98975,1,1
23099,25704000,38.89221,-76.99616,1,1
23103,25702822,38.89561,-77.01424,0,0
23110,25481498,38.8876,-76.99495,1,1
23121,25484478,38.87318,-76.97161,1,1
23241,25704374,38.90194,-76.9883,1,1
23374,25481496,38.8851,-76.99153,1,1
23434,287989843,38.89691,-76.99843,1,1
23451,25485737,38.88931,-76.9597,1,1
23478,25707263,38.89348,-76.98365,1,1
23486,287989892,38.89274,-77.00159,1,1
23559,25480478,38.86239,-76.99767,1,1
23633,25481176,38.88761,-76.99844,1,1
23724,25480751,38.86345,-76.99096,1,1
23804,25707331,38.89315,-76.97516,1,1
23834,322677741,38.88793,-76.98552,1,1
23875,25704282,38.89927,-76.98549,1,1
23900,25481484,38.88126,-76.99154,1,1
23956,25480584,38.85931,-76.9952,1,1
23966,25480772,38.86608,-76.99155,0,0
23973,25479956,38.88094,-77.00927,1,1
23976,25480014,38.88758,-77.009,1,1
24093,25479952,38.88195,-77.00956,1,1
24179,25703994,38.8931,-76.99843,1,1
24229,25484475,38.87277,-76.9721,1,1
24321,19462876,38.8924,-77.00224,1,1
24336,25704222,38.89036,-76.98972,1,1
24344,25481434,38.8784,-76.99023,1,1
24531,25704114,38.9025,-77.00055,1,1
24582,25481493,38.88348,-76.99153,1,1
24586,25484458,38.87467,-76.97306,1,1
24713,25707254,38.89189,-76.98519,1,1
24735,25702924,38.90021,-77.0091,1,1
24776,25703977,38.8931,-77.0006,1,1
24824,25704308,38.90131,-76.99153,1,1
25036,25481183,38.88981,-76.99845,1,1
25046,25481523,38.88286,-76.99024,1,1
25124,25708406,38.89685,-76.96017,1,1
25171,25480819,38.86456,-76.98784,1,1
25219,25704192,38.89357,-76.99263,1,1
25292,976106020,38.86027,-77.00365,1,1
25293,25480105,38.85899,-77.0044,1,1
25374,842000131,38.86404,-76.9751,1,1
25375,25484000,38.86354,-76.97393,1,1
25380,917881430,38.87533,-76.9746,0,0
25381,25484518,38.87505,-76.97394,0,0
25382,917881431,38.87526,-76.97481,0,0
25396,25484463,38.87463,-76.97255,1,1
25586,25702815,38.89355,-77.01121,1,1
25627,25704245,38.89543,-76.98829,1,1
25728,25480987,38.87647,-76.9995,1,1
25766,25707372,38.90078,-76.98291,1,1
25768,25480803,38.86387,-76.988,1,1
25824,25481522,38.88159,-76.98831,1,1
25907,25480985,38.87648,-77.00055,1,1
26167,25702825,38.89613,-77.01408,0,0
26168,977305680,38.89939,-77.01406,0,0
26169,25702849,38.89841,-77.01456,1,1
26170,977305679,38.89943,-77.01428,1,1
26172,977305678,38.89945,-77.01425,0,0
26173,25702782,38.89479,-77.01425,0,0
26174,977305677,38.89487,-77.01425,0,0
26175,851197070,38.89478,-77.01406,0,0
26176,977305676,38.89486,-77.01407,0,0
26177,851197071,38.89478,-77.01397,1,1
26180,977305675,38.89487,-77.01396,1,1
26314,1037052768,38.87895,-76.99498,0,0
26315,1075207265,38.87914,-76.99618,0,0
26316,817115272,38.87827,-76.97996,0,0
26317,817115274,38.87859,-76.98154,0,0
26323,1075207264,38.87914,-76.99618,1,1
26324,818060609,38.87905,-76.99618,1,1
26354,25480232,38.85816,-76.99563,1,1
26369,25479915,38.88607,-77.0122,1,1
26497,25484966,38.86162,-76.9623,1,1
26548,25484254,38.87424,-76.9774,0,0
26608,25481084,38.88507,-77.00476,1,1
26625,25481186,38.88742,-76.99615,1,1
26638,25484479,38.87341,-76.97147,1,1
26676,287991427,38.90065,-77.00909,1,1
26761,25480255,38.86012,-77.00317,0,0
26885,25704383,38.90078,-76.98555,1,1
26991,25704017,38.89669,-76.99843,1,1
27010,25484451,38.87476,-76.97372,0,0
27119,287992332,38.89569,-77.01407,0,0
27144,25702879,38.9002,-77.01291,1,1
27302,25484589,38.87492,-76.96777,1,1
27307,25484615,38.87553,-76.96658,1,1
27312,25481495,38.88412,-76.99153,1,1
27364,26967393,38.88263,-76.99141,1,1
27370,25702952,38.8959,-77.00589,1,1
27588,287991571,38.8996,-77.01454,1,1
27607,25704180,38.89357,-76.99495,1,1
27613,25703897,38.89227,-77.00253,1,1
27626,322679361,38.88738,-76.98819,1,1
27634,25484487,38.87391,-76.97138,1,1
27722,25704269,38.89817,-76.98829,1,1
27726,25707585,38.89477,-76.97499,1,1
27812,25485490,38.8704,-76.9631,1,1
27832,25484455,38.87432,-76.97277,1,1
27863,25702944,38.89614,-77.007,1,1
27912,287991570,38.9002,-77.00123,1,1
27919,25702855,38.89929,-77.01366,1,1
27954,25707387,38.90172,-76.98231,1,1
27985,25484537,38.87503,-76.97252,0,0
28084,25479980,38.88507,-77.01081,1,1
28153,25481027,38.87647,-76.99779,1,1
28203,25484247,38.87017,-76.97733,1,1
28334,25484395,38.88407,-76.97724,1,1
28338,25703887,38.89358,-77.00352,1,1
28394,25481177,38.88867,-77.00058,1,1
28466,25485554,38.87757,-76.96142,1,1
28475,25481512,38.88867,-76.99301,1,1
28798,25485578,38.87784,-76.96087,1,1
28834,25481516,38.88981,-76.99153,1,1
28838,25484379,38.8898,-76.9822,1,1
28871,287233846,38.86514,-77.0026,1,1
28928,25480363,38.86623,-77.00153,1,1
28942,25479702,38.87647,-77.00822,1,1
29102,25483770,38.86508,-76.97723,1,1
29103,977056115,38.86567,-76.97891,1,1
29267,25481160,38.886,-77.00057,1,1
29311,25480301,38.86429,-77.00179,1,1
29350,25484162,38.87697,-76.98402,0,0
29572,25704373,38.9013,-76.9883,1,1
29592,25484901,38.85941,-76.9589,1,1
29635,25484332,38.88023,-76.98498,1,1
29646,25707619,38.89789,-76.9704,1,1
29659,25479773,38.88241,-77.01187,0,0
29687,25481368,38.87927,-76.99277,1,1
29703,287223909,38.86266,-76.97178,1,1
29759,25479684,38.87647,-77.00915,1,1
29821,25480709,38.86104,-76.99413,1,1
29894,25480986,38.8775,-77.00055,1,1
29996,25483749,38.86575,-76.97955,1,1
29998,977056373,38.86577,-76.97965,1,1
30006,25707273,38.89333,-76.9822,1,1
30017,25484593,38.87203,-76.96706,1,1
30060,25703976,38.89201,-76.99844,1,1
30065,25703900,38.89247,-77.00231,1,1
30145,25481561,38.88923,-76.98973,1,1
30205,25704007,38.89611,-77.00054,1,1
30233,25485491,38.87054,-76.96345,1,1
30391,25704194,38.89357,-76.99153,1,1
30466,25481514,38.88981,-76.99263,1,1
30477,25704380,38.90131,-76.98684,1,1
30646,25481518,38.88214,-76.99024,1,1
30657,287996149,38.88816,-76.98629,1,1
30686,25484495,38.87353,-76.97053,1,1
30704,287991426,38.90065,-77.00901,1,1
31028,25707616,38.89795,-76.97125,1,1
31034,25481033,38.87647,-76.99618,1,1
31249,25702922,38.8989,-77.00902,1,1
31312,336677703,38.88374,-76.97725,1,1
31345,25704117,38.90251,-76.99842,1,1
31421,25481478,38.88373,-76.99408,1,1
31604,25703912,38.8959,-77.00526,1,1
31617,25484373,38.88758,-76.9822,1,1
31679,25481557,38.88734,-76.9883,1,1
31759,336677554,38.88507,-77.00223,1,1
31778,25484337,38.88108,-76.98365,1,1
31802,25707348,38.89947,-76.97925,1,1
31923,25484608,38.87507,-76.96746,1,1
32045,25479912,38.88669,-77.01303,1,1
32085,19463558,38.8817,-77.01018,1,1
32226,917884008,38.862,-77.00121,1,1
32446,25481382,38.87927,-76.99153,1,1
32499,25479689,38.87647,-77.00893,1,1
32514,25484409,38.88614,-76.97725,1,1
32560,25481400,38.87304,-76.99047,0,0
32606,25481524,38.88348,-76.99024,1,1
32677,25481000,38.87994,-77.00057,1,1
32860,25480011,38.88758,-77.01047,1,1
32862,25480326,38.86784,-77.00329,1,1
32982,25484564,38.87587,-76.97043,0,0
32983,917880972,38.8774,-76.9678,0,0
32985,917880973,38.87738,-76.96764,0,0
32989,848134902,38.87657,-76.96894,0,0
32991,848134262,38.86933,-76.98845,0,0
32992,917880976,38.86957,-76.98833,0,0
33051,25702883,38.89864,-77.01191,1,1
33068,25481175,38.88648,-76.99844,1,1
33078,25484394,38.88368,-76.97725,1,1
33081,25484586,38.8746,-76.9684,1,1
33085,25479821,38.88505,-77.01273,0,0
33087,977053939,38.87803,-76.96212,1,1
33092,977053938,38.87471,-76.96819,1,1
33159,287989885,38.89457,-76.99707,1,1
33220,25707618,38.8978,-76.97042,1,1
33336,25480271,38.86093,-77.00259,0,0
33338,25707590,38.89528,-76.97298,1,1
33347,287992124,38.89654,-76.97449,1,1
33444,25484347,38.88167,-76.9822,1,1
33500,25481014,38.87943,-76.99901,1,1
33505,25480303,38.86505,-77.00167,1,1
33553,25480935,38.87649,-77.00418,1,1
33719,818158759,38.88236,-77.01407,0,0
33721,906952767,38.88264,-77.01326,0,0
33781,25704277,38.89867,-76.98699,1,1
33788,25704229,38.89061,-76.98829,1,1
33966,25485548,38.87562,-76.96118,1,1
34012,25480407,38.86179,-76.99918,1,1
34109,25484333,38.88037,-76.98492,1,1
34207,25704382,38.90091,-76.98592,1,1
34212,25484594,38.87185,-76.96662,1,1
34336,25704254,38.89358,-76.98711,1,1
34443,25702848,38.89841,-77.01456,1,1
34589,25704003,38.89478,-76.99658,1,1
34608,25703036,38.90252,-77.00902,1,1
34681,25484163,38.87744,-76.98389,0,0
34715,25703901,38.89254,-77.00201,1,1
34744,25702757,38.89209,-77.01425,1,1
34768,25484383,38.8828,-76.97945,1,1
34779,977053068,38.87438,-76.96887,1,1
34780,25484584,38.87434,-76.96896,1,1
34785,25483722,38.86773,-76.98221,1,1
34786,977053069,38.86809,-76.98148,1,1
34795,977053065,38.86937,-76.97896,1,1
34796,25483728,38.86846,-76.98076,1,1
34798,977053066,38.86986,-76.97795,1,1
34800,25483764,38.86939,-76.97891,1,1
34802,25484250,38.8708,-76.97605,1,1
34805,977053067,38.87083,-76.97598,1,1
34870,25481535,38.88043,-76.98605,1,1
34893,25480834,38.86683,-76.98889,1,1
34895,810353465,38.86714,-76.98875,1,1
34897,25483719,38.86598,-76.98076,1,1
34900,25479970,38.88153,-77.00903,1,1
34998,25704251,38.89173,-76.98551,1,1
35020,25480484,38.8621,-76.99734,1,1
35074,25481134,38.88047,-77.00058,1,1
35134,25481316,38.87647,-76.99264,1,1
35196,25704257,38.89357,-76.98549,1,1
35234,25481166,38.88761,-77.00056,1,1
35290,25484453,38.87456,-76.97329,0,0
35469,25704242,38.89358,-76.98832,1,1
35566,25481181,38.88813,-76.99845,1,1
35570,25479653,38.87373,-77.00897,1,1
35691,25704243,38.89418,-76.9883,1,1
35876,25707596,38.89612,-76.97461,1,1
35896,25484300,38.87761,-76.9795,0,0
36054,25704214,38.89682,-76.99152,1,1
36263,25484381,38.8898,-76.98078,1,1
36340,25481567,38.88622,-76.98725,1,1
36376,25481468,38.88126,-76.99499,1,1
36404,287991421,38.85994,-77.00401,1,1
36432,25704196,38.89545,-76.99493,1,1
36479,25480936,38.87749,-77.00452,1,1
36520,287989845,38.88509,-77.00056,1,1
36621,917884007,38.86217,-77.00124,0,0
36622,25480275,38.86154,-77.00231,0,0
36623,917884005,38.8633,-77.00143,1,1
36624,19464031,38.86144,-77.00217,0,0
36625,917884006,38.86234,-77.00127,0,0
36626,917884003,38.86417,-77.00158,1,1
36627,19464037,38.86379,-77.00094,1,1
36628,917884004,38.86401,-77.00155,1,1
36630,917884002,38.86486,-77.00147,1,1
36631,25480306,38.86398,-77.00089,1,1
36639,25704021,38.9002,-77.00056,1,1
36666,25481053,38.88098,-77.00579,0,0
36872,25484069,38.8612,-76.96936,1,1
36921,25480370,38.86791,-77.00324,1,1
36985,25702854,38.89874,-77.01367,1,1
36999,25480012,38.88758,-77.0099,1,1
37008,957977483,38.89357,-76.99216,1,1
37024,25480024,38.88761,-77.00591,1,1
37025,336677702,38.87689,-77.00055,1,1
37079,25704239,38.89357,-76.98924,1,1
37081,957977479,38.89358,-76.98841,1,1
37130,287991898,38.87081,-76.96409,1,1
37175,25483705,38.86677,-76.98509,1,1
37198,25703882,38.89205,-77.00366,1,1
37270,25708374,38.89707,-76.96262,1,1
37299,25480009,38.88508,-77.00588,1,1
37302,25481560,38.88924,-76.99023,1,1
37340,25484068,38.86069,-76.96877,1,1
37694,25485748,38.88376,-76.95739,1,1
37723,25481145,38.88271,-76.99843,1,1
37740,25485745,38.88282,-76.95808,1,1
37743,25704270,38.89892,-76.9883,1,1
37771,25479774,38.88224,-77.01169,0,0
37773,25479758,38.88249,-77.01276,0,0
37774,890399003,38.88367,-77.01239,0,0
37778,890399004,38.8825,-77.01373,0,0
37779,25479757,38.88234,-77.01259,0,0
37819,25704263,38.89612,-76.98831,1,1
37847,25702898,38.8951,-77.00906,1,1
37871,25702918,38.89747,-77.00906,1,1
37924,25481529,38.88112,-76.98716,1,1
37927,25485547,38.87511,-76.96112,1,1
37982,287996148,38.8884,-76.98677,1,1
38069,25480877,38.86539,-76.98756,1,1
38098,25707288,38.90065,-76.98517,1,1
38108,25479966,38.88173,-77.00923,1,1
38183,25479844,38.885,-77.01137,1,1
38216,25702930,38.89622,-77.00747,1,1
38333,25707296,38.90015,-76.98336,1,1
38361,25702800,38.89286,-77.01217,1,1
38371,25481115,38.88783,-77.00352,1,1
38467,25481140,38.88321,-77.00057,1,1
38489,25485568,38.87831,-76.96205,1,1
38507,25480479,38.86233,-76.99753,1,1
38555,25481515,38.88926,-76.99154,1,1
38646,25480433,38.86341,-76.99996,1,1
38661,25480797,38.86389,-76.99028,1,1
38700,25485706,38.88969,-76.9624,1,1
38791,25480692,38.86068,-76.99432,1,1
38826,25702856,38.89951,-77.01425,1,1
38846,25481162,38.88657,-77.00058,1,1
38937,25481125,38.88735,-77.00244,1,1
39000,25481116,38.88982,-77.0035,1,1
39124,25484396,38.88454,-76.97724,1,1
39222,25484407,38.88536,-76.97725,1,1
39245,25483970,38.85926,-76.96788,1,1
39247,25481048,38.87905,-76.99618,0,0
39301,25485713,38.8876,-76.96193,0,0
39395,25479835,38.88482,-77.01217,0,0
39428,25481188,38.88761,-76.99571,1,1
39452,25481487,38.88314,-76.99264,1,1
39453,25480801,38.86382,-76.98867,1,1
39463,25704228,38.89022,-76.98829,1,1
39480,25480499,38.86385,-76.99727,1,1
39666,25480247,38.86066,-77.0034,1,1
39749,25481576,38.88981,-76.9855,1,1
39834,25480940,38.87928,-77.00516,1,1
39970,25704207,38.9002,-76.99493,1,1
39986,25703885,38.89199,-77.00327,1,1
40011,25483966,38.85797,-76.96793,1,1
40017,25484541,38.87567,-76.97295,0,0
40060,25707595,38.89072,-76.97046,1,1
40061,810956164,38.89101,-76.97075,1,1
40158,25484334,38.88059,-76.98504,1,1
40178,25481480,38.88381,-76.99376,1,1
40216,25480004,38.88508,-77.00725,1,1
40433,25481122,38.88695,-77.00203,1,1
40571,25481126,38.88757,-77.00202,1,1
40585,25481469,38.88126,-76.99376,1,1
40667,287992247,38.8836,-76.97745,1,1
40674,25485506,38.87028,-76.9605,1,1
40693,287991425,38.89821,-77.00901,1,1
40798,19459564,38.86324,-76.99866,0,0
40816,25484456,38.87463,-76.97296,0,0
40900,25484277,38.87748,-76.97925,0,0
40980,25481042,38.87843,-76.99563,1,1
41203,25483968,38.85886,-76.96821,1,1
41224,25481070,38.88079,-77.00384,0,0
41244,25702911,38.89201,-77.0059,1,1
41282,287992249,38.88982,-76.98438,1,1
41308,25479893,38.8859,-77.01269,0,0
41474,25484670,38.88948,-76.97419,1,1
41539,25481474,38.88409,-76.99497,1,1
41542,25485075,38.868,-76.95724,1,1
41664,25483706,38.86665,-76.98438,1,1
41788,25480022,38.88759,-77.00813,1,1
41791,25480949,38.87647,-77.00204,1,1
41806,25704213,38.89611,-76.99152,1,1
41862,25704186,38.89037,-76.99153,1,1
41953,25480415,38.86214,-76.99824,1,1
41971,25480246,38.86069,-77.00351,1,1
42001,25484507,38.87543,-76.97485,0,0
42091,25702880,38.89936,-77.0126,1,1
42104,25479652,38.87394,-77.00914,1,1
42301,19460151,38.87495,-76.97527,0,0
42302,1004479007,38.87518,-76.97465,0,0
42303,25484500,38.87506,-76.97533,0,0
42304,1004479006,38.87526,-76.97481,0,0
42305,19460148,38.8749,-76.97405,0,0
42306,1004479008,38.87518,-76.97465,0,0
42551,25703998,38.89545,-76.99842,1,1
42678,25479913,38.88755,-77.01218,1,1
42680,887019760,38.88755,-77.01201,1,1
42688,25481479,38.8836,-76.99376,1,1
42851,25481129,38.88981,-77.00202,1,1
42961,322677699,38.88118,-76.98341,1,1
42988,25480506,38.86294,-76.99596,1,1
43057,25702927,38.89663,-77.00774,1,1
43286,25481135,38.88126,-77.00057,1,1
43394,26967390,38.88433,-76.99555,1,1
43438,287989904,38.87663,-77.00421,1,1
43498,25480829,38.86573,-76.98936,1,1
43548,25704265,38.89732,-76.9883,1,1
43730,25480355,38.86555,-77.00157,1,1
43839,25479828,38.8833,-77.01207,0,0
43951,977050776,38.87114,-76.97535,1,1
43965,25479688,38.87755,-77.00923,1,1
44030,25481049,38.87928,-76.99618,1,1
44414,839412052,38.88545,-77.01262,1,1
44473,947585107,38.89036,-76.98931,1,1
44476,947585103,38.88924,-76.98931,1,1
44492,810721725,38.89418,-77.00101,1,1
44493,25703984,38.89407,-77.00061,1,1
44574,25707389,38.90267,-76.9817,1,1
44719,25480860,38.86823,-76.98826,1,1
44953,25704271,38.89953,-76.9883,1,1
44954,947585522,38.89983,-76.9883,1,1
45004,953190395,38.86871,-76.95894,1,1
45005,953190394,38.86908,-76.95983,1,1
45006,25485065,38.86855,-76.95856,1,1
45011,968902835,38.8799,-76.96015,1,1
45012,886261346,38.8791,-76.96072,1,1
45015,25485549,38.87597,-76.9612,1,1
45016,968902836,38.87635,-76.96126,1,1
45017,968902837,38.88229,-76.95845,1,1
45018,25485743,38.882,-76.95865,1,1
45254,1003919791,38.8943,-77.01456,1,1
45262,25702767,38.89385,-77.01396,0,0
45263,801652139,38.89448,-77.01462,1,1
45265,801652140,38.89432,-77.014,0,0
45736,287992238,38.89229,-76.97411,1,1
45737,806671962,38.8928,-76.97448,1,1
45747,806671998,38.88784,-76.97182,1,1
45749,806671997,38.8879,-76.97188,1,1
45750,287992226,38.88782,-76.97243,1,1
46102,25481256,38.87461,-76.99155,1,1
46598,829223428,38.90021,-77.00417,1,1
46599,949998162,38.90021,-77.00404,1,1
46891,810391982,38.88842,-76.96122,0,0
46932,25481359,38.87842,-76.9923,0,0
46933,25481420,38.87765,-76.99034,0,0
46934,1036922756,38.87798,-76.99153,0,0
47315,914269166,38.87447,-76.96867,1,1
47318,819307601,38.86201,-76.99446,1,1
47319,810847625,38.86188,-76.99425,1,1
47857,25479857,38.88756,-77.01415,0,0
47858,312370137,38.89076,-77.01421,0,0
47859,813047221,38.89081,-77.01421,0,0
47885,819307349,38.90021,-77.00349,1,1
48539,817656959,38.89972,-76.9836,1,1
48540,25707294,38.89884,-76.98364,1,1
48585,25481050,38.88084,-77.00573,1,1
48608,25485029,38.86193,-76.959,1,1
48609,810096758,38.86188,-76.95965,1,1
48610,810096759,38.86203,-76.95846,1,1
48611,25485027,38.86048,-76.95893,1,1
48612,25484970,38.86184,-76.96017,1,1
48615,810096757,38.86104,-76.95889,1,1
48639,839276979,38.8955,-77.00417,1,1
48640,887033300,38.89577,-77.00485,1,1
48896,25704378,38.90156,-76.98742,1,1
48897,957986381,38.90168,-76.9877,1,1
48966,25707695,38.89741,-76.96538,1,1
48967,1060186282,38.89744,-76.96571,1,1
48968,25707686,38.89731,-76.9659,1,1
48969,1060186283,38.89734,-76.9661,1,1
50148,25481542,38.88411,-76.98551,1,1
50165,25485033,38.86219,-76.95758,1,1
50325,25484411,38.8876,-76.97723,1,1
50456,287992131,38.89116,-76.98829,1,1
50488,25702968,38.90021,-77.0067,1,1
50508,287991628,38.90128,-76.9826,1,1
50620,25479603,38.87641,-77.01254,1,1
50659,25707329,38.8933,-76.9762,1,1
50722,25702978,38.90252,-77.0147,0,0
50773,19462856,38.86267,-76.99866,1,1
50870,25479914,38.88561,-77.01156,1,1
50983,810109339,38.86977,-76.96044,1,1
50984,975255746,38.87009,-76.96048,1,1
51002,25485507,38.8712,-76.96063,1,1
51003,975255747,38.87193,-76.96071,1,1
51016,25481147,38.88427,-76.99845,1,1
51051,25485746,38.88362,-76.95749,1,1
51059,25479606,38.87641,-77.01216,1,1
51112,287989907,38.88534,-77.00125,1,1
51121,25479607,38.87652,-77.01215,1,1
51171,958011906,38.87735,-76.98586,0,0
51172,25481451,38.87734,-76.98624,0,0
51184,25479801,38.88383,-77.0124,0,0
51185,958011909,38.88439,-77.01248,0,0
51186,25479975,38.88186,-77.00905,0,0
51187,958011908,38.88224,-77.0101,0,0
51198,958011905,38.87615,-76.97658,0,0
51199,25484312,38.87599,-76.97627,0,0
51217,25484073,38.86021,-76.96813,1,1
51218,25484579,38.87287,-76.96916,1,1
51224,1064253198,38.88355,-76.96364,0,0
51231,25704234,38.89199,-76.98847,1,1
51235,336677773,38.89408,-76.99831,1,1
51262,25481038,38.87842,-76.99617,1,1
51377,25479700,38.8793,-77.00888,1,1
51471,25481120,38.88759,-77.00302,1,1
51571,322679440,38.88759,-76.98475,1,1
51591,25484338,38.88128,-76.98365,1,1
51602,25704018,38.89733,-76.99843,1,1
51712,25708455,38.89658,-76.95748,1,1
51761,25479982,38.88318,-77.00911,1,1
51825,25484687,38.88881,-76.97051,1,1
51849,25704025,38.90021,-76.99842,1,1
51901,978848264,38.86459,-76.97626,1,1
51902,25483747,38.86426,-76.97558,1,1
51990,945633485,38.86949,-76.98855,0,0
52294,287975582,38.87066,-77.00885,1,1
52353,25484355,38.88759,-76.98493,1,1
52509,25481467,38.88006,-76.9855,1,1
52511,25479694,38.87841,-77.00913,1,1
52512,875027422,38.87881,-77.00912,1,1
52513,25479696,38.87841,-77.00899,1,1
52514,875027423,38.8788,-77.00903,1,1
52517,25481051,38.88084,-77.00573,0,0
52518,875027424,38.8788,-77.00894,1,1
52520,336677553,38.88507,-77.01057,1,1
52521,875027427,38.88105,-77.00659,0,0
52524,875027426,38.88088,-77.0066,0,0
52525,875027429,38.88461,-77.01039,1,1
52526,287996525,38.88358,-77.00938,1,1
52527,875027428,38.88507,-77.01021,1,1
52530,875027435,38.88755,-77.01303,1,1
52531,25479868,38.88844,-77.0143,0,0
52532,807466768,38.88755,-77.01319,1,1
52533,875027437,38.88901,-77.01425,0,0
52534,875027436,38.88853,-77.01429,0,0
52535,25484427,38.88974,-76.97692,1,1
52536,813047222,38.88878,-77.01427,0,0
52558,25480712,38.8615,-76.99379,1,1
52562,810847626,38.86187,-76.99352,1,1
52652,25484176,38.88008,-76.98521,1,1
52774,25702897,38.89479,-77.0095,1,1
52785,336677688,38.87689,-76.99153,1,1
52805,25481475,38.8843,-76.99496,1,1
52842,25479703,38.87648,-77.00746,1,1
53006,25484410,38.88685,-76.97723,1,1
53077,25481488,38.88336,-76.99264,1,1
53101,25481334,38.87648,-76.99153,1,1
53346,25484067,38.86073,-76.96973,1,1
53360,25485583,38.87825,-76.9608,1,1
53431,25481179,38.88982,-77.00057,1,1
53442,25707264,38.89332,-76.98304,1,1
53448,25481485,38.88267,-76.99152,1,1
53521,287996151,38.8876,-76.98457,1,1
53654,25707330,38.8933,-76.97585,1,1
53827,25707313,38.89973,-76.9815,1,1
53878,812153435,38.89208,-77.01163,1,1
53879,25702807,38.89208,-77.01217,1,1
53881,812153446,38.89207,-77.00923,1,1
53884,812153452,38.89206,-77.00886,1,1
53911,25702761,38.89208,-77.01363,1,1
53920,812189853,38.88817,-77.01426,0,0
53937,25479858,38.88755,-77.01396,1,1
53938,812153475,38.88755,-77.01346,1,1
53944,25703876,38.89203,-77.00465,1,1
53951,273125519,38.8664,-76.99151,0,0
53956,25703980,38.89334,-77.0006,1,1
53964,25704195,38.89477,-76.99152,1,1
54013,25484516,38.87546,-76.97413,0,0
54100,25484452,38.87462,-76.97342,0,0
54113,25480339,38.86567,-77.00267,1,1
54212,25484404,38.88757,-76.979,1,1
54236,25484341,38.88283,-76.98447,1,1
54361,25704024,38.8989,-76.99843,1,1
54377,25703995,38.89358,-76.99842,1,1
54391,287234132,38.8707,-77.00876,1,1
54528,25483716,38.86624,-76.98222,1,1
54724,25480477,38.86226,-76.99768,1,1
54790,25707366,38.89879,-76.97545,1,1
54795,25707362,38.89885,-76.97644,1,1
54815,1036922759,38.87892,-76.99618,0,0
54954,25485026,38.86931,-76.96039,1,1
54955,810109340,38.86951,-76.96093,1,1
54987,25479592,38.8764,-77.01388,1,1
55149,25704187,38.89099,-76.99151,1,1
55395,25479888,38.88548,-77.01276,1,1
55438,25479698,38.8793,-77.00911,1,1
55515,25703883,38.89194,-77.00349,1,1
55580,19459566,38.86573,-76.99207,0,0
55613,25480947,38.87647,-77.00294,1,1
55678,25479964,38.8814,-77.00893,1,1
55800,917874809,38.86952,-77.00746,1,1
55802,848136124,38.86814,-77.00402,1,1
56120,25484494,38.8734,-76.97076,1,1
56245,25480008,38.8842,-77.00694,1,1
56375,25484481,38.87434,-76.97227,1,1
56433,25704178,38.89091,-76.99297,1,1
56472,25703971,38.89092,-77.00057,1,1
56489,25480796,38.8638,-76.99039,1,1
56504,25707347,38.89935,-76.97929,1,1
56813,25485781,38.88978,-76.95818,1,1
56849,917874624,38.88098,-76.96482,0,0
56850,917874625,38.88015,-76.96534,0,0
56851,317384248,38.87821,-76.96677,0,0
56852,25485784,38.88962,-76.95844,0,0
56854,917874628,38.88978,-76.95818,0,0
56855,1064253199,38.88369,-76.96345,0,0
57007,25707365,38.89869,-76.97548,1,1
57087,25707689,38.89727,-76.96533,1,1
57107,25704256,38.89418,-76.98661,1,1
57108,25484368,38.88759,-76.98365,1,1
57178,19459442,38.87386,-76.97169,1,1
57179,810411983,38.87398,-76.97196,1,1
57263,818060614,38.8802,-77.00056,0,0
57264,975000490,38.88055,-77.00181,0,0
57269,963502954,38.8685,-76.98966,0,0
57437,839405853,38.89809,-77.00911,1,1
57439,839405852,38.89728,-77.00857,1,1
57440,25702936,38.89689,-77.00782,1,1
57441,839405851,38.89769,-77.00961,1,1
57445,839405849,38.9002,-77.00156,1,1
57449,839405850,38.9002,-77.00017,1,1
57462,1038220426,38.88959,-77.0035,1,1
57463,812186780,38.88835,-77.00351,1,1
57464,1038220427,38.88919,-77.0035,1,1
57472,25704268,38.90019,-76.99023,1,1
57473,839405859,38.90018,-76.98879,1,1
57475,839405858,38.90019,-76.98601,1,1
57476,25704272,38.90018,-76.98831,1,1
57477,839405857,38.90018,-76.98776,1,1
57478,839405855,38.90019,-76.99108,1,1
57479,839405856,38.90019,-76.99068,1,1
57480,839405854,38.90019,-76.9921,1,1
57482,25704217,38.90019,-76.99264,1,1
57501,886298529,38.8618,-76.96061,1,1
57502,25484967,38.86174,-76.96148,1,1
57540,811330169,38.89611,-77.00765,1,1
57541,811330177,38.89602,-77.00653,1,1
57543,811330178,38.89605,-77.00676,1,1
57884,25707310,38.90006,-76.98249,1,1
57885,958006977,38.90011,-76.9828,1,1
57912,810461454,38.9002,-77.01407,1,1
58012,25480719,38.86398,-76.99443,0,0
58013,958143651,38.86426,-76.99374,0,0
58438,1036922764,38.8774,-76.99115,0,0
58727,25484566,38.87599,-76.97035,0,0
58899,865955907,38.89378,-77.01396,0,0
58900,801652135,38.8934,-77.01395,0,0
58901,865955908,38.89333,-77.01395,0,0
58902,801652146,38.89273,-77.01393,0,0
58903,865955909,38.89256,-77.01392,0,0
58904,25702760,38.89209,-77.01391,0,0
58905,865955905,38.89448,-77.01401,0,0
58906,25702785,38.89441,-77.01401,0,0
58909,25702765,38.89343,-77.01427,0,0
58910,865955913,38.8927,-77.01426,0,0
58967,954382661,38.86242,-76.99511,1,1
58969,947170764,38.86229,-76.9949,1,1
59120,1001228465,38.89678,-77.00762,1,1
59122,25702934,38.89655,-77.00746,1,1
60101,958005484,38.8632,-76.9999,1,1
60102,958005483,38.86282,-77.00082,1,1
60411,848133975,38.88231,-77.01247,1,1
60412,25479780,38.8818,-77.01094,1,1
60596,865955911,38.8943,-77.01423,0,0
61026,953057507,38.86845,-76.98958,0,0
61081,810767780,38.87245,-76.96813,1,1
61082,25484578,38.87293,-76.96934,1,1
61083,810767779,38.87338,-76.97019,1,1
61084,25484577,38.8723,-76.96776,1,1
61120,25704258,38.89476,-76.98611,1,1
61121,976988858,38.89482,-76.98606,1,1
61201,976988812,38.86235,-77.00164,1,1
61203,25480425,38.86325,-77.00002,1,1
61703,918202182,38.87269,-76.99019,0,0
61704,25481395,38.87251,-76.99004,0,0
61706,918202180,38.87257,-76.99037,0,0
61707,875054801,38.8724,-76.99023,0,0
61708,918202179,38.86961,-77.00742,1,1
61851,806594173,38.89032,-76.97397,1,1
61852,25484675,38.89019,-76.97383,1,1
61853,25484672,38.89012,-76.97428,1,1
61854,806594174,38.89032,-76.97384,1,1
61855,806594172,38.88965,-76.96891,1,1
61857,806594149,38.88876,-76.9738,1,1
61859,806594150,38.88783,-76.97257,1,1
61860,806594188,38.89193,-76.97289,1,1
61862,806594187,38.89093,-76.97386,1,1
61863,25707569,38.8907,-76.97385,1,1
61864,806594181,38.88802,-76.97149,1,1
61865,25484685,38.88797,-76.97158,1,1
61866,25484426,38.88982,-76.97727,1,1
61867,806594179,38.88998,-76.97663,1,1
61873,322678026,38.88407,-77.0093,1,1
61874,839410877,38.88472,-77.01025,1,1
61876,839410878,38.88491,-77.01136,1,1
61878,806594189,38.89125,-76.97388,1,1
61996,807466767,38.88755,-77.01263,1,1
61997,807466769,38.89603,-77.0072,1,1
61998,25702945,38.89588,-77.00682,1,1
61999,807466770,38.8945,-77.0099,1,1
62000,25702895,38.89395,-77.01066,1,1
62001,807466771,38.89427,-77.01022,1,1
62002,807466773,38.89582,-77.00643,1,1
62003,807466772,38.89603,-77.00613,1,1
62009,807466774,38.88756,-77.01466,1,1
62244,839410263,38.89212,-77.00319,1,1
62245,25703884,38.89205,-77.00351,1,1
62835,25480729,38.86454,-76.99322,0,0
62836,25480728,38.86457,-76.99352,0,0
62876,25485053,38.86563,-76.95971,1,1
62877,873415251,38.86585,-76.95975,1,1
62940,25480933,38.87649,-77.00585,1,1
62957,25481508,38.8876,-76.99263,1,1
62987,287989888,38.89287,-77.00128,1,1
63026,322677992,38.89358,-76.99788,1,1
63156,25481492,38.8829,-76.99152,1,1
63322,25481556,38.88695,-76.98789,1,1
63391,25480777,38.86675,-76.99127,0,0
63500,25484350,38.88227,-76.98074,1,1
63515,25704215,38.89732,-76.99154,1,1
63528,25479608,38.87641,-77.01178,1,1
63678,25481506,38.8898,-76.99376,1,1
63712,25479899,38.88575,-77.01238,1,1
63757,809996120,38.87899,-76.98879,1,1
63768,809996122,38.8796,-76.99153,1,1
63771,809996121,38.87934,-76.98794,1,1
63772,25481439,38.8792,-76.98829,1,1
63773,809996124,38.87997,-76.98435,1,1
63774,25484182,38.87968,-76.98364,1,1
63775,809996123,38.87888,-76.99153,1,1
63777,809996126,38.88029,-76.98571,1,1
63780,809996125,38.88064,-76.98656,1,1
63789,25481510,38.88677,-76.99152,1,1
63796,25704116,38.90131,-76.99843,1,1
63805,809996127,38.87966,-76.99963,1,1
63807,25481010,38.87952,-76.99923,1,1
63808,809996129,38.88028,-76.99994,1,1
63809,809996130,38.88035,-77.00017,1,1
63810,25481136,38.88015,-76.9995,1,1
63866,25480491,38.86216,-76.99711,1,1
63873,25704174,38.89173,-76.99497,1,1
63876,25481020,38.87926,-76.9985,1,1
63903,25485011,38.86629,-76.95982,1,1
63981,25481536,38.88055,-76.98576,1,1
64096,25704032,38.9002,-76.99614,1,1
64134,25484339,38.88128,-76.98316,1,1
64208,25479979,38.88229,-77.00909,1,1
64273,25703989,38.89478,-77.00055,1,1
64353,25702860,38.89944,-77.01406,1,1
64382,25481470,38.88271,-76.99498,1,1
64394,25484258,38.8741,-76.97742,0,0
64549,25702926,38.90021,-77.00901,1,1
64608,336677484,38.87647,-76.99205,1,1
64619,25480992,38.87927,-77.00056,1,1
64621,25481477,38.88272,-76.99376,1,1
64633,287991629,38.8996,-76.98469,1,1
64778,25483752,38.86569,-76.97902,1,1
64803,25702864,38.9002,-77.01368,1,1
64876,25704189,38.892,-76.99152,1,1
64878,25479895,38.88582,-77.01263,1,1
65059,25484439,38.87132,-76.975,1,1
65109,26967394,38.88093,-76.98725,1,1
65249,25479961,38.88143,-77.00903,0,0
65251,25481537,38.88058,-76.98549,1,1
65328,26967391,38.88395,-76.99411,1,1
65458,805742056,38.89897,-76.98623,1,1
65459,25704280,38.89886,-76.9865,1,1
65501,25479900,38.88589,-77.01251,1,1
65599,25479911,38.88655,-77.01318,0,0
65606,25480990,38.8784,-77.00058,1,1
65809,25484587,38.87478,-76.96806,1,1
65844,25485673,38.88462,-76.96307,0,0
65852,25704202,38.89603,-76.9935,1,1
65862,25481573,38.88865,-76.98741,1,1
65889,25480828,38.86545,-76.98949,1,1
65933,25704220,38.89036,-76.99024,1,1
65938,976994716,38.89036,-76.98979,1,1
65944,976994715,38.88981,-76.98301,1,1
66008,25703035,38.90252,-77.0091,1,1
66092,25485741,38.8806,-76.95966,1,1
66120,19462899,38.87653,-77.01138,1,1
66199,25481430,38.87744,-76.98797,0,0
66275,25704371,38.90249,-76.98962,1,1
66301,25485517,38.8746,-76.96105,1,1
66311,25704235,38.89199,-76.98824,1,1
66373,25708407,38.89699,-76.96026,1,1
66453,25484406,38.88982,-76.97897,1,1
66492,322677948,38.88712,-77.01366,1,1
66574,287992144,38.89897,-76.97715,1,1
66586,25484203,38.87883,-76.98156,1,1
66617,25704227,38.89164,-76.98874,1,1
66662,25704013,38.89694,-77.00056,1,1
66750,25481146,38.88322,-76.99845,1,1
66782,25484484,38.87376,-76.97148,1,1
66788,287992143,38.90003,-76.98319,1,1
66821,25707623,38.89805,-76.97121,1,1
66835,25480457,38.86283,-76.9987,1,1
66921,287989898,38.87649,-77.00538,1,1
66943,26967392,38.88295,-76.99164,1,1
67030,25479989,38.88128,-77.00763,0,0
67122,25480604,38.85899,-76.99338,1,1
67175,25707327,38.89331,-76.97723,1,1
67235,1075206516,38.87768,-76.99152,0,0
67237,25481339,38.87724,-76.99153,1,1
67290,25481465,38.88006,-76.98591,1,1
67343,25485729,38.88958,-76.9617,1,1
67344,25485708,38.88981,-76.9624,1,1
67464,25481544,38.88602,-76.99023,1,1
67468,25704203,38.89614,-76.99322,1,1
67491,25479892,38.8859,-77.01269,1,1
67598,25481098,38.88061,-77.00203,0,0
67854,25479894,38.88563,-77.0125,0,0
67891,976359722,38.86359,-76.99688,1,1
67913,875677357,38.86321,-76.99634,1,1
67932,287989844,38.90175,-76.99843,1,1
67945,19460149,38.87485,-76.97349,1,1
67959,25484492,38.87363,-76.97118,1,1
68081,25485024,38.86794,-76.96012,1,1
68152,25704230,38.89154,-76.98829,1,1
68188,25485553,38.87676,-76.96132,1,1
68260,25702799,38.89208,-77.01319,1,1
68261,875670996,38.89208,-77.01263,1,1
68292,26953648,38.88483,-76.99024,1,1
68334,25704008,38.8965,-77.00055,1,1
68347,25484428,38.88959,-76.97654,1,1
68461,25479681,38.87642,-77.0099,1,1
68651,25479872,38.88858,-77.01383,0,0
68654,875670849,38.889,-77.01385,0,0
68772,287996113,38.88633,-77.01365,1,1
68825,25484440,38.87134,-76.97495,1,1
68994,25704014,38.89735,-77.00056,1,1
69017,25707333,38.89388,-76.97507,1,1
69370,25481139,38.88126,-76.99844,1,1
69380,25480602,38.8584,-76.99328,1,1
69381,25480272,38.86109,-77.00268,0,0
69709,25480327,38.86803,-77.00374,1,1
70180,25483721,38.86753,-76.98262,1,1
70205,25707675,38.89765,-76.96954,1,1
70216,287992300,38.88127,-76.95918,1,1
70273,25479679,38.87653,-77.01063,1,1
70308,25481509,38.88603,-76.99153,1,1
70367,25707364,38.89893,-76.97626,1,1
70396,25708376,38.89718,-76.96261,1,1
70469,25480454,38.86312,-76.99858,0,0
70476,287989903,38.87642,-77.00954,1,1
70521,976992948,38.89222,-76.98822,1,1
70627,1054410098,38.8898,-76.96472,1,1
70633,25484731,38.8898,-76.9675,1,1
70676,25479643,38.87203,-77.00897,1,1
70677,25479657,38.8743,-77.00899,1,1
70678,844930598,38.87297,-77.00896,1,1
70680,25479630,38.87084,-77.00883,1,1
70681,25479656,38.87428,-77.00914,1,1
70682,844930600,38.87464,-77.00913,1,1
70683,844930599,38.87464,-77.00903,1,1
70684,844930601,38.87297,-77.00914,1,1
70687,25479641,38.87203,-77.00912,1,1
70689,25479628,38.8708,-77.00892,1,1
70721,25481463,38.88002,-76.98631,1,1
70953,25481157,38.88458,-76.99616,1,1
70988,25485515,38.87437,-76.96102,1,1
71013,25704023,38.89812,-76.99843,1,1
71049,25480991,38.87841,-76.99952,1,1
71167,25484491,38.87329,-76.97094,1,1
71233,25485508,38.87216,-76.96074,1,1
71257,25480005,38.88328,-77.0066,1,1
71338,287992141,38.89668,-76.95903,1,1
71381,287992023,38.89864,-76.97462,1,1
71433,25484517,38.87534,-76.97411,0,0
71473,25481566,38.88979,-76.98829,1,1
71514,25703909,38.89459,-77.00203,1,1
71664,25704200,38.89592,-76.99376,1,1
71807,25702921,38.8989,-77.00911,1,1
71850,287987427,38.89719,-76.96413,1,1
72167,25481131,38.88981,-77.00132,1,1
72222,25479859,38.88728,-77.01366,1,1
72347,25704184,38.89077,-76.99264,1,1
72446,25481170,38.8855,-76.99844,1,1
72491,1036922761,38.87878,-76.99617,0,0
72517,25481563,38.88896,-76.98829,1,1
72550,25707597,38.89715,-76.97431,1,1
72551,805741304,38.89804,-76.97419,1,1
72587,25704372,38.90074,-76.9883,1,1
72635,25707316,38.89332,-76.97986,1,1
72636,25480879,38.86713,-76.98707,1,1
72810,1008462969,38.86057,-76.99439,1,1
72811,976780383,38.86049,-76.99444,1,1
72890,25484181,38.87944,-76.98364,1,1
72967,25708454,38.89646,-76.95748,1,1
73075,25480690,38.86057,-76.99439,1,1
73076,848135173,38.86174,-76.99645,1,1
73127,25481525,38.88411,-76.99024,1,1
73187,953066287,38.87052,-76.98937,1,1
73227,25481096,38.88048,-77.00203,0,0
73310,25484082,38.85987,-76.96695,1,1
73588,25485740,38.88981,-76.95986,1,1
73755,25481521,38.88136,-76.98831,1,1
73944,25484580,38.87279,-76.96896,1,1
74070,25704260,38.89546,-76.98551,1,1
74177,25484583,38.87418,-76.96927,1,1
74352,25481500,38.8876,-76.99375,1,1
74361,25703997,38.89478,-76.99843,1,1
74525,215035035,38.88064,-76.99845,1,1
74579,25703911,38.89597,-77.00568,1,1
74589,25704006,38.89496,-76.99615,1,1
74772,25479706,38.87648,-77.0067,1,1
74825,25707286,38.89768,-76.98363,1,1
74826,25481182,38.88867,-76.99846,1,1
75032,25703982,38.89357,-77.00061,1,1
75172,25481519,38.88238,-76.99024,1,1
75188,25485023,38.86723,-76.95999,1,1
75303,25481113,38.8876,-77.00354,1,1
75312,25481562,38.88814,-76.98885,1,1
75319,897680588,38.88903,-76.98957,1,1
75343,25481034,38.87751,-76.99617,1,1
75379,25479690,38.87755,-77.00894,1,1
75541,19462600,38.8745,-76.97263,1,1
75576,25484003,38.86309,-76.97281,1,1
75667,25481009,38.87928,-76.99924,1,1
75696,1008571706,38.87074,-76.98903,0,0
75697,1008398964,38.87019,-76.98771,0,0
75708,25707320,38.89332,-76.97812,1,1
75802,25707284,38.89728,-76.984,1,1
75828,25484666,38.88892,-76.97382,1,1
75838,25707603,38.89856,-76.97416,1,1
75946,25707272,38.89307,-76.9822,1,1
75959,25484969,38.86181,-76.96049,1,1
76047,25703975,38.89094,-76.99844,1,1
76076,25707602,38.89845,-76.97417,1,1
76094,25479973,38.88167,-77.00902,0,0
76153,25479916,38.88542,-77.01131,1,1
76218,898957054,38.85878,-76.99356,1,1
76219,898957053,38.85881,-76.99372,1,1
76220,19462858,38.85802,-76.99359,1,1
76222,898957050,38.85893,-76.99439,1,1
76223,25480598,38.85872,-76.99398,1,1
76226,25480687,38.85996,-76.99475,1,1
76249,25704247,38.89278,-76.98775,1,1
76278,25480594,38.85798,-76.99322,1,1
76281,898957055,38.85834,-76.99327,1,1
76381,25484084,38.86035,-76.96575,1,1
76477,25480487,38.86244,-76.9973,1,1
76499,287209743,38.89323,-76.9818,1,1
76500,19460150,38.87419,-76.97246,1,1
76621,25707360,38.89904,-76.97755,1,1
76657,25484325,38.87592,-76.97614,0,0
76682,977054807,38.88285,-76.95806,1,1
76686,25483772,38.86477,-76.97664,1,1
76687,983942066,38.8649,-76.97688,1,1
76701,26968062,38.89991,-76.98253,1,1
76814,25704218,38.8989,-76.99153,1,1
76817,287992020,38.89769,-76.96898,1,1
76833,25484595,38.87176,-76.96642,1,1
76934,957920574,38.88038,-76.95981,1,1
76935,25485677,38.88021,-76.95993,1,1
76987,25704022,38.90021,-76.99948,1,1
77083,273126277,38.8793,-76.99726,0,0
77129,25480371,38.8678,-77.00301,1,1
77241,1059560976,38.88762,-76.99676,1,1
77243,1059560975,38.88718,-76.99674,1,1
77244,25481184,38.88762,-76.99734,1,1
77272,25485575,38.87853,-76.96113,1,1
77289,810377880,38.87298,-76.97165,1,1
77296,810377883,38.86879,-76.96031,1,1
77300,25485025,38.86847,-76.96026,1,1
77314,25481099,38.8808,-77.00203,1,1
77355,958018237,38.87716,-76.96329,1,1
77357,25485531,38.87706,-76.9635,1,1
77395,25484617,38.87594,-76.96573,1,1
77396,958018235,38.87605,-76.9655,1,1
77526,287987426,38.8973,-76.96412,1,1
77548,25481472,38.88453,-76.99552,1,1
77822,25485773,38.88979,-76.95869,0,0
77964,25703886,38.89286,-77.00351,1,1
78017,25481274,38.87647,-76.99494,1,1
78041,25704379,38.90123,-76.98665,1,1
78048,25481501,38.88792,-76.99495,1,1
78069,25479968,38.88173,-77.00923,0,0
78147,25707332,38.89334,-76.97516,1,1
78165,25481564,38.88924,-76.9889,1,1
78194,25480996,38.87973,-77.00057,1,1
78195,818060610,38.8802,-77.00056,1,1
78196,25481071,38.88094,-77.00384,0,0
78198,818060612,38.88097,-77.00438,0,0
78204,817118778,38.87966,-76.99865,0,0
78328,25480347,38.8665,-77.00267,1,1
78375,25702886,38.89834,-77.01119,1,1
78397,287989908,38.88906,-76.99205,1,1
78463,25485715,38.88762,-76.9615,0,0
78911,875677356,38.86174,-76.99617,1,1
78912,287991768,38.86126,-76.99506,1,1
79057,25479609,38.87641,-77.01139,1,1
79098,25480749,38.86333,-76.99122,1,1
79163,817115623,38.87649,-76.99077,0,0
79211,25484414,38.88761,-76.97643,1,1
79216,25707617,38.89705,-76.97001,1,1
79273,25702916,38.89613,-77.00906,1,1
79451,287991430,38.90168,-77.0091,1,1
79474,25481489,38.88272,-76.99164,1,1
79511,25481558,38.88759,-76.98848,1,1
79561,25707589,38.89499,-76.97398,1,1
79570,954474232,38.89443,-77.00163,1,1
79571,810721724,38.89441,-77.00157,1,1
79667,25481568,38.88535,-76.98654,1,1
79755,25484483,38.87401,-76.97154,1,1
79827,25703888,38.89479,-77.00351,1,1
79926,25707676,38.89776,-76.96952,1,1
79965,25481513,38.88882,-76.99264,1,1
80000,25484899,38.85835,-76.9589,1,1
80018,25485672,38.88449,-76.96326,0,0
80171,25479800,38.88355,-77.01237,0,0
80210,25479594,38.87652,-77.01384,1,1
80243,25485727,38.88862,-76.96125,1,1
80247,25484408,38.88578,-76.97725,1,1
80285,25480333,38.86485,-77.00271,1,1
80535,26953647,38.8845,-76.99024,1,1
80586,287991269,38.8874,-77.0138,1,1
80595,25704177,38.89124,-76.99376,1,1
80601,25704190,38.89278,-76.99152,1,1
80721,25480101,38.85875,-77.00465,1,1
80723,25481389,38.87048,-76.98865,0,0
80872,25481174,38.88602,-76.99844,1,1
80899,25480492,38.86261,-76.99708,1,1
81116,25484336,38.88066,-76.98471,1,1
81296,25481565,38.88925,-76.98829,1,1
81327,25704019,38.8989,-77.00056,1,1
81376,25704016,38.89612,-76.99843,1,1
81414,25702923,38.89957,-77.00909,1,1
81495,25485767,38.88907,-76.95934,0,0
81519,25484202,38.87864,-76.98166,1,1
81557,1004361786,38.86297,-76.99933,1,1
81558,25480449,38.86285,-76.99908,1,1
81559,25480430,38.86286,-76.99972,0,0
81561,1004361785,38.86297,-76.99933,0,0
81562,1004361788,38.86294,-76.99926,1,1
81563,25480259,38.86027,-77.00293,0,0
81565,1004361787,38.86294,-76.99926,1,1
81568,1004361789,38.8605,-77.00283,0,0
81598,25481528,38.88129,-76.98755,1,1
81651,25481533,38.88021,-76.98612,1,1
81700,25702917,38.89734,-77.00906,1,1
81702,25704309,38.90251,-76.99153,1,1
81875,287992248,38.88808,-76.98831,1,1
81895,25481227,38.87332,-76.99091,0,0
81950,25481494,38.88283,-76.99133,1,1
81977,287989854,38.9028,-76.99842,1,1
81987,25703878,38.89093,-77.0035,1,1
82139,25484187,38.87748,-76.98176,0,0
82233,1054076976,38.86831,-77.00423,1,1
82236,1054076975,38.86928,-77.0066,1,1
82237,25480329,38.86809,-77.00369,1,1
82242,25704244,38.89477,-76.98829,1,1
82608,25480896,38.87036,-76.98839,0,0
82662,25704211,38.89639,-76.99262,1,1
82767,25480475,38.86233,-76.99783,1,1
82815,273125513,38.87343,-76.97928,0,0
82872,25481283,38.87647,-76.99376,1,1
82941,953066286,38.8733,-76.99126,1,1
83023,25479678,38.87642,-77.01064,1,1
83126,25480937,38.87648,-77.00349,1,1
83152,25481138,38.8827,-77.00057,1,1
83224,25704264,38.89672,-76.98831,1,1
83238,25483710,38.86729,-76.98311,1,1
83245,25481106,38.88507,-77.00202,1,1
83331,25704112,38.90131,-77.00056,1,1
83352,336677763,38.88495,-77.0072,1,1
83384,25484445,38.87224,-76.97319,1,1
83447,25483718,38.86618,-76.98191,1,1
83621,25481123,38.88718,-77.00203,1,1
83905,25704226,38.89036,-76.98908,1,1
83906,857669672,38.89045,-76.9888,1,1
83916,25483893,38.85923,-76.96998,1,1
83982,25480833,38.86657,-76.989,1,1
83983,19462898,38.87652,-77.0125,1,1
84102,25481546,38.88678,-76.99022,1,1
84379,25484560,38.87572,-76.97127,0,0
84513,25480463,38.86326,-76.99857,0,0
84514,25702935,38.89625,-77.00718,1,1
84532,25480461,38.86253,-76.99831,1,1
84538,25484309,38.87501,-76.97645,0,0
84568,25703879,38.89195,-77.0042,1,1
84590,25479971,38.88153,-77.00903,0,0
84606,25481504,38.88838,-76.99375,1,1
84673,25484020,38.86225,-76.97095,1,1
84756,25484464,38.87474,-76.97259,1,1
84778,25483726,38.8682,-76.98126,1,1
84793,25485034,38.86224,-76.95743,1,1
84850,25483969,38.85937,-76.96819,1,1
85070,25480939,38.87839,-77.00484,1,1
85096,25481543,38.88543,-76.99023,1,1
85147,25484459,38.8747,-76.97275,0,0
85366,25704002,38.89201,-76.99566,1,1
85387,25704238,38.89357,-76.99023,1,1
85410,25707289,38.89984,-76.98411,1,1
85441,25485487,38.87109,-76.96476,1,1
85518,25707255,38.8921,-76.98458,1,1
85619,25481471,38.88372,-76.99498,1,1
85739,25707361,38.89915,-76.97752,1,1
85743,25703894,38.8923,-77.00274,1,1
85998,25704262,38.89735,-76.99021,1,1
86040,25481197,38.88981,-76.99616,1,1
86067,25480502,38.86359,-76.99688,0,0
86069,25485716,38.88779,-76.9613,0,0
86131,25481459,38.87953,-76.98749,1,1
86135,25703973,38.89198,-77.00058,1,1
86136,25707280,38.89611,-76.98499,1,1
86148,25479775,38.88224,-77.01169,0,0
117961,810377881,38.87401,-76.97076,1,1
119343,25481572,38.8876,-76.9855,1,1
122836,809524092,38.8898,-76.96377,1,1
125583,813013198,38.89409,-76.99939,1,1
126124,875050553,38.90027,-77.0149,1,1
134222,25702907,38.89203,-77.00817,1,1
134232,287992197,38.89199,-76.97244,1,1
134245,810257743,38.89311,-76.99902,1,1
134402,957966382,38.8755,-76.97594,0,0
134842,25707274,38.89333,-76.98148,1,1
138150,25702890,38.89208,-77.00998,1,1
139414,25707260,38.89358,-76.98458,1,1
140972,25481180,38.88982,-76.99949,1,1
141155,25704182,38.89358,-76.99374,1,1
142252,1075207266,38.87899,-76.98126,0,0
142544,25481083,38.88508,-77.00532,1,1
145313,25704004,38.89358,-76.99614,1,1
145594,957980345,38.88243,-77.01144,1,1
147553,25484377,38.88758,-76.98079,1,1
148162,25480426,38.86229,-77.00002,1,1
148382,25481435,38.87928,-76.99022,1,1
150680,25702759,38.89209,-77.01391,1,1
150956,25480476,38.86221,-76.99781,1,1
152602,25481068,38.88105,-77.00434,1,1
152960,287989977,38.88763,-77.00458,1,1
154425,25485573,38.87861,-76.96145,1,1
155314,287989899,38.87648,-77.00039,1,1
155906,25704209,38.9002,-76.99377,1,1
157218,25484370,38.88982,-76.98366,1,1
158010,25704255,38.89358,-76.98655,1,1
163821,25703970,38.90021,-77.00204,1,1
169817,25702894,38.89207,-77.0091,1,1
169878,812153492,38.89204,-77.00553,1,1
170555,19462900,38.87653,-77.00983,1,1
173408,839405860,38.90019,-76.9897,1,1
177138,976988811,38.86345,-77.0005,1,1
177939,25702953,38.89604,-77.00586,1,1
177945,25479856,38.88756,-77.01415,1,1
183280,25485732,38.88982,-76.96123,1,1
188571,25707317,38.89333,-76.979,1,1
189578,810267863,38.89037,-76.99098,1,1
190269,25481167,38.88762,-76.99949,1,1
192509,25481187,38.88762,-76.99616,1,1
192904,957920570,38.87479,-76.97423,0,0
194485,25484283,38.87766,-76.97973,0,0
195863,25481503,38.88981,-76.99495,1,1
