87187,25353988,38.87272,-77.384,1,1
87188,994155070,38.87354,-77.38412,1,1
87233,25353349,38.86198,-77.38682,1,1
87234,25350804,38.86019,-77.40523,1,1
87458,994154169,38.86542,-77.38162,1,1
87459,994155081,38.86602,-77.38186,1,1
87817,25353512,38.86055,-77.37831,1,1
87818,994155042,38.86223,-77.38174,1,1
87820,994155043,38.86247,-77.38104,1,1
87979,994155062,38.86329,-77.38396,1,1
87980,25353351,38.86209,-77.38693,1,1
87981,994155063,38.86283,-77.38533,1,1
87982,983919047,38.86219,-77.3865,1,1
87983,994155060,38.86363,-77.38274,1,1
87984,25353453,38.8632,-77.38287,1,1
87985,994155061,38.86329,-77.38352,1,1
87988,994155059,38.86251,-77.38312,1,1
87990,994154167,38.86039,-77.38545,1,1
87991,25353451,38.86298,-77.38295,1,1
88902,994154177,38.86516,-77.38222,1,1
88903,25353467,38.86368,-77.38208,1,1
88904,25353449,38.86232,-77.38237,1,1
88905,25353463,38.86264,-77.38155,1,1
88906,25353471,38.86285,-77.38147,1,1
88907,25353448,38.86231,-77.38263,1,1
88908,994154170,38.86865,-77.38289,1,1
88909,25353490,38.8653,-77.38226,1,1
88910,994154171,38.86901,-77.38319,1,1
88911,994154172,38.86524,-77.3827,1,1
88912,994154173,38.8651,-77.38268,1,1
88913,25353497,38.8652,-77.38198,1,1
88914,994154176,38.86534,-77.38202,1,1
88918,994154168,38.86528,-77.38157,1,1
88919,851477311,38.85972,-77.38683,1,1
89400,983725046,38.88849,-77.4055,1,1
89401,25351665,38.88813,-77.40567,1,1
89856,25354736,38.86469,-77.36869,1,1
89857,851554639,38.86535,-77.36776,1,1
90159,275095374,38.85793,-77.37042,0,0
90160,851555537,38.85891,-77.3651,0,0
90186,25355334,38.87404,-77.36742,1,1
90309,25353724,38.87903,-77.39253,1,1
90311,25354084,38.87708,-77.38256,1,1
90356,303928235,38.88162,-77.40755,1,1
90447,25354141,38.87691,-77.38155,1,1
90466,25354595,38.86142,-77.37069,1,1
90600,25351580,38.88158,-77.4074,1,1
90844,25354073,38.87568,-77.38321,1,1
90993,25351354,38.87526,-77.41202,1,1
91060,25354466,38.85926,-77.37133,1,1
91209,25353870,38.88862,-77.39154,1,1
91215,25354070,38.87547,-77.38333,1,1
91376,25354190,38.87355,-77.37773,1,1
91433,25354077,38.87546,-77.38267,1,1
91570,25354847,38.86822,-77.36474,1,1
91796,25549307,38.89964,-77.41606,1,1
92101,303895444,38.867,-77.36496,1,1
92196,25553178,38.8952,-77.38052,1,1
92226,25354817,38.86725,-77.365,1,1
92244,25353556,38.85971,-77.37542,1,1
92302,25351430,38.87548,-77.40853,1,1
92357,19426014,38.8644,-77.36865,1,1
92404,25353994,38.87268,-77.38375,1,1
92502,25353990,38.87402,-77.38412,1,1
92543,25351075,38.85875,-77.39585,1,1
92589,25351090,38.8606,-77.40471,1,1
92758,25351073,38.8586,-77.39599,1,1
92833,25351209,38.86022,-77.39821,1,1
92905,25354076,38.87616,-77.38289,1,1
92909,19426013,38.86459,-77.3688,1,1
93052,25549622,38.8951,-77.41488,1,1
93156,303622568,38.85844,-77.3882,1,1
93231,25553190,38.8994,-77.38125,1,1
93416,25354617,38.86295,-77.3697,1,1
93435,25353100,38.8588,-77.39243,1,1
93491,25355507,38.88086,-77.36926,1,1
93662,983795524,38.8876,-77.3766,1,1
93663,945035294,38.88642,-77.37619,1,1
93664,983795523,38.86782,-77.36461,1,1
93665,25354818,38.8673,-77.36478,1,1
93784,303570313,38.89191,-77.37975,1,1
93791,25355478,38.88405,-77.37404,1,1
93812,25354467,38.85944,-77.3713,1,1
93911,25351879,38.88104,-77.39774,1,1
93955,25350647,38.88874,-77.41744,1,1
93993,25355416,38.87763,-77.36823,1,1
94046,25353070,38.85825,-77.39419,1,1
94187,968808755,38.86786,-77.36302,1,1
94188,25355049,38.86761,-77.36238,1,1
94191,25355044,38.8675,-77.36258,1,1
94192,983792010,38.86969,-77.36739,1,1
94249,25550092,38.89671,-77.3996,1,1
94257,25354049,38.87452,-77.38088,1,1
94258,983792004,38.87625,-77.38433,1,1
94260,25354055,38.87545,-77.3836,1,1
94262,25354056,38.87564,-77.38376,1,1
94264,25354053,38.87419,-77.37941,1,1
94265,983792007,38.8752,-77.38139,1,1
94267,983792009,38.86938,-77.36642,1,1
94268,25354838,38.86887,-77.36567,1,1
94269,25354802,38.86602,-77.36613,1,1
94452,25355293,38.871,-77.37113,1,1
94711,25353904,38.88277,-77.38512,1,1
94712,983790791,38.88731,-77.38166,1,1
94804,248164606,38.87835,-77.3902,1,1
94863,25353973,38.87036,-77.38333,1,1
94879,25351526,38.88736,-77.41339,1,1
94915,25353557,38.85988,-77.37539,1,1
94935,25354848,38.86839,-77.36491,1,1
95081,25355331,38.87367,-77.36737,1,1
95091,25354204,38.87286,-77.37592,1,1
95205,25353469,38.86354,-77.38187,1,1
95208,25353334,38.86097,-77.38934,1,1
95220,19458127,38.87739,-77.3877,1,1
95227,25353518,38.86067,-77.37819,1,1
95346,25351658,38.88677,-77.4055,1,1
95370,25355332,38.8737,-77.36721,1,1
95476,25353839,38.87644,-77.38522,1,1
95516,25353335,38.86108,-77.38943,1,1
95899,25351607,38.88416,-77.40574,1,1
96109,25354189,38.87338,-77.37786,1,1
96110,983787925,38.87354,-77.37828,1,1
96111,25354346,38.88734,-77.38154,1,1
96112,983787926,38.88756,-77.38094,1,1
96148,248169949,38.88573,-77.38322,1,1
96155,19458126,38.87624,-77.38531,1,1
96240,25353817,38.87766,-77.3884,1,1
96249,19460560,38.88889,-77.41735,1,1
96328,25351144,38.86141,-77.40014,1,1
96588,25549999,38.89237,-77.40399,1,1
96597,25354051,38.874,-77.3795,1,1
96648,19458135,38.86915,-77.36688,1,1
96673,25353995,38.87413,-77.38387,1,1
96778,19458133,38.86871,-77.36576,1,1
96835,25553231,38.90241,-77.38222,1,1
96894,248164605,38.88207,-77.3873,1,1
96906,25354075,38.87623,-77.38311,1,1
96962,983783515,38.88232,-77.36656,1,1
96963,26944755,38.88227,-77.3667,1,1
97231,25354203,38.87266,-77.37605,1,1
97277,25354071,38.87575,-77.38339,1,1
97287,248164603,38.87982,-77.39401,1,1
97336,25355516,38.88166,-77.368,1,1
97341,25354468,38.85932,-77.37112,1,1
97474,303928245,38.88236,-77.40692,1,1
97586,25351432,38.87715,-77.40877,1,1
97598,19460561,38.87919,-77.39237,1,1
97669,303928228,38.8702,-77.40783,1,1
97670,966143968,38.87106,-77.40791,1,1
97671,966143964,38.8676,-77.4074,1,1
97672,25350841,38.86722,-77.40729,1,1
97744,848140185,38.87954,-77.36885,1,1
97745,222000951,38.87938,-77.3688,1,1
97774,25553174,38.89267,-77.38022,1,1
97775,848140211,38.89344,-77.38053,1,1
97973,25550061,38.89605,-77.40136,1,1
97988,303928241,38.88097,-77.40796,1,1
97989,25354420,38.88886,-77.37749,1,1
98025,25353074,38.85842,-77.39419,1,1
98026,303921779,38.86909,-77.36624,1,1
98042,25351595,38.88292,-77.40673,1,1
98161,25355354,38.8706,-77.36555,1,1
98351,19458395,38.87033,-77.36558,1,1
98429,25350628,38.88925,-77.41831,1,1
98496,966143967,38.86834,-77.40758,1,1
98497,966145050,38.86705,-77.40724,1,1
98498,966145051,38.86868,-77.40763,1,1
98501,25350842,38.86653,-77.40709,1,1
98525,25354798,38.86571,-77.36669,1,1
98530,25354352,38.88767,-77.38063,1,1
98543,25351446,38.87778,-77.40884,1,1
98570,25351521,38.88649,-77.41384,1,1
98639,25350814,38.86248,-77.40588,1,1
98650,303928231,38.87999,-77.40842,1,1
98661,25351881,38.88122,-77.39761,1,1
98722,25351524,38.88719,-77.41348,1,1
98784,966148211,38.86036,-77.40528,1,1
98876,25354856,38.86847,-77.36462,1,1
98957,25351863,38.88215,-77.40059,1,1
98975,25550014,38.89349,-77.40276,1,1
98980,303628149,38.87329,-77.36712,1,1
99133,25354768,38.86586,-77.36685,1,1
99234,25353101,38.85867,-77.39229,1,1
99438,25351880,38.88129,-77.39781,1,1
99520,25354593,38.86148,-77.37085,1,1
99552,25353715,38.8801,-77.39471,1,1
99725,25351449,38.88003,-77.40854,1,1
99846,25355285,38.8713,-77.37251,1,1
99984,25550068,38.8971,-77.40105,1,1
100029,25350848,38.86941,-77.40773,1,1
100036,25354823,38.86765,-77.36591,1,1
100185,966149734,38.87692,-77.40874,1,1
100188,25351431,38.87636,-77.40866,1,1
100191,25550054,38.89999,-77.40485,1,1
100196,1050424926,38.90067,-77.40537,1,1
100197,25550053,38.89993,-77.40499,1,1
100310,25354801,38.8661,-77.3664,1,1
100451,94155830,38.89875,-77.41582,1,1
100714,25354857,38.86852,-77.36478,1,1
100783,19458124,38.87471,-77.38073,1,1
100987,25552943,38.89091,-77.39292,1,1
101032,25354419,38.8905,-77.3788,1,1
101312,25354423,38.88638,-77.37636,1,1
101487,25353714,38.87991,-77.39482,1,1
101561,25355298,38.87016,-77.36953,1,1
101663,25355296,38.87046,-77.37033,1,1
101705,25549638,38.89652,-77.41526,1,1
101776,1053582030,38.87919,-77.3662,1,1
101777,25355745,38.87799,-77.36222,1,1
101907,1050844044,38.87997,-77.38303,1,1
101908,248164604,38.88256,-77.38812,1,1
101909,1050844045,38.88337,-77.38907,1,1
101910,1050844040,38.88226,-77.38543,1,1
101912,1050844046,38.88246,-77.38531,1,1
101913,1050844039,38.88169,-77.38644,1,1
101914,25353899,38.88166,-77.3858,1,1
101915,1050844041,38.88209,-77.38553,1,1
101916,25354162,38.87838,-77.38207,1,1
101918,1050844043,38.88323,-77.38862,1,1
101919,25354115,38.8786,-77.38232,1,1
101921,25353898,38.88148,-77.38591,1,1
101922,1050844038,38.88192,-77.387,1,1
101923,1050844037,38.88134,-77.38496,1,1
101924,1050844036,38.8812,-77.38461,1,1
102407,25353816,38.87747,-77.38851,1,1
102471,25353220,38.85803,-77.3882,1,1
102535,25354859,38.86945,-77.36503,1,1
102555,25549990,38.89074,-77.40441,1,1
102734,25354839,38.86942,-77.36514,1,1
102744,25350610,38.88389,-77.41598,1,1
102800,25355927,38.88508,-77.36255,1,1
102975,26960249,38.88307,-77.37213,1,1
102976,248164602,38.87839,-77.3909,1,1
103217,983715554,38.87145,-77.40795,1,1
103218,983715555,38.87426,-77.40837,1,1
103220,25351398,38.87137,-77.40794,1,1
103221,983715556,38.88986,-77.41351,1,1
103222,25351540,38.88977,-77.41349,1,1
103230,25350321,38.87533,-77.41855,1,1
103231,983715559,38.88639,-77.40531,1,1
103235,983715561,38.88965,-77.40462,1,1
103236,25350361,38.8752,-77.41612,1,1
103238,983715564,38.87532,-77.41839,1,1
103239,983715563,38.87518,-77.41486,1,1
103255,983715551,38.88256,-77.41748,1,1
103256,983715550,38.88167,-77.41849,1,1
103270,25354360,38.88801,-77.37974,1,1
103321,25354858,38.86852,-77.36478,1,1
103536,248164601,38.87858,-77.39077,1,1
103689,25351448,38.87939,-77.40879,1,1
103795,25350805,38.86074,-77.40538,1,1
103828,25350838,38.86523,-77.40673,1,1
103851,25354908,38.85887,-77.36347,0,0
103915,303622570,38.85913,-77.38763,1,1
103924,25354788,38.86928,-77.36673,1,1
104063,1050847132,38.8973,-77.40168,1,1
104065,1050847133,38.89934,-77.4046,1,1
104066,1050847130,38.89764,-77.40246,1,1
104067,1050847134,38.89872,-77.40381,1,1
104068,25550069,38.89724,-77.401,1,1
104069,1050847135,38.89495,-77.39686,1,1
104070,19460620,38.88872,-77.39134,1,1
104071,1050847128,38.89698,-77.39997,1,1
104072,1050847127,38.89688,-77.39963,1,1
104073,1050847131,38.89746,-77.40206,1,1
104074,1050847129,38.89712,-77.40051,1,1
104123,303622571,38.85905,-77.38744,1,1
104130,1055656552,38.86389,-77.36937,1,1
104131,25354615,38.86303,-77.36988,1,1
104144,25354910,38.85912,-77.36393,0,0
104147,25350627,38.88911,-77.41842,1,1
104278,25353972,38.87033,-77.38352,1,1
104281,25354852,38.86823,-77.36459,1,1
104335,25355300,38.87033,-77.36938,1,1
104781,945034319,38.8994,-77.38109,1,1
104783,945034318,38.89584,-77.38034,1,1
104786,945034317,38.90242,-77.38206,1,1
104830,945034681,38.8952,-77.38035,1,1
104831,945034680,38.89273,-77.38007,1,1
104837,945035292,38.88891,-77.37736,1,1
104839,945035291,38.89057,-77.37866,1,1
104862,816614106,38.85941,-77.37334,1,1
105087,1062804398,38.87234,-77.37522,1,1
105088,25355282,38.8719,-77.37407,1,1
105089,25355286,38.8715,-77.37242,1,1
105090,1062804395,38.87255,-77.37513,1,1
105216,945037665,38.87942,-77.36865,1,1
105217,945037664,38.87766,-77.3681,1,1
105219,945037666,38.88208,-77.37043,1,1
105220,945037661,38.88091,-77.36914,1,1
105221,945037660,38.88316,-77.37202,1,1
105222,945035293,38.88414,-77.37395,1,1
105225,945037663,38.87482,-77.36735,1,1
105226,945037662,38.87405,-77.36727,1,1
105964,983823519,38.86827,-77.36372,1,1
106359,25354074,38.87568,-77.38321,1,1
106398,25354058,38.87554,-77.38354,1,1
106629,25549614,38.89195,-77.41405,1,1
106650,303930209,38.88253,-77.37134,1,1
106799,19458125,38.87527,-77.38284,1,1
106954,25353218,38.85804,-77.38846,1,1
106970,25354085,38.87711,-77.3823,1,1
106972,303928244,38.88243,-77.40704,1,1
107305,25350601,38.88315,-77.41681,1,1
107349,25354359,38.88781,-77.38024,1,1
107382,983981871,38.8698,-77.36497,1,1
107628,25354069,38.87547,-77.38333,1,1
107760,25549620,38.89343,-77.41442,1,1
107800,236102084,38.85955,-77.40505,1,1
107812,19458193,38.87528,-77.38343,1,1
107854,25355422,38.87942,-77.36685,1,1
107868,25351605,38.88421,-77.40589,1,1
107943,25350816,38.86407,-77.40637,1,1
108362,25351523,38.88699,-77.41361,1,1
108476,25353825,38.87721,-77.38782,1,1
108656,25351211,38.86036,-77.39803,1,1
108721,25354072,38.87575,-77.38339,1,1
108875,25355401,38.87485,-77.36748,1,1
108892,25351143,38.86127,-77.40022,1,1
108944,25351324,38.87519,-77.41379,1,1
109276,25353797,38.87431,-77.38526,1,1
109377,25553187,38.89583,-77.38048,1,1
109520,25350813,38.86458,-77.40654,1,1
109651,303925139,38.88934,-77.41334,1,1
110152,1054049106,38.88438,-77.40632,1,1
110166,983792008,38.86649,-77.36518,1,1
110167,968808754,38.86752,-77.36269,1,1
110387,19458134,38.8682,-77.36439,1,1
110388,1008821731,38.86828,-77.36459,1,1
110535,1051376938,38.8608,-77.38385,1,1
110536,303922447,38.86038,-77.38501,1,1
110537,1051376941,38.86203,-77.38187,1,1
110538,1051376940,38.86166,-77.38218,1,1
110539,1051376939,38.86135,-77.38266,1,1
110540,25355021,38.8684,-77.36443,1,1
110541,1008822552,38.86847,-77.36462,1,1
110872,25354057,38.87554,-77.38354,1,1
110939,25354815,38.8671,-77.3651,1,1
111068,303921821,38.86844,-77.36653,1,1
111196,984031586,38.87361,-77.38442,1,1
111201,25353244,38.85933,-77.38739,1,1
111207,851477312,38.85962,-77.38669,1,1
111208,25353242,38.85923,-77.38723,1,1
112096,1051945216,38.86138,-77.38322,1,1
112504,851479282,38.86517,-77.36764,1,1
112505,25354738,38.8645,-77.36854,1,1
112506,851479281,38.86581,-77.36694,1,1
112530,851479120,38.87183,-77.36619,1,1
112531,851479119,38.87198,-77.36651,1,1
112532,19458397,38.87137,-77.36591,1,1
112533,25355356,38.87152,-77.36622,1,1
112569,25354776,38.86965,-77.36819,1,1
112570,851478963,38.87004,-77.36866,1,1
112571,25354785,38.86981,-77.36808,1,1
112572,851478964,38.86988,-77.36878,1,1
112736,1050790224,38.88465,-77.36343,1,1
112737,983773832,38.8834,-77.36509,1,1
112740,816917727,38.85963,-77.37343,1,1
113493,1050844042,38.87957,-77.38245,1,1
113494,1055471258,38.88082,-77.38377,1,1
114000,1050348057,38.8857,-77.40517,1,1
114001,1050348055,38.88527,-77.40523,1,1
114002,1050348058,38.88469,-77.40711,1,1
114003,1050348046,38.8845,-77.40663,1,1
114004,1050348052,38.88282,-77.40175,1,1
114005,25351864,38.88233,-77.40049,1,1
114006,25351841,38.88393,-77.40458,1,1
114007,1050348053,38.88383,-77.40432,1,1
114008,1050348051,38.88493,-77.40534,1,1
114009,1050348054,38.88416,-77.4052,1,1
114010,1050348056,38.88479,-77.40542,1,1
114011,25351608,38.88435,-77.40569,1,1
114012,1050348047,38.8849,-77.40766,1,1
114013,1050348048,38.88588,-77.4102,1,1
114014,1050348049,38.88364,-77.4061,1,1
114015,25351596,38.88289,-77.40659,1,1
114016,1050348050,38.88344,-77.40624,1,1
114096,1050349727,38.88717,-77.41292,1,1
114098,1050349729,38.88772,-77.41486,1,1
114100,1050349730,38.88759,-77.41453,1,1
114101,1050349733,38.88688,-77.41218,1,1
114102,1050349734,38.88765,-77.41469,1,1
114104,1050349731,38.88749,-77.41427,1,1
114105,1050349728,38.88618,-77.41037,1,1
114106,1050349732,38.88812,-77.41304,1,1
114285,851555538,38.85859,-77.36501,0,0
114287,968896307,38.8587,-77.36441,0,0
203170,25351127,38.86148,-77.40264,1,1
203917,994155058,38.86305,-77.38347,1,1
210191,983792003,38.87475,-77.38248,1,1
210196,983792005,38.87588,-77.38487,1,1
210199,983792006,38.87631,-77.38271,1,1
212029,25351128,38.86161,-77.40269,1,1
219165,983715560,38.87537,-77.41898,1,1
221152,907574963,38.87959,-77.36772,1,1
226102,983995379,38.86759,-77.36363,1,1
