115,26991567,38.89446,-76.91033,1,1
116,811080865,38.89357,-76.91088,1,1
117,25743620,38.89289,-76.9109,1,1
126,811080866,38.89485,-76.90979,1,1
1189,287992183,38.88531,-76.94068,1,1
1190,968901362,38.88589,-76.94059,1,1
1280,947422373,38.86464,-76.94898,1,1
1281,968965526,38.86492,-76.94968,1,1
1587,25497696,38.88968,-76.91347,1,1
1588,25497707,38.88966,-76.91231,1,1
1589,25497698,38.8898,-76.91324,1,1
1590,986782030,38.89001,-76.91299,1,1
2180,968901350,38.88534,-76.93564,1,1
2181,872138521,38.88713,-76.9504,1,1
2182,977073708,38.88735,-76.95063,1,1
2187,25496740,38.88226,-76.93361,1,1
2188,977073705,38.88252,-76.93383,1,1
2272,25497452,38.88982,-76.92291,1,1
2273,1059544239,38.88982,-76.92111,1,1
2339,25497526,38.8898,-76.91473,1,1
2340,287992259,38.88981,-76.91564,1,1
2386,977074020,38.8866,-76.94985,1,1
2387,25485969,38.88642,-76.94967,1,1
2396,25742324,38.90274,-76.93759,1,1
2397,977074018,38.90275,-76.93697,1,1
2398,25742190,38.89482,-76.93919,1,1
2399,977074017,38.89531,-76.9392,1,1
2800,975235570,38.88571,-76.9358,1,1
3624,975126270,38.89835,-76.92691,1,1
3630,25742510,38.89835,-76.92746,1,1
4190,810096761,38.89436,-76.94972,1,1
4191,837757520,38.8947,-76.94946,1,1
4681,947422392,38.86299,-76.94768,1,1
4682,947422397,38.86398,-76.94734,1,1
4683,809026418,38.86384,-76.94703,1,1
4684,25485397,38.86406,-76.94754,1,1
4685,947422398,38.86434,-76.94824,1,1
4686,947422372,38.86248,-76.94836,1,1
4687,287991843,38.86221,-76.94872,1,1
4699,810096765,38.86162,-76.94946,1,1
4700,947422412,38.86168,-76.94939,1,1
4726,968958306,38.87235,-76.93572,1,1
4727,25496394,38.87213,-76.936,1,1
4733,25496392,38.87166,-76.93659,1,1
5221,25742267,38.90148,-76.94149,1,1
5222,810757774,38.90163,-76.94189,1,1
5226,1046469103,38.8656,-76.93189,1,1
5227,1052524959,38.86593,-76.93052,1,1
5461,875062205,38.89796,-76.9496,1,1
5462,25708691,38.89769,-76.94995,1,1
5517,25708690,38.89743,-76.95004,0,0
5518,875061979,38.89787,-76.94948,0,0
5519,25708689,38.89732,-76.94997,0,0
5520,875061980,38.89781,-76.94937,0,0
7473,874934074,38.90171,-76.94495,1,1
7474,25708810,38.90154,-76.94508,1,1
8811,810736460,38.90278,-76.94435,1,1
10314,1033961307,38.86461,-76.90975,1,1
10358,25499251,38.86334,-76.90222,1,1
10359,990403707,38.86384,-76.90305,1,1
10360,990403708,38.86217,-76.91666,1,1
10361,957362934,38.86141,-76.91713,1,1
10594,957397419,38.8634,-76.91389,1,1
10595,957397418,38.86262,-76.91294,1,1
10596,25497223,38.86247,-76.91276,1,1
11070,25496393,38.87191,-76.93628,1,1
11071,968958299,38.87173,-76.9365,1,1
11072,975241149,38.87182,-76.93639,1,1
11084,1002913391,38.86829,-76.91752,1,1
11085,976868457,38.86685,-76.91694,1,1
11086,25497326,38.86996,-76.92024,1,1
11087,1002913397,38.87034,-76.92004,1,1
11212,810740409,38.89026,-76.93778,1,1
11213,946980704,38.89035,-76.93784,1,1
12077,1060237947,38.89549,-76.95103,1,1
12078,1064253195,38.89557,-76.95138,1,1
12079,1060237946,38.89546,-76.95107,1,1
12080,1064253196,38.8955,-76.95145,1,1
12081,1064253193,38.88979,-76.95701,1,1
12083,1064253194,38.88979,-76.95716,1,1
13530,976865530,38.8885,-76.90726,1,1
13531,25497769,38.88828,-76.90674,1,1
13532,976865529,38.88838,-76.90733,1,1
13533,25497764,38.88832,-76.90719,1,1
13539,904249453,38.9017,-76.90075,1,1
13540,976865535,38.90175,-76.9007,1,1
13541,25499696,38.88611,-76.90339,1,1
13542,976865534,38.88622,-76.90258,1,1
13545,25747057,38.897,-76.90196,1,1
13546,976865524,38.89739,-76.90014,1,1
14054,976936455,38.88828,-76.9369,1,1
14055,25496580,38.8882,-76.93686,1,1
14102,25497771,38.88587,-76.90499,1,1
14103,976865537,38.88605,-76.90378,1,1
14111,25747231,38.90232,-76.90019,1,1
14112,976865540,38.90236,-76.90016,1,1
14295,25497226,38.86087,-76.91085,1,1
14296,957362943,38.86199,-76.91219,1,1
14324,957362929,38.86252,-76.91655,1,1
14325,957362931,38.8606,-76.91859,1,1
14327,322688466,38.86038,-76.91899,1,1
14328,957362932,38.86045,-76.91909,1,1
14329,25497012,38.86,-76.9181,1,1
14330,957362933,38.86026,-76.91831,1,1
14331,957362935,38.86299,-76.91675,1,1
14332,25496969,38.85998,-76.91909,1,1
14333,957362936,38.86028,-76.91898,1,1
15001,990382603,38.85966,-76.90929,1,1
15127,1046427132,38.8968,-76.90631,1,1
15128,1046427131,38.89662,-76.90652,1,1
15129,1002776560,38.89647,-76.9067,1,1
15130,947422366,38.86263,-76.94817,1,1
15131,976856238,38.86268,-76.94811,1,1
15138,976856236,38.86365,-76.94656,1,1
15139,25485436,38.86351,-76.94621,1,1
15141,25485395,38.86331,-76.94725,1,1
15142,976856237,38.86283,-76.94791,1,1
15143,25485390,38.86275,-76.94802,1,1
15580,920200762,38.88706,-76.92487,1,1
15581,25496844,38.88675,-76.92424,1,1
15896,976939641,38.89076,-76.93818,1,1
15897,25742180,38.89062,-76.93805,1,1
15898,976939642,38.89897,-76.93919,1,1
15899,25742209,38.89865,-76.93918,1,1
15904,25742210,38.89905,-76.93919,1,1
15905,976939647,38.89961,-76.9392,1,1
15906,976939648,38.89462,-76.927,1,1
15907,25742475,38.89447,-76.92705,1,1
15908,976939646,38.89557,-76.92665,1,1
15909,25742476,38.8953,-76.92675,1,1
17238,957376324,38.85955,-76.91965,1,1
17239,957484548,38.85992,-76.91916,1,1
17482,25485429,38.86374,-76.94678,1,1
17528,1073970327,38.89756,-76.94697,1,1
17529,957920571,38.89735,-76.94708,1,1
19355,1046221711,38.86091,-76.91803,1,1
19356,25497011,38.86059,-76.91812,1,1
19357,1047469279,38.86106,-76.91786,1,1
19358,1047469280,38.86092,-76.91769,1,1
19762,957376327,38.85824,-76.90362,1,1
19771,957376332,38.86293,-76.90161,1,1
19772,322688488,38.86269,-76.90124,1,1
19779,236507370,38.85879,-76.92036,1,1
19782,25499255,38.86247,-76.90088,1,1
19783,957376323,38.86253,-76.90098,1,1
20447,916242789,38.88686,-76.9002,1,1
20450,916242788,38.88673,-76.90027,1,1
20452,25499708,38.88641,-76.9013,1,1
20453,916242787,38.88654,-76.9004,1,1
21421,957371843,38.8607,-76.9023,1,1
21422,25499232,38.85992,-76.90277,1,1
21542,25742167,38.90054,-76.94434,1,1
21543,886275369,38.90124,-76.94346,1,1
22947,25485276,38.8595,-76.94684,1,1
23039,25497768,38.88804,-76.90653,1,1
23196,25497341,38.87676,-76.92118,1,1
23256,25497337,38.87724,-76.92179,1,1
23283,25496758,38.88067,-76.9293,1,1
23332,25485997,38.88933,-76.94955,1,1
23413,25486003,38.88373,-76.94722,1,1
23443,25497774,38.88749,-76.90501,1,1
23552,25497669,38.88479,-76.91362,1,1
23655,25499710,38.88695,-76.90167,1,1
23827,25496796,38.88983,-76.93043,1,1
23906,25496838,38.88971,-76.92712,1,1
24003,25497332,38.87201,-76.91919,1,1
24047,25486036,38.88972,-76.94723,1,1
24435,1046221714,38.86175,-76.9208,1,1
24436,1047147380,38.86204,-76.9212,1,1
24603,26967378,38.89626,-76.95541,1,1
24798,287992170,38.88424,-76.94765,1,1
24869,25497704,38.88981,-76.91257,1,1
24921,25485985,38.88877,-76.95052,1,1
24930,25496456,38.88209,-76.94299,1,1
25018,25496457,38.88244,-76.94254,1,1
25102,25486029,38.88979,-76.94865,1,1
25149,26967175,38.88971,-76.91941,1,1
25152,25497531,38.8898,-76.91364,1,1
25198,25485791,38.88758,-76.95468,1,1
25441,25495994,38.86921,-76.93972,1,1
25453,287191578,38.88661,-76.89991,1,1
25555,25485909,38.87907,-76.94483,1,1
25618,25743749,38.8988,-76.90387,1,1
25682,25496850,38.88971,-76.92394,1,1
25844,25485394,38.86312,-76.94749,1,1
25920,25497353,38.87815,-76.91963,1,1
26063,1054651155,38.85929,-76.90872,1,1
26064,25497206,38.85904,-76.90832,1,1
26390,25499722,38.88686,-76.89934,1,1
26494,837788420,38.87644,-76.93046,1,1
26496,25496675,38.87602,-76.93099,1,1
26504,25497746,38.88537,-76.90853,1,1
26590,25496447,38.88176,-76.94353,1,1
26724,25485327,38.86211,-76.95222,1,1
26770,25485435,38.86411,-76.94633,1,1
27060,25497056,38.86493,-76.91578,1,1
27122,25486037,38.88984,-76.94724,1,1
27143,25742319,38.90148,-76.9392,1,1
27145,25742242,38.90195,-76.94407,1,1
27181,25486005,38.88086,-76.94577,1,1
27182,25742467,38.89285,-76.92764,1,1
27227,25485160,38.85834,-76.9537,1,1
27547,287992043,38.89836,-76.9237,1,1
27568,25497034,38.86452,-76.91527,1,1
27597,25496582,38.88967,-76.9375,1,1
27614,25496406,38.8729,-76.93502,1,1
27671,917880144,38.90239,-76.9437,0,0
27672,26966991,38.90061,-76.94579,0,0
27673,917880145,38.90226,-76.94403,1,1
27675,917880146,38.90226,-76.94403,0,0
27676,25708807,38.9007,-76.94586,0,0
27677,917880139,38.8983,-76.94872,0,0
27678,26966993,38.8982,-76.94884,0,0
27679,917880142,38.90246,-76.94381,0,0
27680,917880141,38.90246,-76.94381,1,1
27681,917880143,38.90239,-76.9437,1,1
27682,25742252,38.90234,-76.94362,1,1
27744,25743368,38.89837,-76.91884,1,1
27839,25496822,38.8815,-76.92398,1,1
27905,25497344,38.87612,-76.91979,1,1
27930,25485166,38.85936,-76.95236,1,1
27955,25496485,38.88341,-76.94161,1,1
28090,25708685,38.89631,-76.95167,1,1
28141,25743603,38.89049,-76.91237,1,1
28538,25497758,38.88898,-76.90845,1,1
28585,25499709,38.88683,-76.9017,1,1
28634,25708631,38.89192,-76.95152,1,1
28788,25485947,38.88882,-76.95213,1,1
28986,25485998,38.88991,-76.95006,1,1
29087,25742231,38.89927,-76.93563,1,1
29144,25708813,38.90227,-76.94475,1,1
29165,25708617,38.89431,-76.95367,0,0
29308,25496400,38.87347,-76.93608,1,1
29327,25485367,38.86559,-76.9513,1,1
29402,25496737,38.87972,-76.92497,1,1
29688,25496200,38.86495,-76.93292,1,1
29809,25496070,38.86605,-76.9342,1,1
29920,25496446,38.8816,-76.94379,1,1
30091,25497005,38.86039,-76.91863,1,1
30103,25747066,38.90042,-76.90202,1,1
30110,25496490,38.88487,-76.94081,1,1
30163,25708731,38.89344,-76.94453,1,1
30178,25499702,38.88701,-76.90212,1,1
30334,25742189,38.89411,-76.93917,1,1
30362,25497002,38.85986,-76.91832,1,1
30392,25485383,38.86003,-76.94772,1,1
30454,25496591,38.88597,-76.93592,1,1
30540,336677788,38.88066,-76.92939,1,1
30656,25742610,38.90221,-76.92428,1,1
30728,25708752,38.90018,-76.9468,1,1
30895,25708743,38.8993,-76.94791,1,1
30932,25485381,38.86191,-76.94911,1,1
30992,25496069,38.86689,-76.93527,1,1
31153,287992092,38.89055,-76.91243,1,1
31243,25743370,38.90056,-76.91922,1,1
31504,25497762,38.88856,-76.9074,1,1
31510,26967178,38.88693,-76.90253,1,1
31635,287583628,38.86933,-76.93957,1,1
31662,25743701,38.89091,-76.90349,1,1
31773,25497325,38.87012,-76.92087,1,1
31854,25497664,38.88348,-76.91362,1,1
31856,322678015,38.89135,-76.91127,1,1
32072,25497036,38.8642,-76.91486,1,1
32548,25742239,38.89914,-76.9345,1,1
32550,25747061,38.90001,-76.90272,1,1
32640,25743412,38.89837,-76.91777,1,1
33122,25743418,38.89842,-76.91648,1,1
33126,25497438,38.88512,-76.91934,1,1
33290,25496703,38.87197,-76.92452,1,1
33325,287992180,38.88957,-76.93808,1,1
33398,25743426,38.89717,-76.91488,1,1
33466,25497468,38.88981,-76.9194,1,1
33559,26967377,38.89606,-76.95488,1,1
33590,25742182,38.89264,-76.93919,1,1
33610,25743628,38.8945,-76.91046,1,1
33615,25496799,38.88941,-76.92986,1,1
33644,25497509,38.88545,-76.91362,1,1
33648,25497290,38.86413,-76.90354,1,1
33666,25708634,38.89228,-76.95129,1,1
33736,322685031,38.86664,-76.93494,1,1
33757,957292376,38.86064,-76.90212,1,1
33758,25499234,38.8597,-76.90271,1,1
33779,957292370,38.86231,-76.90082,1,1
33780,287193162,38.86203,-76.90116,1,1
33798,25496382,38.87492,-76.93884,1,1
33804,25708623,38.8946,-76.95302,0,0
33822,25496680,38.87689,-76.92991,1,1
33823,25497524,38.88845,-76.91367,1,1
34256,25497441,38.8865,-76.92339,1,1
34272,25747072,38.89744,-76.89994,1,1
34722,917906843,38.89561,-76.95155,1,1
34890,25743602,38.89036,-76.91254,1,1
34908,25495986,38.86795,-76.94136,1,1
34932,25496203,38.86555,-76.93359,1,1
34940,25708460,38.89619,-76.95495,1,1
35015,26967172,38.88982,-76.92498,1,1
35127,287992264,38.88983,-76.94248,1,1
35145,25486007,38.88114,-76.94484,1,1
35152,25743414,38.89976,-76.9182,1,1
35325,25496388,38.87394,-76.93697,1,1
35762,25497029,38.86373,-76.9165,1,1
36009,25496499,38.88652,-76.94056,1,1
36221,322685030,38.86727,-76.93576,1,1
36300,26967177,38.88795,-76.9063,1,1
36336,25743639,38.89602,-76.91342,1,1
36353,25708665,38.89572,-76.95187,1,1
36377,25742237,38.89933,-76.93562,1,1
36911,25485980,38.8902,-76.95164,1,1
37002,25496837,38.88833,-76.92683,1,1
37053,336677790,38.90163,-76.94294,1,1
37058,25496383,38.87442,-76.93789,1,1
37113,25708739,38.89829,-76.94895,0,0
37394,25496785,38.88972,-76.93206,1,1
37620,25708668,38.89565,-76.95176,0,0
37622,1004482786,38.89564,-76.9523,0,0
37623,1060177912,38.89617,-76.95181,1,1
37624,25708686,38.89605,-76.95151,1,1
37625,1060177911,38.89617,-76.95191,1,1
37626,25708650,38.89599,-76.95251,1,1
37636,25742437,38.89854,-76.93165,1,1
37638,25497667,38.88411,-76.91361,1,1
37701,25497519,38.88734,-76.91365,1,1
38006,25485789,38.88679,-76.95523,1,1
38122,25485352,38.86597,-76.95224,1,1
38208,25496059,38.86883,-76.93777,1,1
38253,25743415,38.89964,-76.91804,1,1
38376,25743454,38.9019,-76.9209,1,1
38647,25486006,38.88176,-76.94618,1,1
38689,25497006,38.86031,-76.91852,1,1
38745,25497522,38.88796,-76.91363,1,1
38771,25497451,38.88971,-76.92288,1,1
38875,25496376,38.87123,-76.93715,1,1
39114,25497729,38.8889,-76.90858,1,1
39210,25496402,38.87333,-76.93582,1,1
39317,25485353,38.86628,-76.95298,1,1
39444,25743716,38.89605,-76.90656,1,1
39500,25497315,38.87113,-76.92322,1,1
39603,25708754,38.89972,-76.94535,1,1
39652,25742151,38.89293,-76.94259,1,1
39849,25497434,38.88397,-76.92081,1,1
39927,25743738,38.89663,-76.90411,1,1
39991,25497525,38.88971,-76.91473,1,1
39998,25496735,38.87885,-76.92384,1,1
40168,25497436,38.88445,-76.9202,1,1
40360,322688586,38.88638,-76.91414,1,1
40459,25708654,38.89559,-76.95199,1,1
40604,25497343,38.87636,-76.92053,1,1
40609,811175648,38.88964,-76.91079,1,1
40610,953712049,38.8898,-76.91226,1,1
40639,25496695,38.87278,-76.92763,1,1
40698,968677708,38.89626,-76.90674,1,1
40699,1002776561,38.89638,-76.90659,1,1
40701,25743713,38.89627,-76.90698,1,1
40702,1002776558,38.8961,-76.9072,1,1
40703,25743711,38.89588,-76.90764,1,1
40706,1002776562,38.89603,-76.90708,1,1
40707,968677707,38.89593,-76.90726,1,1
40760,287992042,38.89835,-76.92656,1,1
40801,336677785,38.87118,-76.92319,1,1
40960,25485477,38.86536,-76.94476,1,1
40970,25497339,38.87791,-76.92265,1,1
40977,25496593,38.88758,-76.9366,1,1
40989,25747060,38.89935,-76.90324,1,1
41011,25497360,38.87338,-76.9185,1,1
41024,25497374,38.87537,-76.91744,1,1
41091,25497697,38.8898,-76.91338,1,1
41191,25497681,38.8853,-76.90901,1,1
41313,25497464,38.88971,-76.9207,1,1
41532,25496805,38.88095,-76.92693,1,1
41775,25485380,38.86097,-76.9493,1,1
41837,94260980,38.88633,-76.94958,1,1
41979,25485951,38.8898,-76.95306,1,1
42158,25497760,38.88863,-76.90757,1,1
42195,25497444,38.88645,-76.9231,1,1
42196,25486009,38.88281,-76.94666,1,1
42406,25496834,38.88982,-76.92796,1,1
42681,322688553,38.88826,-76.91364,1,1
42837,25496412,38.87352,-76.93422,1,1
42875,25708751,38.89906,-76.9462,1,1
42918,25496842,38.88743,-76.92549,1,1
42923,25496977,38.8608,-76.91915,1,1
42924,1046221715,38.85878,-76.91706,1,1
42925,1047148609,38.86098,-76.91939,1,1
42926,1047148610,38.85966,-76.91809,1,1
42953,25496655,38.87428,-76.92968,1,1
43351,25496507,38.88759,-76.94028,1,1
43450,25743353,38.89836,-76.92189,1,1
43582,25742523,38.89836,-76.92567,1,1
43608,25743714,38.89616,-76.90687,1,1
43622,25497455,38.88627,-76.92092,1,1
43743,25497756,38.8857,-76.90619,1,1
43882,25497338,38.87838,-76.92324,1,1
44026,25747070,38.89742,-76.90002,1,1
44368,25497677,38.88516,-76.90992,1,1
44369,976878368,38.88517,-76.90985,1,1
44394,976868454,38.86586,-76.91656,1,1
44395,976878361,38.86628,-76.91674,1,1
44406,25497308,38.86482,-76.90465,1,1
44407,976878357,38.86531,-76.90627,1,1
45013,968902833,38.87637,-76.9312,1,1
45014,25496674,38.87568,-76.93143,1,1
45098,25743737,38.89742,-76.90563,1,1
45099,1010869163,38.89772,-76.90529,1,1
45100,1010869171,38.89867,-76.90424,1,1
45102,1010869173,38.8977,-76.9051,1,1
45103,25743736,38.89733,-76.90551,1,1
45104,1010869175,38.89858,-76.90412,1,1
45247,25496510,38.88782,-76.94017,1,1
45248,968901360,38.88808,-76.93999,1,1
45249,968901359,38.87317,-76.93552,1,1
45269,968901363,38.88854,-76.93958,1,1
45270,25496513,38.88842,-76.9397,1,1
45271,25496498,38.88568,-76.94061,1,1
45283,25496553,38.88373,-76.93484,1,1
46129,1010874217,38.89655,-76.90447,1,1
46130,25743735,38.89643,-76.90505,1,1
46184,958491647,38.86114,-76.91961,1,1
46445,991489350,38.87954,-76.92649,1,1
46446,25496716,38.87832,-76.92805,1,1
46449,25496633,38.87485,-76.93252,1,1
46450,991489349,38.87517,-76.9321,1,1
46675,991489727,38.86279,-76.94341,1,1
46683,1010869174,38.89806,-76.90469,1,1
46685,1010873493,38.89837,-76.90435,1,1
46692,1010869170,38.89815,-76.90481,1,1
46696,1010873501,38.89847,-76.90446,1,1
47248,810101787,38.89883,-76.9255,1,1
47313,25496750,38.88082,-76.93134,1,1
47314,914269168,38.88134,-76.93191,1,1
48275,25496833,38.88971,-76.92796,1,1
48276,25496802,38.88972,-76.93002,1,1
48592,810096764,38.86093,-76.95032,1,1
48593,25485342,38.86128,-76.94987,1,1
48595,810096763,38.86151,-76.95053,1,1
48597,25485338,38.85989,-76.95171,1,1
48646,25708710,38.89512,-76.94915,1,1
48648,25708711,38.89487,-76.94861,1,1
48649,25708643,38.89384,-76.95011,1,1
48650,810096760,38.89568,-76.94871,1,1
48651,810096762,38.89493,-76.94874,1,1
49121,976868448,38.87009,-76.92077,1,1
49134,976868456,38.86533,-76.90778,1,1
49139,25497057,38.86507,-76.91595,1,1
49142,25497047,38.86653,-76.91683,1,1
49495,871250577,38.88971,-76.91521,1,1
49496,287992260,38.88971,-76.91564,1,1
49793,25743420,38.89807,-76.91605,1,1
50052,25743640,38.89551,-76.91279,1,1
50349,25496678,38.87649,-76.93117,1,1
50364,25496609,38.88972,-76.93485,1,1
50403,25496192,38.86478,-76.93413,1,1
50601,25496803,38.88934,-76.92978,1,1
50641,25496702,38.87224,-76.92528,1,1
50744,25496795,38.88983,-76.93076,1,1
50749,25742524,38.89931,-76.92532,1,1
50884,25497352,38.87802,-76.91969,1,1
50940,25747029,38.89084,-76.9007,1,1
51189,25497776,38.88763,-76.90498,1,1
51234,25496756,38.88058,-76.93008,1,1
51358,25496516,38.88984,-76.93992,1,1
51374,25485450,38.86313,-76.94534,1,1
51558,1002602294,38.88476,-76.9132,1,1
51560,1002602293,38.88517,-76.91362,1,1
51635,25496611,38.88982,-76.93486,1,1
51718,25497477,38.88474,-76.91617,1,1
51907,25496704,38.87155,-76.92382,1,1
51926,25499699,38.88709,-76.90271,1,1
51939,25708753,38.90035,-76.94611,0,0
52075,25497207,38.85844,-76.90715,1,1
52121,25485296,38.85939,-76.94665,1,1
52159,25497748,38.88557,-76.9072,1,1
52200,25708646,38.89562,-76.95302,1,1
52296,25486041,38.88972,-76.94454,1,1
52298,25485041,38.86254,-76.95668,1,1
52372,25747230,38.90225,-76.90025,1,1
52454,25496401,38.8726,-76.9354,1,1
52754,25497703,38.89018,-76.91277,1,1
53008,25497496,38.88688,-76.91707,1,1
53128,25743636,38.89523,-76.90892,1,1
53179,25497770,38.88584,-76.90521,1,1
53282,287992171,38.88214,-76.94635,1,1
53342,25499244,38.86106,-76.90205,1,1
53393,25497778,38.88607,-76.90365,1,1
53441,25496973,38.86021,-76.91876,1,1
53469,25743614,38.89195,-76.91096,1,1
53518,25485449,38.86329,-76.94561,1,1
53581,25743748,38.89889,-76.90399,1,1
53757,25496847,38.88971,-76.92603,1,1
53761,25496667,38.87865,-76.93157,1,1
53812,25485989,38.88963,-76.95062,1,1
53871,25496730,38.8797,-76.92629,1,1
53940,25496696,38.87259,-76.92683,1,1
54101,25485040,38.86244,-76.95703,1,1
54155,25742208,38.89835,-76.93918,1,1
54165,25499241,38.86072,-76.90207,1,1
54195,25742474,38.89366,-76.92734,1,1
54420,25742155,38.89227,-76.94095,1,1
54439,25743439,38.90236,-76.92151,1,1
54516,25497483,38.88163,-76.91419,1,1
54890,25496849,38.88971,-76.92498,1,1
54909,25743700,38.89045,-76.90429,1,1
54939,25708641,38.89326,-76.95054,1,1
55100,287993191,38.88752,-76.95081,1,1
55240,25496814,38.88012,-76.92608,1,1
55342,25495954,38.86296,-76.94317,1,1
55448,25742204,38.89752,-76.93918,1,1
55541,25743739,38.89676,-76.90353,1,1
55696,25497049,38.86925,-76.91846,1,1
55825,25743457,38.90114,-76.91994,1,1
56085,25743422,38.89793,-76.91585,1,1
56093,287193163,38.86212,-76.9013,1,1
56115,25747024,38.89304,-76.90258,1,1
56507,25742518,38.89643,-76.92634,1,1
56635,875061987,38.90207,-76.943,1,1
56636,917874717,38.90216,-76.94322,1,1
56669,25743664,38.89544,-76.9087,1,1
56685,25496577,38.88967,-76.93798,1,1
56736,25743615,38.89195,-76.91087,1,1
56814,917874631,38.88979,-76.9568,1,1
56815,25485957,38.88979,-76.9527,1,1
56823,25496792,38.88983,-76.93114,1,1
56836,25742608,38.901,-76.92471,1,1
56867,287198482,38.8938,-76.91085,1,1
56902,25742214,38.89971,-76.93709,1,1
56911,810102280,38.90075,-76.93967,1,1
56913,810102279,38.90033,-76.93863,1,1
56914,25742212,38.90055,-76.93918,1,1
56955,25485937,38.88759,-76.95337,1,1
56988,25742456,38.89835,-76.92972,1,1
57010,26967157,38.89944,-76.90336,1,1
57123,25497448,38.88642,-76.92202,1,1
57725,287992288,38.89124,-76.95204,1,1
57770,811045587,38.88984,-76.9477,1,1
57771,25486030,38.88979,-76.94842,1,1
58091,904249454,38.90177,-76.90085,1,1
58092,25747203,38.90062,-76.90202,1,1
58093,25747067,38.90053,-76.90191,1,1
58199,1046481045,38.88689,-76.90222,1,1
58201,1046481046,38.88687,-76.90069,1,1
58205,872067000,38.88983,-76.94089,1,1
58206,872067001,38.88971,-76.94089,1,1
58502,1010716781,38.85789,-76.90605,1,1
59608,25496585,38.89005,-76.93767,1,1
59611,25496581,38.8884,-76.93696,1,1
59614,810740410,38.88927,-76.93732,1,1
59752,25496783,38.88973,-76.93276,1,1
59754,811045245,38.88973,-76.9336,1,1
59755,25496614,38.88972,-76.9344,1,1
59799,990204302,38.89758,-76.89939,1,1
59800,25747074,38.89751,-76.89965,1,1
60129,1010722140,38.87328,-76.92984,1,1
60130,1010722143,38.87339,-76.93045,1,1
61384,25497528,38.88941,-76.91382,1,1
61385,25497521,38.88898,-76.91435,1,1
61386,952267821,38.88918,-76.91411,1,1
61517,900291857,38.87151,-76.91944,1,1
61518,25497331,38.87123,-76.91958,1,1
62468,872845043,38.89029,-76.95271,1,1
62469,25485956,38.89008,-76.95286,1,1
62518,25708669,38.89565,-76.95176,1,1
62519,25708667,38.89557,-76.95184,1,1
62520,917876627,38.89567,-76.95191,1,1
62521,917876626,38.89567,-76.95191,1,1
62816,810737449,38.9022,-76.94332,1,1
62823,25742255,38.90191,-76.94261,1,1
62824,810737447,38.90149,-76.94313,1,1
62825,810737448,38.90223,-76.94226,1,1
62866,25496652,38.87317,-76.92927,1,1
62867,1010724254,38.87322,-76.92954,1,1
62868,25496654,38.87376,-76.92921,1,1
62869,1010724255,38.87395,-76.92939,1,1
63084,25497471,38.88265,-76.91728,1,1
63134,25497672,38.88481,-76.91237,1,1
63285,25742520,38.89712,-76.9261,1,1
63354,25497527,38.8897,-76.914,1,1
63379,25496794,38.88972,-76.93032,1,1
63518,25743717,38.89582,-76.90598,1,1
63544,25708729,38.89402,-76.94663,1,1
63647,25497490,38.88572,-76.91856,1,1
63721,25485350,38.86641,-76.95331,1,1
63740,25742211,38.89972,-76.9392,1,1
63763,25496042,38.86427,-76.93505,1,1
63824,1060171702,38.90203,-76.94291,1,1
63831,25708639,38.89544,-76.95085,1,1
63863,25747062,38.89993,-76.90258,1,1
63877,26966994,38.89474,-76.95323,0,0
63878,917876625,38.89559,-76.95199,1,1
63879,1004482787,38.89564,-76.9523,1,1
63886,25747063,38.9005,-76.90216,1,1
64111,25743347,38.89836,-76.9225,1,1
64274,25497489,38.88483,-76.9144,1,1
64438,25485370,38.86501,-76.94991,1,1
64564,287992051,38.89904,-76.92542,1,1
64623,26967173,38.88982,-76.92392,1,1
64663,25743611,38.89432,-76.91123,1,1
64771,25743626,38.89399,-76.91078,1,1
64955,25495819,38.85787,-76.94412,1,1
65024,25496628,38.87384,-76.93381,1,1
65131,25485972,38.88801,-76.95132,1,1
65213,25497505,38.88529,-76.9155,1,1
65378,336677792,38.88104,-76.94516,1,1
65387,25496653,38.87487,-76.93006,1,1
65388,25496669,38.87961,-76.93205,1,1
65468,25743638,38.89534,-76.90863,1,1
65672,25497336,38.87746,-76.92209,1,1
65854,25496201,38.86512,-76.93308,1,1
65959,25743367,38.89837,-76.91916,1,1
66093,25743421,38.89774,-76.91561,1,1
66278,25742232,38.89953,-76.93658,1,1
66341,25497513,38.88672,-76.91383,1,1
66405,25497385,38.87775,-76.91621,1,1
66443,322691048,38.87557,-76.92093,1,1
66484,25495965,38.86705,-76.94253,1,1
66505,1046469100,38.86428,-76.93597,1,1
66507,25496278,38.86488,-76.92465,1,1
66508,25496209,38.86526,-76.93207,1,1
66509,1046469102,38.86541,-76.93241,1,1
66511,1046469101,38.8647,-76.93366,1,1
66513,25496173,38.86462,-76.93391,1,1
66514,1046469104,38.86413,-76.93561,1,1
66516,976856242,38.86381,-76.93692,1,1
66517,25496208,38.86552,-76.93215,1,1
66521,25496277,38.86472,-76.92481,1,1
66578,25496692,38.87325,-76.92867,1,1
66708,25485954,38.8898,-76.95298,1,1
66822,26967169,38.88983,-76.93167,1,1
66861,25496817,38.88106,-76.92591,1,1
67088,25497668,38.8844,-76.91362,1,1
67409,25496571,38.88912,-76.93878,1,1
67469,25742431,38.89902,-76.93374,1,1
67592,25742188,38.89343,-76.93917,1,1
67704,336677786,38.88461,-76.91624,1,1
67775,25742203,38.89676,-76.93918,1,1
67805,25742502,38.8958,-76.92656,1,1
67875,25708687,38.89689,-76.95094,1,1
68023,25497408,38.8797,-76.9152,1,1
68053,25743637,38.89532,-76.90899,1,1
68144,25485305,38.85829,-76.94481,1,1
68497,25495987,38.86841,-76.94078,1,1
68548,25499245,38.86104,-76.90186,1,1
68569,26966996,38.89293,-76.95484,0,0
68570,25497787,38.89025,-76.90468,1,1
68588,25485078,38.86758,-76.95616,1,1
68592,25496583,38.88988,-76.93796,1,1
68681,25496677,38.87643,-76.93118,1,1
68836,26967167,38.88987,-76.93611,1,1
68941,25743363,38.89836,-76.9205,1,1
69032,288030443,38.88555,-76.90733,1,1
69042,25497027,38.86373,-76.91675,1,1
69167,25743710,38.89579,-76.90754,1,1
69225,25742609,38.90163,-76.92448,1,1
69254,25496705,38.87242,-76.92607,1,1
69311,968677719,38.89471,-76.90432,1,1
69313,25743707,38.8942,-76.90378,1,1
69404,25742238,38.89906,-76.93448,1,1
69499,26966997,38.8916,-76.95614,0,0
69612,25742452,38.89848,-76.93065,1,1
69819,25485382,38.86017,-76.94796,1,1
69851,25496846,38.88663,-76.92392,1,1
69883,25497476,38.88523,-76.91671,1,1
69929,25742458,38.89835,-76.92919,1,1
70177,25496786,38.88972,-76.93164,1,1
70183,25742526,38.89973,-76.92516,1,1
70218,25485962,38.88979,-76.95134,1,1
70361,25742323,38.90273,-76.93782,1,1
70369,25742528,38.8999,-76.92509,1,1
70381,25742465,38.89186,-76.92796,1,1
70938,25496672,38.87565,-76.93147,1,1
71004,25485959,38.88929,-76.95259,1,1
71178,26967158,38.89234,-76.91095,1,1
71251,25747228,38.90224,-76.90044,1,1
71583,25495964,38.86611,-76.94372,1,1
71600,25496584,38.88988,-76.9376,1,1
71655,25497317,38.87223,-76.92268,1,1
71656,848135509,38.87241,-76.92258,1,1
71659,25497485,38.88501,-76.91587,1,1
71835,25497052,38.86879,-76.9179,1,1
72013,25485424,38.86341,-76.94593,1,1
72126,25743610,38.89479,-76.91184,1,1
72127,968773495,38.89494,-76.91204,1,1
72140,25496071,38.868,-76.93668,1,1
72153,968773492,38.89315,-76.91095,1,1
72155,25743619,38.89289,-76.91095,1,1
72283,25497324,38.87017,-76.92104,1,1
72295,94251055,38.89208,-76.95586,0,0
72355,25497038,38.86445,-76.91417,1,1
72449,25747054,38.89684,-76.90316,1,1
72552,25485988,38.88902,-76.9501,1,1
72917,25497759,38.88854,-76.90769,1,1
73027,25743625,38.89407,-76.91088,1,1
73108,26966995,38.89419,-76.95354,0,0
73223,287992102,38.89139,-76.91135,1,1
73224,848135212,38.89187,-76.91098,1,1
73343,811175649,38.89023,-76.91284,1,1
73344,25497728,38.88949,-76.91002,1,1
73501,25496602,38.88967,-76.9361,1,1
73573,25708459,38.89598,-76.9548,1,1
73616,25496375,38.87073,-76.9378,1,1
73741,25742321,38.90277,-76.93918,1,1
73935,25497747,38.88546,-76.9079,1,1
74040,25497323,38.87435,-76.92157,1,1
74260,25742457,38.89835,-76.92957,1,1
74304,25708435,38.89168,-76.95625,0,0
74308,25497426,38.88338,-76.92157,1,1
74323,25499271,38.86237,-76.90074,1,1
74451,25497502,38.88971,-76.91776,1,1
74463,25496903,38.858,-76.9208,1,1
74464,848135767,38.85868,-76.92042,1,1
74588,25743718,38.89614,-76.90637,1,1
74639,25496592,38.88654,-76.93616,1,1
74747,848135723,38.86479,-76.91299,1,1
74844,25496668,38.88008,-76.93229,1,1
75298,25496369,38.8698,-76.93899,1,1
75390,25743416,38.89929,-76.91761,1,1
75508,25497491,38.88547,-76.9176,1,1
75571,25708666,38.89557,-76.95184,0,0
75653,25496676,38.8754,-76.93047,1,1
75705,25485941,38.88877,-76.9538,1,1
75758,25496784,38.88983,-76.93279,1,1
75798,26967171,38.88981,-76.92713,1,1
75949,287992093,38.89042,-76.9126,1,1
76013,25496590,38.88581,-76.93584,1,1
76099,1046221710,38.85973,-76.91778,1,1
76101,25497010,38.86074,-76.91823,1,1
76102,1046221712,38.85864,-76.91652,1,1
76104,1046221713,38.86243,-76.91682,1,1
76105,957362930,38.86176,-76.91714,1,1
76107,25496975,38.86064,-76.91933,1,1
76109,957484552,38.86116,-76.91774,1,1
76110,1046221716,38.86098,-76.91978,1,1
76111,1046221717,38.86146,-76.9174,1,1
76217,25708640,38.89308,-76.95068,1,1
76547,810787500,38.88966,-76.93899,1,1
76669,983942067,38.88758,-76.95404,1,1
76673,25497458,38.88601,-76.91977,1,1
76766,25496736,38.87928,-76.92444,1,1
76767,25742181,38.8919,-76.93919,1,1
76797,25743612,38.89142,-76.91117,1,1
76952,25485785,38.88599,-76.9558,1,1
76953,957920572,38.88618,-76.95567,1,1
76954,957920573,38.89899,-76.94627,1,1
76957,25708749,38.89837,-76.94657,1,1
76962,25485757,38.88442,-76.95692,1,1
76965,957920569,38.89625,-76.95127,1,1
76972,287992054,38.89621,-76.94815,1,1
77046,25499237,38.86079,-76.90224,1,1
77076,25496836,38.88865,-76.92757,1,1
77143,26967170,38.88972,-76.93092,1,1
77185,810377884,38.88052,-76.92601,1,1
77224,25747229,38.90239,-76.90032,1,1
77254,25497503,38.88981,-76.91777,1,1
77293,810377882,38.89526,-76.94972,1,1
77347,25497727,38.88941,-76.91025,1,1
77402,958018233,38.88567,-76.95603,1,1
77404,957920568,38.88498,-76.95652,1,1
77713,25496632,38.8736,-76.93161,1,1
77869,25485955,38.88991,-76.95298,1,1
77909,25496370,38.87027,-76.93838,1,1
78030,25742202,38.89555,-76.9392,1,1
78269,287992068,38.90262,-76.9418,1,1
78822,25496787,38.88983,-76.93204,1,1
78878,25496693,38.87287,-76.92798,1,1
78886,25496468,38.88326,-76.94174,1,1
79051,25742178,38.89153,-76.9392,1,1
79135,25496848,38.88981,-76.92603,1,1
79302,25497516,38.88709,-76.91365,1,1
79373,25742430,38.89893,-76.93374,1,1
79460,25747030,38.89039,-76.90026,1,1
79735,26967168,38.88983,-76.93442,1,1
80060,25743425,38.89658,-76.91414,1,1
80186,25742156,38.89191,-76.94009,1,1
80360,25497469,38.88068,-76.9183,1,1
80365,25743617,38.89234,-76.91087,1,1
80367,811045636,38.89151,-76.95183,1,1
80370,958016250,38.89166,-76.95171,1,1
80405,25497244,38.86468,-76.91076,1,1
80427,25486001,38.88486,-76.94816,1,1
80513,25485943,38.88947,-76.95329,1,1
80605,25742334,38.90281,-76.9356,1,1
80685,25496575,38.88967,-76.93828,1,1
80702,25497486,38.88491,-76.91543,1,1
80725,25708458,38.89614,-76.95543,1,1
80799,25485983,38.88998,-76.95132,1,1
81006,25496691,38.87306,-76.9288,1,1
81016,25497318,38.87044,-76.92189,1,1
81231,25743371,38.90036,-76.91896,1,1
81328,25496741,38.8815,-76.93303,1,1
81541,287992032,38.89875,-76.93217,1,1
81625,25485439,38.86454,-76.94579,1,1
81755,25497425,38.8828,-76.92231,1,1
81903,25499706,38.88635,-76.90175,1,1
82133,25496819,38.88137,-76.9242,1,1
82294,26966992,38.90042,-76.94624,0,0
82331,25485971,38.88817,-76.95149,1,1
82340,25742451,38.89838,-76.93066,1,1
82444,25485963,38.89036,-76.95198,1,1
82758,25497515,38.88672,-76.91363,1,1
82903,25497345,38.87589,-76.91904,1,1
83281,287992033,38.89864,-76.9322,1,1
83548,25499730,38.88983,-76.89969,1,1
83549,968781409,38.88989,-76.89975,1,1
83590,25747022,38.89185,-76.90179,1,1
83591,968781415,38.89267,-76.90233,1,1
83612,968781408,38.88887,-76.91421,1,1
83615,968781407,38.88957,-76.91361,1,1
83616,875238858,38.88876,-76.91406,1,1
83617,968781406,38.89006,-76.91304,1,1
83618,952267814,38.88953,-76.91366,1,1
83788,287198266,38.8939,-76.91094,1,1
83860,25497481,38.88148,-76.91427,1,1
83935,25747019,38.89135,-76.90272,1,1
84005,25708614,38.89066,-76.95244,1,1
84417,25497492,38.88634,-76.91777,1,1
84489,25485045,38.86262,-76.9564,1,1
84608,25496554,38.88309,-76.93431,1,1
84954,25497000,38.86952,-76.91895,1,1
85089,25497373,38.87562,-76.9182,1,1
85241,978848379,38.88822,-76.95153,1,1
85330,25742333,38.90276,-76.93661,1,1
85546,25742462,38.89076,-76.92796,1,1
85651,25496407,38.87305,-76.93482,1,1
85683,25742318,38.90088,-76.93919,1,1
85824,25708445,38.89301,-76.95496,0,0
85929,25497511,38.88609,-76.91364,1,1
86047,25742438,38.89866,-76.93165,1,1
86095,25743417,38.89889,-76.91708,1,1
86166,25497330,38.86988,-76.91996,1,1
86183,25497379,38.87595,-76.91715,1,1
117523,986782031,38.88968,-76.91293,1,1
118209,26967174,38.88982,-76.92068,1,1
118275,811082345,38.88981,-76.91521,1,1
121163,1046469099,38.86596,-76.93034,1,1
131076,976856235,38.86354,-76.94672,1,1
139763,25496804,38.88983,-76.93002,1,1
142660,25485329,38.86264,-76.95359,1,1
143058,25486042,38.88984,-76.94454,1,1
145338,25496732,38.88012,-76.92582,1,1
155927,26967176,38.88971,-76.91417,1,1
160343,25497294,38.86539,-76.90737,1,1
162119,958491648,38.86003,-76.91882,1,1
164211,810418480,38.88972,-76.92923,1,1
168232,287992265,38.88972,-76.94248,1,1
172750,917874633,38.8898,-76.95306,1,1
174142,25496515,38.88971,-76.93993,1,1
175688,811045244,38.88973,-76.93242,1,1
182444,1046469098,38.86576,-76.93013,1,1
190683,25497234,38.86492,-76.9117,1,1
