86329,25417299,38.88726,-77.11803,1,1
86330,837569252,38.88541,-77.11655,1,1
86331,25417289,38.8854,-77.11724,1,1
86332,837569249,38.88563,-77.11721,1,1
86333,25417310,38.8854,-77.11708,1,1
86334,837569251,38.88538,-77.11771,1,1
86335,837569250,38.88586,-77.11747,1,1
86336,837569254,38.88467,-77.1168,1,1
86337,837569253,38.88498,-77.11692,1,1
86833,25463401,38.85813,-77.10356,1,1
86834,838199938,38.85868,-77.10184,1,1
86835,838199937,38.85853,-77.10098,1,1
86837,25463476,38.85884,-77.10127,1,1
86838,838199936,38.85897,-77.10077,1,1
86839,838199935,38.85914,-77.10179,1,1
86840,335452994,38.8588,-77.10145,1,1
86929,922535919,38.86922,-77.10656,1,1
86930,922535920,38.86906,-77.10718,1,1
86957,890523557,38.88695,-77.08347,1,1
86958,25682177,38.89151,-77.08393,1,1
86959,890523555,38.89163,-77.08237,1,1
86960,890523552,38.88837,-77.09179,1,1
86961,25464699,38.8884,-77.09169,1,1
86965,890523544,38.88674,-77.09594,1,1
86966,25464627,38.88624,-77.09621,1,1
86967,25464629,38.88663,-77.09608,1,1
86968,890523545,38.88654,-77.09574,1,1
87013,961657732,38.88506,-77.12694,1,1
87014,25416914,38.88488,-77.12797,1,1
87017,971165638,38.88774,-77.08346,1,1
87189,838201970,38.86824,-77.09758,1,1
87190,25463865,38.86792,-77.09705,1,1
87191,838201969,38.86876,-77.09858,1,1
87192,25463691,38.86843,-77.09807,1,1
87193,25463863,38.86846,-77.09794,1,1
87255,947713416,38.8791,-77.12117,1,1
87256,947713412,38.87912,-77.12103,1,1
87257,335450531,38.87891,-77.12116,1,1
87258,947713415,38.87988,-77.12126,1,1
87259,947713411,38.87988,-77.12112,1,1
87260,221979482,38.87895,-77.12102,1,1
87264,25416756,38.87071,-77.12818,1,1
87265,947713420,38.87092,-77.1283,1,1
87310,947712989,38.86789,-77.12774,1,1
87399,969084954,38.86944,-77.10525,1,1
87400,925778085,38.86911,-77.10652,1,1
87421,838200401,38.86175,-77.09209,1,1
87422,838200400,38.8606,-77.0919,1,1
87423,25463892,38.86124,-77.09207,1,1
87424,25463889,38.86022,-77.09184,1,1
87474,25463929,38.86233,-77.08792,1,1
87475,838201464,38.86239,-77.08768,1,1
87476,838201462,38.86218,-77.08699,1,1
87477,838201463,38.86289,-77.08579,1,1
87478,25464846,38.86272,-77.08645,1,1
87479,25464841,38.86257,-77.08701,1,1
87480,838201461,38.86286,-77.08706,1,1
87598,916287488,38.88179,-77.12203,1,1
87599,947890348,38.88238,-77.12261,1,1
87600,947890350,38.88229,-77.12269,1,1
87601,25417008,38.88283,-77.12064,0,0
87602,25417006,38.88287,-77.12091,0,0
87603,947890356,38.88534,-77.11908,1,1
87604,25417029,38.88532,-77.11969,1,1
87605,947890360,38.88665,-77.11787,1,1
87606,25417301,38.88656,-77.11783,1,1
87607,947890361,38.88761,-77.11674,1,1
87608,837569247,38.88755,-77.11697,1,1
87609,25417303,38.88663,-77.11773,1,1
87610,947890365,38.88673,-77.11778,1,1
87635,947891236,38.89756,-77.09443,1,1
87636,837606968,38.89737,-77.09463,1,1
87637,947891235,38.89633,-77.09994,1,1
87638,25680778,38.89627,-77.09956,1,1
87645,25680785,38.89599,-77.09885,0,0
87646,25680783,38.89602,-77.09905,0,0
87838,25416181,38.86759,-77.1279,1,1
87839,947713592,38.86779,-77.12779,1,1
87840,947713597,38.86746,-77.12797,1,1
87841,838212925,38.867,-77.1282,1,1
87907,25416207,38.86655,-77.12397,1,1
87908,25416208,38.86645,-77.12395,1,1
87940,25464388,38.88596,-77.10016,1,1
87941,969090941,38.88605,-77.10229,1,1
87951,917389516,38.86819,-77.11017,1,1
87952,838213124,38.86814,-77.1104,1,1
87954,25417076,38.87393,-77.11716,1,1
87992,839274241,38.90205,-77.08212,1,1
87993,810370539,38.90196,-77.08249,1,1
88294,968593751,38.86589,-77.07474,1,1
88325,952414756,38.89012,-77.08726,1,1
88326,25465772,38.89002,-77.08751,1,1
88380,969355507,38.8985,-77.12075,1,1
88381,25609414,38.89843,-77.12097,1,1
88413,25609657,38.89963,-77.11593,1,1
88414,839278552,38.89985,-77.11566,1,1
88504,983741469,38.86627,-77.07323,1,1
88505,25465170,38.86605,-77.07342,1,1
88516,25609654,38.89932,-77.11643,1,1
88517,25609676,38.89935,-77.11421,1,1
88524,25465533,38.8761,-77.08344,1,1
88525,949573698,38.87736,-77.08373,1,1
88526,25464423,38.87197,-77.09559,1,1
88527,19463772,38.87188,-77.09555,1,1
88559,916288018,38.89766,-77.09432,0,0
88628,19463773,38.87266,-77.09285,1,1
88629,968599109,38.87286,-77.09207,1,1
88662,958397292,38.9008,-77.10327,1,1
88663,25680916,38.90073,-77.10298,1,1
88805,916287161,38.86647,-77.12833,1,1
88896,25682996,38.90186,-77.07744,0,0
88897,886284127,38.9021,-77.07886,0,0
88898,19462690,38.90133,-77.07721,0,0
88899,880278730,38.90147,-77.07988,0,0
88900,25416972,38.88126,-77.12173,1,1
88901,916287487,38.88179,-77.12203,0,0
88920,890523553,38.88843,-77.0916,1,1
88921,25464654,38.8879,-77.09312,1,1
89132,968605623,38.88594,-77.09553,1,1
89133,968605622,38.88588,-77.09558,1,1
89134,25464643,38.88575,-77.09475,1,1
89135,25464642,38.88561,-77.09474,1,1
89136,25464497,38.86999,-77.09175,1,1
89219,949569020,38.89889,-77.11185,1,1
89220,949569019,38.89881,-77.11192,1,1
89221,311290704,38.89718,-77.10862,1,1
89222,837782741,38.8986,-77.11145,1,1
89390,25465819,38.8896,-77.08371,1,1
89391,890525719,38.89023,-77.08378,1,1
89415,25465520,38.87526,-77.08373,1,1
89416,848931260,38.87529,-77.08378,1,1
89528,916285152,38.867,-77.07517,1,1
89812,837575392,38.89871,-77.0925,1,1
89813,957968406,38.89881,-77.09116,1,1
89893,19463759,38.87058,-77.10113,1,1
89894,917394957,38.87065,-77.10082,1,1
89921,917397959,38.89166,-77.10073,1,1
89922,917744889,38.89317,-77.10023,1,1
89923,917744887,38.8867,-77.08309,1,1
89924,25465804,38.88663,-77.08326,1,1
89943,285277721,38.89611,-77.0984,1,1
89944,25680791,38.89594,-77.09831,1,1
89945,917744885,38.89606,-77.09925,1,1
89946,917744886,38.89597,-77.09867,1,1
89947,25680788,38.89616,-77.09887,1,1
89948,917744883,38.89612,-77.09851,1,1
89949,916288020,38.89599,-77.09885,1,1
89950,917744884,38.89619,-77.09908,1,1
90049,25680653,38.89608,-77.10334,1,1
90138,1043660241,38.86189,-77.08963,1,1
90139,303933005,38.86145,-77.09126,1,1
90140,1043660240,38.86201,-77.0892,1,1
90169,25680761,38.90057,-77.10226,1,1
90170,958390602,38.90067,-77.10271,1,1
90207,25417208,38.87974,-77.11327,1,1
90237,25464595,38.88438,-77.09785,1,1
90241,1034977568,38.8867,-77.08332,1,1
90242,1034977569,38.88692,-77.08276,1,1
90243,1034977566,38.88635,-77.08399,1,1
90244,25465805,38.88663,-77.08326,1,1
90245,1034977570,38.8867,-77.08332,1,1
90246,1034977567,38.88705,-77.08367,1,1
90247,1034977563,38.88608,-77.08431,1,1
90248,1034977562,38.88471,-77.08499,1,1
90249,1034977559,38.88415,-77.08491,1,1
90251,25465704,38.88462,-77.08572,1,1
90252,19463066,38.88255,-77.08439,1,1
90253,1034977564,38.88346,-77.08457,1,1
90254,1034977560,38.88471,-77.08499,1,1
90255,1034977561,38.88538,-77.08479,1,1
90257,25465727,38.88291,-77.08466,1,1
90258,1004959686,38.88473,-77.08488,1,1
90262,25464106,38.87145,-77.10172,1,1
90281,25465722,38.88124,-77.08413,1,1
90294,25464270,38.88281,-77.10494,1,1
90296,25680726,38.89382,-77.09982,1,1
90316,25464015,38.87267,-77.10357,1,1
90328,25682174,38.89157,-77.08486,1,1
90332,25464724,38.88916,-77.08956,1,1
90359,25417054,38.88949,-77.11901,1,1
90436,25417181,38.87981,-77.11365,1,1
90457,25416621,38.86697,-77.11587,1,1
90462,285278120,38.88176,-77.08424,1,1
90465,25680655,38.89629,-77.10314,1,1
90476,25609364,38.89421,-77.12083,1,1
90485,25465580,38.87206,-77.08014,1,1
90491,25416128,38.86046,-77.12832,1,1
90521,94175120,38.88192,-77.11949,1,1
90547,25416162,38.86525,-77.12859,1,1
90655,25464025,38.87547,-77.10749,1,1
90664,25464689,38.88458,-77.08873,1,1
90670,25465780,38.88583,-77.08434,1,1
90684,25464710,38.89045,-77.09064,1,1
90685,25416344,38.86666,-77.11894,1,1
90744,25465903,38.88834,-77.07958,1,1
90769,25464728,38.8896,-77.08854,1,1
90822,287917590,38.86411,-77.08733,1,1
90833,25682624,38.89387,-77.07458,1,1
90845,25415733,38.87333,-77.12973,1,1
90864,25464154,38.87023,-77.10018,1,1
90866,25609415,38.89847,-77.12114,1,1
90909,26956840,38.85799,-77.09066,1,1
90919,335450089,38.87275,-77.10989,1,1
90937,25463893,38.86126,-77.09198,1,1
90961,25416347,38.86676,-77.11865,1,1
90962,25609647,38.89919,-77.11765,1,1
90966,25465578,38.872,-77.08029,1,1
90994,25609344,38.89488,-77.12155,1,1
91029,886219365,38.9006,-77.07349,0,0
91031,886219368,38.90092,-77.07348,0,0
91048,848140951,38.87675,-77.11298,1,1
91068,25417225,38.87607,-77.10835,1,1
91078,25609368,38.89325,-77.11976,1,1
91085,25464350,38.88443,-77.09866,1,1
91106,25681177,38.89047,-77.0908,1,1
91108,25609279,38.89668,-77.12626,1,1
91116,25417357,38.88238,-77.11048,1,1
91144,25682348,38.89724,-77.08108,0,0
91175,25609449,38.9008,-77.1264,1,1
91181,916305900,38.88952,-77.1083,1,1
91182,971295917,38.89014,-77.10824,1,1
91183,335450444,38.88228,-77.11958,1,1
91185,958244599,38.88475,-77.1286,1,1
91186,971295915,38.88486,-77.12805,1,1
91210,25464395,38.88676,-77.10027,1,1
91214,25682287,38.89809,-77.08296,1,1
91233,25681105,38.89474,-77.09318,1,1
91237,25417150,38.87897,-77.11805,1,1
91295,25682294,38.89168,-77.0817,1,1
91321,25417302,38.88663,-77.11773,0,0
91327,25416813,38.87716,-77.12525,1,1
91364,25417222,38.87709,-77.10978,1,1
91375,25464098,38.87085,-77.10091,1,1
91381,837573194,38.88037,-77.11466,1,1
91429,25682359,38.89817,-77.08202,1,1
91522,25465118,38.86723,-77.07571,1,1
91534,335449560,38.88802,-77.08872,1,1
91556,25417324,38.88545,-77.11506,1,1
91569,25464702,38.88922,-77.09178,1,1
91609,25417163,38.87978,-77.11493,1,1
91651,25465401,38.87113,-77.08668,1,1
91734,25463997,38.87437,-77.10582,1,1
91773,25465409,38.87134,-77.08541,1,1
91805,25417214,38.87907,-77.11255,1,1
91828,25463996,38.8747,-77.10628,1,1
91833,25464390,38.88592,-77.09971,1,1
91844,25463495,38.85955,-77.0987,1,1
91856,25417337,38.88828,-77.1143,0,0
91903,25417233,38.88202,-77.11813,1,1
91935,335450965,38.89195,-77.13015,1,1
91938,971298974,38.88467,-77.12899,1,1
91939,25415912,38.88452,-77.1298,1,1
92046,25416163,38.86589,-77.12845,1,1
92068,25464652,38.88812,-77.0941,1,1
92085,968340697,38.89694,-77.08271,0,0
92120,25464664,38.88079,-77.0905,1,1
92125,25416789,38.87642,-77.1282,1,1
92126,25682158,38.89099,-77.08567,1,1
92140,25463928,38.86216,-77.08858,1,1
92142,25415277,38.86618,-77.12903,1,1
92156,25465101,38.86548,-77.07573,1,1
92218,25465479,38.87802,-77.08739,1,1
92261,25416194,38.86928,-77.12661,1,1
92270,25463600,38.86172,-77.10298,1,1
92305,25464840,38.86323,-77.08714,1,1
92315,25464725,38.8879,-77.08833,1,1
92338,25682381,38.89795,-77.07923,0,0
92346,25463834,38.85804,-77.08781,1,1
92348,25417378,38.88559,-77.11095,1,1
92362,25465405,38.87119,-77.08635,1,1
92375,25416749,38.8683,-77.10972,1,1
92408,25464097,38.87081,-77.10101,1,1
92432,25416969,38.88249,-77.12278,1,1
92462,25415232,38.86217,-77.12919,1,1
92564,25417219,38.87831,-77.1112,1,1
92572,25417218,38.8782,-77.11134,1,1
92576,968830990,38.87533,-77.10198,1,1
92577,25464113,38.87493,-77.10281,1,1
92602,25465418,38.87451,-77.08559,1,1
92618,25464004,38.87006,-77.10272,1,1
92642,25465878,38.88755,-77.08022,1,1
92645,25464501,38.87257,-77.0928,1,1
92662,25464250,38.88249,-77.1067,1,1
92700,25464513,38.87158,-77.08865,1,1
92713,25609297,38.89727,-77.12457,1,1
92757,25465781,38.88553,-77.0841,1,1
92797,917398946,38.88473,-77.08488,1,1
92802,25465796,38.88649,-77.08313,1,1
92828,25682254,38.89748,-77.08487,0,0
92830,25464387,38.88548,-77.09994,1,1
92883,968342880,38.86628,-77.0878,1,1
92884,25464866,38.86579,-77.08771,1,1
92898,25415236,38.86369,-77.12889,1,1
92902,25463862,38.86701,-77.09553,1,1
92904,25416923,38.88064,-77.12481,0,0
92911,25416755,38.8689,-77.10865,1,1
92913,25464318,38.88266,-77.10119,1,1
92922,1025041857,38.88202,-77.11793,1,1
92950,25682354,38.89696,-77.08031,0,0
92953,25416179,38.8663,-77.12644,1,1
92964,25464520,38.87324,-77.0893,1,1
92984,25417270,38.88214,-77.11578,1,1
92985,25416719,38.86764,-77.11289,1,1
92988,25680766,38.90032,-77.10102,1,1
92996,25609355,38.89131,-77.11942,1,1
92998,25464474,38.87826,-77.09583,1,1
93029,917398232,38.87535,-77.08363,1,1
93030,917398231,38.87535,-77.08363,1,1
93031,25465502,38.87498,-77.08409,1,1
93049,25680687,38.8929,-77.10084,0,0
93066,25465692,38.88066,-77.08729,1,1
93104,25682605,38.89344,-77.07657,1,1
93105,335452982,38.86808,-77.10706,1,1
93130,25464317,38.88245,-77.10163,1,1
93140,25465816,38.88823,-77.08352,1,1
93142,25417206,38.87683,-77.11289,1,1
93155,25609381,38.89601,-77.12243,1,1
93177,25417243,38.8821,-77.11596,1,1
93230,25465603,38.87421,-77.08234,1,1
93264,25680680,38.89136,-77.1008,1,1
93301,335452998,38.86375,-77.10409,1,1
93316,25682613,38.89192,-77.07353,1,1
93320,25465151,38.86629,-77.07424,1,1
93321,974970626,38.86678,-77.07519,1,1
93418,25464324,38.88415,-77.10162,1,1
93448,335450112,38.8693,-77.10701,1,1
93465,25464667,38.88237,-77.09136,1,1
93475,25609389,38.89794,-77.12236,1,1
93479,25464010,38.87386,-77.10523,1,1
93513,25464511,38.8707,-77.08889,1,1
93559,25417374,38.88553,-77.11309,1,1
93562,25416792,38.87668,-77.12711,1,1
93563,25463873,38.86644,-77.09453,1,1
93571,19462987,38.89734,-77.08488,0,0
93574,25417052,38.89023,-77.11919,1,1
93576,25463879,38.86608,-77.09383,1,1
93620,25463560,38.86501,-77.10538,1,1
93623,335452980,38.86719,-77.10684,1,1
93703,25680573,38.89137,-77.10799,1,1
93713,335449691,38.88744,-77.08351,1,1
93762,25681104,38.89459,-77.09317,1,1
93781,25609303,38.89891,-77.1248,1,1
93827,25464281,38.88952,-77.1083,0,0
93830,25465564,38.87165,-77.0818,1,1
93854,25465610,38.87263,-77.08113,1,1
93877,335452992,38.86169,-77.10308,1,1
93900,287917618,38.87114,-77.09897,1,1
93932,880278728,38.90231,-77.08462,0,0
93944,968808160,38.89217,-77.10153,0,0
93945,25417385,38.88896,-77.11134,0,0
93986,25416200,38.86639,-77.12516,1,1
94004,19463837,38.86602,-77.09388,1,1
94019,25682147,38.89092,-77.08719,1,1
94047,25464676,38.88288,-77.09183,1,1
94057,25463995,38.87432,-77.10588,1,1
94060,19463002,38.89466,-77.09217,1,1
94072,968099658,38.89081,-77.10093,1,1
94110,335449924,38.88204,-77.11574,1,1
94139,25680646,38.89611,-77.1046,1,1
94167,25463877,38.86561,-77.09322,1,1
94173,25417395,38.88561,-77.10999,1,1
94175,25465698,38.8846,-77.08708,1,1
94186,25416201,38.86652,-77.12513,1,1
94224,968582846,38.88444,-77.09603,1,1
94276,25465501,38.87521,-77.08404,1,1
94303,25464003,38.86978,-77.10389,1,1
94368,25416665,38.86714,-77.11445,1,1
94412,25464666,38.88081,-77.09039,1,1
94492,25609266,38.89644,-77.12819,1,1
94502,25682189,38.89589,-77.08703,1,1
94506,25609369,38.89375,-77.12022,1,1
94525,25416169,38.86647,-77.12833,1,1
94540,25609393,38.89806,-77.122,1,1
94552,25609384,38.89699,-77.12317,1,1
94555,25464567,38.87959,-77.08971,1,1
94566,25416818,38.87752,-77.12384,1,1
94596,311290729,38.8846,-77.08668,1,1
94603,287917617,38.87118,-77.09834,1,1
94617,25463884,38.86934,-77.09436,1,1
94618,968802656,38.86942,-77.09405,1,1
94620,838364725,38.8656,-77.07522,1,1
94621,968802654,38.86564,-77.07505,1,1
94638,968802664,38.86748,-77.0963,1,1
94639,25463871,38.86727,-77.09596,1,1
94640,25463944,38.86978,-77.09261,1,1
94641,968802663,38.86982,-77.09245,1,1
94642,25465524,38.87547,-77.08379,1,1
94643,949573697,38.87655,-77.08355,1,1
94644,916289659,38.87057,-77.10072,1,1
94645,968802659,38.87027,-77.10131,1,1
94722,25609366,38.8937,-77.12029,1,1
94731,25682350,38.89792,-77.08095,1,1
94751,25680651,38.8961,-77.10418,1,1
94764,25417292,38.88642,-77.11775,1,1
94852,25464335,38.88482,-77.09992,1,1
94866,25682386,38.89605,-77.07843,1,1
94913,19462995,38.87514,-77.10689,1,1
94931,25464105,38.8706,-77.10059,1,1
94949,25417157,38.87952,-77.1159,1,1
94958,335449922,38.88213,-77.11179,1,1
94980,25463915,38.86205,-77.08904,1,1
95006,25465924,38.88961,-77.0779,1,1
95017,25682172,38.89462,-77.0863,1,1
95045,25464047,38.88017,-77.10606,1,1
95066,25417130,38.87495,-77.11711,1,1
95071,25463861,38.86696,-77.0956,1,1
95102,25464385,38.88972,-77.10095,1,1
95103,968579366,38.89046,-77.101,1,1
95114,19463771,38.87158,-77.09683,1,1
95115,25417311,38.88542,-77.11614,1,1
95119,25681265,38.89904,-77.08993,1,1
95120,957995158,38.89975,-77.08582,1,1
95122,25464831,38.85988,-77.0873,1,1
95142,285277754,38.89618,-77.07926,1,1
95154,25680620,38.89673,-77.10742,1,1
95185,335449921,38.88225,-77.11049,1,1
95236,25463902,38.86473,-77.09246,1,1
95244,335450114,38.86883,-77.10692,1,1
95248,25465442,38.87456,-77.08491,1,1
95281,837511866,38.89718,-77.12321,1,1
95282,19462993,38.89704,-77.12308,1,1
95283,837511867,38.89704,-77.12489,1,1
95286,25609298,38.89718,-77.1245,1,1
95287,837511870,38.89731,-77.12415,1,1
95290,25609299,38.89759,-77.12368,1,1
95291,837511868,38.89796,-77.124,1,1
95292,837511869,38.89782,-77.12305,1,1
95293,25609386,38.89762,-77.12361,1,1
95296,25681176,38.89085,-77.09101,1,1
95299,25464291,38.8861,-77.10463,1,1
95303,25609436,38.89885,-77.1194,1,1
95350,25416333,38.8667,-77.12046,1,1
95358,25464862,38.86307,-77.08509,1,1
95378,25680619,38.89688,-77.10779,1,1
95385,25609447,38.90259,-77.12762,1,1
95388,25465575,38.87233,-77.0809,1,1
95408,285277624,38.88961,-77.0779,1,1
95432,285277756,38.89645,-77.07985,1,1
95456,19458379,38.86664,-77.12202,1,1
95468,19462994,38.87527,-77.10707,1,1
95473,287917619,38.86993,-77.10326,1,1
95501,25465421,38.87448,-77.08519,1,1
95534,848140596,38.89768,-77.07948,0,0
95535,848140595,38.89793,-77.0789,0,0
95536,274478815,38.89745,-77.08002,0,0
95537,848140594,38.89803,-77.07864,0,0
95575,25681149,38.89782,-77.09418,1,1
95611,25464005,38.87004,-77.10331,1,1
95656,25464085,38.87075,-77.10133,1,1
95728,25465726,38.88174,-77.08443,1,1
95771,25609305,38.90015,-77.12572,1,1
95789,968323007,38.8964,-77.07384,1,1
95793,25465478,38.87791,-77.08751,1,1
95795,968590734,38.87847,-77.08828,1,1
95798,968324534,38.89643,-77.07355,1,1
95802,25681216,38.89081,-77.08762,1,1
95862,25465917,38.88969,-77.07809,1,1
95887,25682631,38.89453,-77.07379,1,1
95939,25465480,38.87762,-77.08711,1,1
95958,25463836,38.85843,-77.0877,1,1
95964,25464273,38.88344,-77.10335,1,1
95994,25465792,38.88648,-77.08354,1,1
96035,335450110,38.87078,-77.10758,1,1
96036,848140685,38.87159,-77.10813,1,1
96044,25465425,38.8715,-77.08455,1,1
96047,25463869,38.86754,-77.09657,1,1
96050,848140692,38.86962,-77.12769,1,1
96051,25416185,38.86855,-77.12786,1,1
96082,25608307,38.89644,-77.12887,1,1
96086,19463571,38.87453,-77.08261,1,1
96134,968589477,38.87668,-77.0855,1,1
96135,25465476,38.8766,-77.08539,1,1
96177,25417047,38.88889,-77.11892,1,1
96183,25680807,38.89971,-77.09841,1,1
96186,890526047,38.88769,-77.08788,1,1
96187,976870564,38.88781,-77.08814,1,1
96188,25465399,38.87098,-77.08755,1,1
96189,968605624,38.87004,-77.09158,1,1
96190,25464575,38.87883,-77.08877,1,1
96196,25464781,38.85883,-77.08767,1,1
96208,25682604,38.89327,-77.07741,1,1
96227,25464507,38.87314,-77.09101,1,1
96277,335452983,38.86497,-77.10548,1,1
96327,25417155,38.8793,-77.11674,1,1
96338,25416777,38.87144,-77.12435,1,1
96339,25464150,38.87036,-77.10047,1,1
96351,25609383,38.89678,-77.12285,1,1
96414,25416892,38.8757,-77.11852,1,1
96446,877086608,38.89638,-77.10031,1,1
96447,968323008,38.89641,-77.10065,1,1
96450,25682691,38.89638,-77.07404,1,1
96462,25682493,38.90217,-77.08125,0,0
96467,25464723,38.89004,-77.08967,1,1
96507,25416758,38.87159,-77.1287,1,1
96541,25465601,38.87342,-77.08198,1,1
96558,25680645,38.89599,-77.10465,1,1
96559,25417296,38.88775,-77.11838,1,1
96612,19463003,38.89552,-77.08791,1,1
96615,25464570,38.87959,-77.0895,1,1
96617,968588310,38.87968,-77.08957,1,1
96674,335450798,38.8649,-77.07797,1,1
96691,25464103,38.87047,-77.10061,1,1
96733,25609656,38.89941,-77.11626,1,1
96744,25682351,38.8966,-77.08114,0,0
96764,25416933,38.88516,-77.12478,1,1
96773,25682190,38.8959,-77.08646,1,1
96774,19463058,38.87891,-77.08864,1,1
96790,25416166,38.86619,-77.12838,1,1
96803,25680582,38.89343,-77.10768,1,1
96830,25463872,38.86639,-77.09461,1,1
96847,25609674,38.89999,-77.1155,1,1
96864,25465602,38.87414,-77.08246,1,1
96874,19463098,38.88831,-77.07935,1,1
96885,25416666,38.86723,-77.1145,1,1
96891,25416935,38.8865,-77.12791,1,1
96915,19463835,38.87402,-77.10533,1,1
96968,25680583,38.89468,-77.10769,1,1
96986,335449788,38.8837,-77.10245,1,1
96987,971288906,38.88375,-77.10233,1,1
97033,25464366,38.88763,-77.10066,1,1
97062,25463898,38.86266,-77.09212,1,1
97102,25417141,38.87548,-77.11611,1,1
97106,25609671,38.89943,-77.11578,1,1
97110,25681224,38.89519,-77.08991,1,1
97118,25416929,38.88515,-77.12537,1,1
97141,25464338,38.88484,-77.09967,1,1
97187,25680572,38.89115,-77.10807,1,1
97235,25464011,38.8739,-77.10515,1,1
97240,25416660,38.867,-77.11566,1,1
97286,25464620,38.88579,-77.09724,1,1
97302,25464399,38.88764,-77.10046,1,1
97342,25609390,38.89803,-77.12246,1,1
97361,25465926,38.88951,-77.07765,1,1
97393,25463864,38.86786,-77.09709,1,1
97418,25463399,38.85789,-77.10439,1,1
97425,25682721,38.8987,-77.07361,0,0
97426,25682672,38.89867,-77.07546,0,0
97432,25681214,38.89042,-77.08862,1,1
97499,957988107,38.8967,-77.08382,0,0
97511,25465408,38.87133,-77.08549,1,1
97562,25680615,38.89614,-77.10809,1,1
97563,25465714,38.88101,-77.08467,1,1
97570,25417039,38.88535,-77.11869,1,1
97580,25464646,38.88747,-77.09499,1,1
97590,335451716,38.88241,-77.12286,1,1
97678,25465129,38.8657,-77.07482,1,1
97702,25463489,38.85922,-77.09981,1,1
97707,25463899,38.86268,-77.09203,1,1
97718,25416289,38.86647,-77.12289,1,1
97727,25464865,38.86353,-77.0833,1,1
97784,25682270,38.89703,-77.08347,0,0
97785,848140200,38.89732,-77.08494,0,0
97786,25682256,38.89685,-77.08412,0,0
97787,274926443,38.89804,-77.09126,0,0
97853,311290895,38.89473,-77.08631,1,1
97889,25465114,38.86714,-77.07582,1,1
97892,335450093,38.87326,-77.1112,1,1
97940,335450954,38.8865,-77.12802,1,1
97965,19463005,38.89614,-77.08561,1,1
97971,25682153,38.89058,-77.0861,1,1
97993,25681119,38.89578,-77.09628,1,1
97994,25465584,38.87257,-77.08201,1,1
98050,968794465,38.86702,-77.10656,1,1
98051,25463535,38.86587,-77.10576,1,1
98052,335452986,38.86583,-77.10585,1,1
98058,968794464,38.87383,-77.11359,1,1
98059,948014537,38.87381,-77.11513,1,1
98060,335450092,38.87373,-77.11339,1,1
98061,800792762,38.87371,-77.11446,1,1
98063,335451784,38.87638,-77.11937,1,1
98067,968794469,38.87378,-77.11249,1,1
98068,25417193,38.87337,-77.11117,1,1
98073,25682194,38.89678,-77.08646,1,1
98076,25464655,38.88868,-77.09324,1,1
98092,25464008,38.87342,-77.10462,1,1
98115,25681089,38.89483,-77.09431,1,1
98124,25416973,38.88062,-77.12143,1,1
98169,25681258,38.89566,-77.08795,1,1
98214,25463850,38.86077,-77.09392,1,1
98241,335451729,38.87465,-77.11694,1,1
98291,25464151,38.87043,-77.10038,1,1
98302,25464518,38.87342,-77.08937,1,1
98319,335452989,38.86388,-77.10416,1,1
98337,335450958,38.8891,-77.1288,1,1
98360,25681178,38.89085,-77.09079,1,1
98437,19463770,38.87147,-77.0977,1,1
98453,335449789,38.88335,-77.10331,1,1
98457,25681225,38.89504,-77.08987,1,1
98458,25681167,38.89833,-77.09346,1,1
98465,335449923,38.8821,-77.11269,1,1
98470,25463971,38.86884,-77.08825,1,1
98495,25464226,38.87662,-77.09929,1,1
98517,25464272,38.88313,-77.10413,1,1
98524,25464448,38.87236,-77.09361,1,1
98548,19463838,38.85801,-77.09057,1,1
98581,25464268,38.88163,-77.10335,1,1
98583,25464418,38.8714,-77.0975,1,1
98596,335449790,38.88303,-77.10408,1,1
98664,25463536,38.86722,-77.1067,1,1
98677,335450090,38.87234,-77.10913,1,1
98684,25464898,38.8638,-77.08223,1,1
98693,25682268,38.89698,-77.08371,0,0
98741,19463063,38.87773,-77.0834,1,1
98814,25465720,38.88118,-77.08431,1,1
98841,25463517,38.8639,-77.10406,1,1
98873,25464340,38.8847,-77.09962,1,1
98886,25417010,38.88273,-77.12034,1,1
98914,25464901,38.86406,-77.08123,1,1
98921,335450960,38.88911,-77.12868,1,1
98924,25464405,38.88598,-77.09869,1,1
98925,25609385,38.89754,-77.12352,1,1
98929,25465529,38.87565,-77.08366,1,1
98963,19463007,38.89901,-77.11863,1,1
99003,25609451,38.90075,-77.12623,1,1
99011,25464330,38.88252,-77.09886,1,1
99034,25682706,38.89641,-77.0729,1,1
99049,19463774,38.87413,-77.08708,1,1
99051,25463953,38.86694,-77.08791,1,1
99095,25463549,38.86904,-77.10677,1,1
99146,335451783,38.87534,-77.11777,1,1
99150,25416938,38.88769,-77.12803,1,1
99151,25464707,38.88875,-77.09057,1,1
99173,25416346,38.86666,-77.11865,1,1
99177,25681175,38.8906,-77.0909,1,1
99197,25682648,38.89623,-77.07593,1,1
99198,970157412,38.89624,-77.07583,1,1
99235,25463547,38.86885,-77.10675,1,1
99242,25417198,38.87252,-77.1095,1,1
99252,25417290,38.88615,-77.11761,1,1
99269,25609453,38.9014,-77.12678,1,1
99270,968789241,38.90174,-77.12702,1,1
99278,25609446,38.90256,-77.12772,1,1
99325,25416191,38.86894,-77.127,1,1
99353,968789113,38.87016,-77.08832,1,1
99354,25463972,38.86897,-77.08826,1,1
99355,968789112,38.87123,-77.0885,1,1
99356,25464512,38.87083,-77.08835,1,1
99381,335450099,38.87264,-77.10998,1,1
99388,25609363,38.89413,-77.12088,1,1
99401,25464516,38.87341,-77.09,1,1
99415,25464451,38.87246,-77.09364,1,1
99433,25416804,38.87966,-77.12804,0,0
99440,25416345,38.86675,-77.11895,1,1
99451,25464623,38.886,-77.09684,1,1
99455,25681099,38.89474,-77.09406,1,1
99485,25417098,38.87464,-77.11633,1,1
99493,25464342,38.88481,-77.09941,1,1
99518,25465441,38.87467,-77.08496,1,1
99529,25416859,38.87295,-77.11998,1,1
99535,25417140,38.87526,-77.11623,1,1
99579,25416900,38.87872,-77.11902,1,1
99587,25609435,38.89894,-77.11945,1,1
99590,25464100,38.87057,-77.10072,1,1
99600,25464577,38.87854,-77.08837,1,1
99624,25416793,38.87682,-77.12661,1,1
99632,25682495,38.90136,-77.08115,0,0
99634,25464075,38.87232,-77.10293,1,1
99640,25464608,38.88507,-77.09383,1,1
99642,25464677,38.88317,-77.09186,1,1
99650,25463552,38.86935,-77.10683,1,1
99672,838213977,38.87375,-77.08863,1,1
99673,838213976,38.87392,-77.08793,1,1
99674,25464519,38.87356,-77.08942,1,1
99675,838213975,38.8728,-77.08913,1,1
99676,25464514,38.87216,-77.08887,1,1
99706,335450098,38.87283,-77.11037,1,1
99713,25417129,38.87542,-77.11775,1,1
99718,25465135,38.86572,-77.07394,1,1
99746,285276584,38.88308,-77.1164,1,1
99752,25682358,38.8974,-77.08058,0,0
99753,25465703,38.88461,-77.08627,1,1
99785,25464628,38.88595,-77.09571,1,1
99786,25609406,38.89815,-77.12206,1,1
99896,25465132,38.86576,-77.07456,1,1
99936,25415227,38.86143,-77.12907,1,1
99952,25682303,38.89196,-77.08109,1,1
100020,19463776,38.87279,-77.08154,1,1
100062,948014536,38.87371,-77.11527,1,1
100076,25416898,38.87826,-77.12083,1,1
100094,25465426,38.87162,-77.08392,1,1
100106,25465504,38.87557,-77.08417,1,1
100152,25417038,38.88535,-77.11869,0,0
100182,25416940,38.88571,-77.12725,1,1
100212,25465599,38.87284,-77.08139,1,1
100232,25464331,38.88314,-77.1002,1,1
100270,335450101,38.87225,-77.10921,1,1
100294,25417291,38.88642,-77.11775,0,0
100304,25680581,38.89307,-77.10767,1,1
100340,25682606,38.89442,-77.07675,1,1
100341,968114798,38.89474,-77.07432,1,1
100394,25464205,38.87572,-77.10118,1,1
100405,968114889,38.86119,-77.10272,1,1
100406,25463599,38.86014,-77.1022,1,1
100410,25417152,38.87911,-77.1175,1,1
100416,335450100,38.87243,-77.10957,1,1
100458,25417220,38.88005,-77.11156,1,1
100465,25465481,38.87773,-77.08699,1,1
100480,25464164,38.87119,-77.09959,1,1
100497,968115089,38.89642,-77.10083,1,1
100502,25464650,38.88747,-77.09399,1,1
100547,25415269,38.86649,-77.13035,1,1
100568,25464381,38.88886,-77.10085,1,1
100576,25463488,38.85912,-77.10017,1,1
100586,25609452,38.90084,-77.12632,1,1
100587,25464626,38.88597,-77.0961,1,1
100594,19463775,38.87321,-77.08164,1,1
100599,25609382,38.89606,-77.12234,1,1
100615,968115422,38.86343,-77.10383,1,1
100616,25463513,38.86196,-77.1031,1,1
100633,25464605,38.88446,-77.09459,1,1
100640,25682255,38.89783,-77.08462,1,1
100644,25608256,38.89198,-77.13006,1,1
100652,25682591,38.89059,-77.07728,1,1
100664,25464046,38.88001,-77.10642,1,1
100700,25465464,38.87449,-77.08278,1,1
100736,25681145,38.89766,-77.09432,1,1
100752,335450962,38.88995,-77.12887,1,1
100764,25417335,38.88808,-77.11427,0,0
100767,25680648,38.89592,-77.10417,1,1
100779,949521194,38.87317,-77.10413,1,1
100780,19463836,38.87293,-77.10379,1,1
100781,26965092,38.87286,-77.10384,1,1
100782,949521195,38.87306,-77.10412,1,1
100859,19462991,38.89348,-77.10056,0,0
100923,25681209,38.89499,-77.09086,1,1
101005,968796750,38.8693,-77.10502,1,1
101006,848876271,38.86911,-77.10574,1,1
101010,25417347,38.88225,-77.11181,1,1
101012,335449795,38.88244,-77.10777,1,1
101021,25682438,38.90164,-77.0834,1,1
101078,25682273,38.89802,-77.08381,1,1
101081,25464613,38.88449,-77.09286,1,1
101083,25464149,38.87011,-77.1002,1,1
101120,287930298,38.89583,-77.08674,1,1
101143,25609450,38.9007,-77.12631,1,1
101144,25416812,38.87694,-77.12616,1,1
101171,19463051,38.8831,-77.09196,1,1
101183,25415234,38.86293,-77.12903,1,1
101208,25464171,38.87102,-77.09887,1,1
101213,25463561,38.86517,-77.1055,1,1
101214,335452984,38.86502,-77.10551,1,1
101232,335450880,38.89849,-77.12435,1,1
101293,335449925,38.88205,-77.11482,1,1
101294,25681206,38.89493,-77.09125,1,1
101311,25464016,38.87272,-77.10351,1,1
101346,25416990,38.88524,-77.12226,1,1
101362,25416717,38.86753,-77.11287,1,1
101390,25682150,38.89099,-77.08654,1,1
101396,25417388,38.88879,-77.11126,0,0
101408,19463004,38.89575,-77.08702,1,1
101449,25416916,38.88508,-77.12684,1,1
101455,25609268,38.89645,-77.1276,1,1
101456,968117307,38.86251,-77.10347,1,1
101457,335452991,38.86191,-77.10318,1,1
101496,335452997,38.86015,-77.1023,1,1
101497,968117364,38.86119,-77.10283,1,1
101536,25463965,38.86763,-77.08802,1,1
101539,335449927,38.88207,-77.11374,1,1
101548,19463570,38.8734,-77.08177,1,1
101553,25416727,38.86809,-77.11113,1,1
101556,25681228,38.89529,-77.08886,1,1
101559,25464673,38.88392,-77.09251,1,1
101565,25416987,38.8852,-77.12353,1,1
101575,25417345,38.88222,-77.11271,1,1
101597,25417138,38.87502,-77.11625,1,1
101602,25416936,38.88631,-77.12778,1,1
101612,335451735,38.88565,-77.12733,1,1
101643,25680770,38.89596,-77.09988,1,1
101656,25464685,38.88073,-77.08849,1,1
101680,287930297,38.89595,-77.08677,1,1
101706,25681174,38.89224,-77.09209,1,1
101792,958243642,38.88529,-77.12093,1,1
101793,25417019,38.88528,-77.12124,1,1
101857,848140202,38.8971,-77.08372,0,0
101858,968344022,38.89722,-77.08413,0,0
101988,961594669,38.89651,-77.10661,1,1
101989,25680627,38.89644,-77.10636,1,1
102012,335450976,38.8903,-77.12908,1,1
102013,958244855,38.89113,-77.12961,1,1
102014,958244853,38.89657,-77.12677,1,1
102015,25609277,38.89646,-77.12743,1,1
102031,958244598,38.89116,-77.12951,1,1
102032,25608261,38.89034,-77.12899,1,1
102033,25415914,38.88468,-77.12891,1,1
102036,958244601,38.89666,-77.126,1,1
102037,25609289,38.8966,-77.12618,1,1
102043,968344799,38.89576,-77.09932,0,0
102044,25680695,38.89347,-77.10077,0,0
102130,968345389,38.8933,-77.10084,0,0
102131,19462992,38.89281,-77.10108,0,0
102152,25682258,38.8969,-77.08396,0,0
102153,968345388,38.89715,-77.08447,0,0
102175,968775973,38.87206,-77.10886,1,1
102176,335450108,38.87168,-77.10823,1,1
102177,916325400,38.87098,-77.10749,1,1
102178,968775974,38.87131,-77.10763,1,1
102245,25465113,38.86769,-77.07665,1,1
102246,916324300,38.86913,-77.07845,1,1
102247,25465169,38.86601,-77.07355,1,1
102248,916324296,38.86613,-77.07361,1,1
102249,25465171,38.86605,-77.07342,1,1
102251,916324298,38.86594,-77.07336,1,1
102252,19463778,38.86578,-77.07291,1,1
102253,916324297,38.86608,-77.07371,1,1
102254,916324299,38.86598,-77.07321,1,1
102276,25609367,38.89322,-77.11984,1,1
102277,968773115,38.89353,-77.12011,1,1
102280,25417051,38.89022,-77.11926,1,1
102281,968773118,38.89057,-77.11934,1,1
102282,968773117,38.89159,-77.11934,1,1
102283,25609356,38.89131,-77.11934,1,1
102284,968773116,38.89261,-77.11952,1,1
102285,25609358,38.8924,-77.11945,1,1
102358,285277999,38.88449,-77.0936,1,1
102360,25464612,38.88449,-77.09304,1,1
102361,837574836,38.88475,-77.09334,1,1
102362,837574835,38.88449,-77.09331,1,1
102363,25464675,38.88399,-77.0924,1,1
102364,285278049,38.8845,-77.09271,1,1
102365,837574837,38.88451,-77.0923,1,1
102366,837574838,38.88421,-77.0926,1,1
102367,25680775,38.89617,-77.09979,1,1
102425,837574980,38.88445,-77.09822,1,1
102426,25464351,38.88452,-77.09854,1,1
102427,837574981,38.88472,-77.09834,1,1
102438,25465905,38.88841,-77.07898,1,1
102458,25680921,38.90203,-77.10283,1,1
102538,25464348,38.88398,-77.09913,1,1
102539,837575000,38.88414,-77.09927,1,1
102542,25465570,38.87245,-77.08132,1,1
102543,837575001,38.88368,-77.09944,1,1
102544,25464333,38.88331,-77.09988,1,1
102551,837575059,38.88634,-77.10021,1,1
102559,837575050,38.88464,-77.10005,1,1
102560,335449786,38.88443,-77.10064,1,1
102563,837575049,38.88472,-77.09915,1,1
102577,837575168,38.89622,-77.08589,1,1
102578,25682191,38.89604,-77.08649,1,1
102650,25464709,38.88964,-77.0907,1,1
102661,25464509,38.87043,-77.08994,1,1
102672,25464609,38.88516,-77.09377,1,1
102684,25682640,38.89486,-77.07313,1,1
102686,25681168,38.89857,-77.09334,1,1
102709,837575316,38.9025,-77.10959,1,1
102710,25609889,38.90229,-77.10883,1,1
102711,837575317,38.90242,-77.10931,1,1
102714,837575312,38.90221,-77.10822,1,1
102715,837575311,38.90223,-77.10845,1,1
102717,837575315,38.90264,-77.10847,1,1
102718,837575314,38.9025,-77.10861,1,1
102719,837575313,38.90203,-77.1091,1,1
102751,25464578,38.87863,-77.08825,1,1
102752,25680617,38.8967,-77.1073,1,1
102767,26947343,38.89858,-77.09298,1,1
102769,25681240,38.89877,-77.09271,1,1
102770,837575393,38.89883,-77.09224,1,1
102778,25609648,38.89928,-77.11758,1,1
102779,837575349,38.89939,-77.11667,1,1
102785,25609678,38.89941,-77.11417,1,1
102802,25680618,38.89665,-77.10713,1,1
102814,837575323,38.90102,-77.1022,1,1
102819,837575319,38.90147,-77.10935,1,1
102847,837575478,38.89479,-77.09254,1,1
102851,25681096,38.89374,-77.09286,1,1
102852,837575474,38.89553,-77.09668,1,1
102853,837575475,38.89533,-77.09707,1,1
102854,837575473,38.89449,-77.09315,1,1
102858,837575476,38.89463,-77.09349,1,1
102859,25609308,38.89895,-77.12471,1,1
102865,25680585,38.89543,-77.10771,1,1
102875,25464000,38.86974,-77.10458,1,1
102945,838212927,38.86846,-77.1068,1,1
102946,25463540,38.86807,-77.10694,1,1
102947,838212926,38.86912,-77.10695,1,1
102948,335451068,38.869,-77.10693,1,1
102949,838212923,38.86664,-77.12776,1,1
102952,25416171,38.86665,-77.12831,1,1
102953,838212924,38.86622,-77.13006,1,1
102963,838212960,38.86943,-77.10646,1,1
102964,838212961,38.86981,-77.10721,1,1
102989,335449787,38.88404,-77.10155,1,1
103006,19463059,38.87632,-77.08529,1,1
103037,19463756,38.86801,-77.11096,1,1
103038,25416753,38.86842,-77.10865,1,1
103039,838213123,38.8687,-77.10748,1,1
103051,25681229,38.89545,-77.08888,1,1
103058,25464659,38.8803,-77.09153,1,1
103160,335451710,38.88627,-77.12787,1,1
103169,838213456,38.87004,-77.1011,1,1
103173,838213455,38.87097,-77.10052,1,1
103174,25464086,38.87103,-77.10128,1,1
103175,838213454,38.87118,-77.10148,1,1
103176,25463693,38.86896,-77.09873,1,1
103177,838213453,38.86991,-77.09987,1,1
103192,25417143,38.87566,-77.11586,1,1
103193,968782985,38.87592,-77.115,1,1
103195,968782982,38.87208,-77.12249,1,1
103196,25416778,38.87172,-77.12355,1,1
103200,968782978,38.87599,-77.11467,1,1
103201,25417159,38.87596,-77.11482,1,1
103202,968782977,38.87658,-77.1132,1,1
103203,25416764,38.87046,-77.12546,1,1
103205,25416866,38.87341,-77.1186,1,1
103206,968782972,38.87355,-77.11822,1,1
103207,917389517,38.87427,-77.11659,1,1
103208,968782973,38.87446,-77.11641,1,1
103210,968782974,38.87438,-77.11691,1,1
103212,968782975,38.87535,-77.1176,1,1
103281,25608263,38.8929,-77.13067,1,1
103289,25464899,38.8639,-77.08185,1,1
103304,335450961,38.88994,-77.12899,1,1
103319,25417048,38.88852,-77.11876,1,1
103335,25682599,38.89082,-77.0765,1,1
103375,25415233,38.86277,-77.12905,1,1
103376,25417156,38.87947,-77.11608,1,1
103386,25416880,38.87769,-77.12319,1,1
103411,25464506,38.87304,-77.09097,1,1
103418,25463585,38.8694,-77.10474,1,1
103480,25682331,38.89412,-77.07818,1,1
103526,25465430,38.87164,-77.08263,1,1
103533,837573327,38.87422,-77.10439,1,1
103534,25464009,38.87347,-77.10455,1,1
103535,837573326,38.87366,-77.10482,1,1
103585,25416290,38.8666,-77.12291,1,1
103597,968783561,38.86632,-77.12951,1,1
103598,838212922,38.86662,-77.12603,1,1
103599,968783560,38.86625,-77.12719,1,1
103600,25415264,38.8663,-77.13065,1,1
103602,25417226,38.87616,-77.10827,1,1
103603,837573203,38.87664,-77.108,1,1
103604,837573202,38.87641,-77.10809,1,1
103605,25416176,38.86664,-77.12731,1,1
103607,25417277,38.88027,-77.11447,1,1
103608,25417278,38.88027,-77.11418,1,1
103609,837573192,38.88092,-77.11517,1,1
103610,837573191,38.88167,-77.11558,1,1
103612,25416135,38.86448,-77.12873,1,1
103613,968783564,38.86498,-77.12864,1,1
103614,837573190,38.87692,-77.10954,1,1
103615,335465273,38.87651,-77.10896,1,1
103616,837573197,38.87782,-77.11177,1,1
103617,25417217,38.87761,-77.112,1,1
103618,837573198,38.87798,-77.11076,1,1
103619,25417223,38.87718,-77.1097,1,1
103620,837573199,38.87777,-77.11048,1,1
103621,837573195,38.88218,-77.11429,1,1
103622,25417275,38.88218,-77.11483,1,1
103623,25417213,38.88006,-77.113,1,1
103624,837573196,38.88006,-77.11279,1,1
103626,335451730,38.87563,-77.11859,1,1
103627,968783563,38.87625,-77.11926,1,1
103629,837573188,38.87884,-77.11223,1,1
103631,837573189,38.87841,-77.11164,1,1
103632,25417215,38.87915,-77.11245,1,1
103633,837573187,38.8796,-77.11308,1,1
103634,837573186,38.87595,-77.10799,1,1
103635,25464026,38.87552,-77.10742,1,1
103637,25465550,38.87707,-77.08326,1,1
103638,25416858,38.87266,-77.12082,1,1
103643,25680786,38.89613,-77.09867,1,1
103656,335449791,38.8827,-77.10489,1,1
103674,25417199,38.87175,-77.10814,1,1
103719,25682168,38.89548,-77.08641,1,1
103742,19463758,38.86998,-77.10363,1,1
103746,25464244,38.87951,-77.09831,1,1
103769,25465913,38.89011,-77.07893,1,1
103777,971258577,38.86571,-77.07386,1,1
103780,25417177,38.88002,-77.11397,1,1
103781,19463064,38.8788,-77.08363,1,1
103783,25464684,38.88079,-77.08972,1,1
103785,837573838,38.88046,-77.09017,1,1
103786,837573837,38.88017,-77.08997,1,1
103788,837573839,38.88066,-77.08401,1,1
103792,837573835,38.88106,-77.09069,1,1
103812,335449793,38.88238,-77.10669,1,1
103858,19463757,38.86965,-77.10443,1,1
103880,25415767,38.87611,-77.12944,1,1
103902,25682252,38.89761,-77.08509,0,0
103918,25464678,38.88288,-77.09167,1,1
103937,25464515,38.87328,-77.08996,1,1
104000,25416658,38.86687,-77.11565,1,1
104010,25416899,38.8786,-77.1195,1,1
104015,837573989,38.89757,-77.08008,0,0
104027,335450964,38.89137,-77.12977,1,1
104085,947698013,38.8827,-77.11606,1,1
104124,25464172,38.87129,-77.09837,1,1
104185,25465557,38.87769,-77.08359,1,1
104213,25609757,38.90006,-77.10915,1,1
104214,961592285,38.90025,-77.10922,1,1
104276,335450879,38.89846,-77.12442,1,1
104291,335450526,38.87823,-77.12096,1,1
104357,25609410,38.89836,-77.12146,1,1
104459,25465152,38.86634,-77.0741,1,1
104554,916307464,38.88649,-77.11766,1,1
104580,983829971,38.86569,-77.07368,1,1
104583,983829970,38.86704,-77.07472,1,1
104617,947647495,38.87372,-77.0824,1,1
104618,947647496,38.87412,-77.08275,1,1
104620,25465528,38.87497,-77.08313,1,1
104621,947647497,38.87523,-77.08347,1,1
104651,974907503,38.88429,-77.08458,1,1
104657,25465475,38.87644,-77.08517,1,1
104658,983827542,38.87648,-77.08462,1,1
104703,970065065,38.89906,-77.07477,0,0
104704,25682678,38.89902,-77.07538,0,0
104792,801754504,38.90247,-77.11209,1,1
104793,25609845,38.90186,-77.11288,1,1
104794,801754505,38.90266,-77.11015,1,1
104818,961861446,38.90126,-77.1053,1,1
104819,25680844,38.90114,-77.10478,1,1
104835,25463870,38.86762,-77.09653,1,1
104836,984127284,38.86775,-77.09675,1,1
104902,838201971,38.86853,-77.09767,1,1
104903,984128195,38.86869,-77.09704,1,1
105022,25682169,38.89338,-77.08612,1,1
105023,801758631,38.89424,-77.08624,1,1
105255,25680750,38.89643,-77.10213,1,1
105279,25416883,38.87795,-77.12208,1,1
105280,837532766,38.87813,-77.12136,1,1
105281,837532762,38.87856,-77.12108,1,1
105283,25416917,38.88512,-77.1267,1,1
105284,837532764,38.87795,-77.12065,1,1
105285,25416894,38.87642,-77.11929,1,1
105287,837532765,38.8854,-77.12711,1,1
105288,837532759,38.88486,-77.12637,1,1
105289,25416931,38.88327,-77.12404,1,1
105291,837532760,38.87836,-77.12044,1,1
105292,837532761,38.87843,-77.12018,1,1
105331,848875793,38.86567,-77.1057,1,1
105332,848875794,38.86566,-77.1058,1,1
105333,837574982,38.88463,-77.09921,1,1
105334,954408917,38.88468,-77.09944,1,1
105335,837573193,38.88067,-77.11491,1,1
105336,894443112,38.88079,-77.11504,1,1
105341,25463555,38.86907,-77.10589,1,1
105456,954409851,38.87752,-77.08669,1,1
105457,335449693,38.87706,-77.08635,1,1
105458,335449694,38.8772,-77.08622,1,1
105459,954409850,38.87741,-77.08682,1,1
105472,335449797,38.88538,-77.11809,1,1
105473,968766199,38.88538,-77.11784,1,1
105474,25417293,38.88618,-77.11749,1,1
105475,968766200,38.88627,-77.11754,1,1
105477,968766197,38.88549,-77.11713,1,1
105478,25417251,38.88362,-77.11661,1,1
105479,968766198,38.88532,-77.11721,1,1
105525,931697196,38.88668,-77.08569,1,1
105575,970858818,38.86505,-77.07737,1,1
105576,25464917,38.865,-77.07757,1,1
105647,970857765,38.88634,-77.0848,1,1
105674,968768980,38.88643,-77.11719,1,1
105806,25417280,38.88219,-77.11375,1,1
105807,968760854,38.8822,-77.1135,1,1
105810,1004209287,38.90027,-77.10081,1,1
105811,25680801,38.89994,-77.0993,1,1
105816,25682173,38.89075,-77.08474,1,1
105817,1038099706,38.89076,-77.08453,1,1
105886,916305899,38.89906,-77.11268,1,1
105896,969469991,38.89858,-77.10899,1,1
105897,969473032,38.89894,-77.10905,1,1
105960,983823522,38.88107,-77.12411,1,1
105969,335450928,38.89816,-77.10889,1,1
106013,25417331,38.88549,-77.11413,1,1
106014,968763801,38.88549,-77.11402,1,1
106015,25417375,38.88557,-77.11219,1,1
106016,968763800,38.88558,-77.1116,1,1
106026,877948999,38.85797,-77.08797,1,1
106211,25682607,38.89363,-77.0756,1,1
106231,25416295,38.86652,-77.12203,1,1
106236,25464690,38.8846,-77.08775,1,1
106246,25463835,38.85846,-77.08781,1,1
106247,25463851,38.86102,-77.09294,1,1
106257,285277269,38.88314,-77.11623,1,1
106279,25463400,38.85797,-77.1041,1,1
106360,25464420,38.87166,-77.09688,1,1
106365,25680849,38.90284,-77.10417,1,1
106382,25465535,38.87607,-77.08328,1,1
106415,25417053,38.88948,-77.1191,1,1
106423,25465108,38.86688,-77.07539,1,1
106453,25463794,38.85954,-77.09161,1,1
106486,25682334,38.89633,-77.08205,1,1
106534,25608259,38.89142,-77.12968,1,1
106576,25682149,38.89044,-77.08649,1,1
106578,25464225,38.8761,-77.10037,1,1
106610,25465713,38.88087,-77.08503,1,1
106626,25682308,38.89519,-77.08188,1,1
106630,25463793,38.85881,-77.09117,1,1
106674,25682356,38.89707,-77.08038,0,0
106675,25417120,38.87385,-77.11552,1,1
106697,25464618,38.88566,-77.09738,1,1
106704,25417049,38.88854,-77.11868,1,1
106706,335452620,38.88058,-77.12156,1,1
106717,285277972,38.89926,-77.11771,1,1
106766,25465858,38.88731,-77.08099,1,1
106785,25609304,38.90012,-77.12583,1,1
106798,25464384,38.88955,-77.10093,1,1
106800,335451758,38.8749,-77.11718,1,1
106803,25465474,38.87647,-77.08551,1,1
106823,25609300,38.8975,-77.12361,1,1
106825,25465109,38.86696,-77.0753,1,1
106880,25609437,38.8991,-77.11866,1,1
106886,25464631,38.88715,-77.09542,1,1
106917,25463792,38.85878,-77.09123,1,1
106951,25464323,38.88285,-77.10073,1,1
106961,25416817,38.87737,-77.12438,1,1
106973,25464325,38.88452,-77.10071,1,1
106987,25464923,38.86967,-77.07905,1,1
106999,26949996,38.89796,-77.0941,1,1
107010,25682318,38.89187,-77.07927,1,1
107024,25465424,38.87483,-77.08543,1,1
107047,285277980,38.88411,-77.09897,1,1
107049,25682611,38.89179,-77.07345,1,1
107094,25680584,38.8949,-77.1077,1,1
107131,25415732,38.87422,-77.1302,1,1
107136,335450955,38.88766,-77.12818,1,1
107191,25463935,38.86476,-77.09237,1,1
107200,25609380,38.89671,-77.12293,1,1
107202,26949999,38.89869,-77.09305,1,1
107249,19463062,38.87718,-77.08346,1,1
107250,25463789,38.85822,-77.09082,1,1
107269,25682632,38.8948,-77.07383,1,1
107275,25463559,38.86963,-77.10561,1,1
107309,25682259,38.8969,-77.08396,1,1
107352,25417295,38.8869,-77.11799,1,1
107429,25682309,38.89406,-77.08079,1,1
107435,25680823,38.90155,-77.10646,1,1
107444,25464293,38.88609,-77.10402,1,1
107470,25608298,38.89635,-77.13055,1,1
107567,335465270,38.87659,-77.10888,1,1
107604,25415734,38.87245,-77.1292,1,1
107625,25465571,38.87181,-77.08089,1,1
107636,26965051,38.87521,-77.10713,1,1
107637,25465530,38.87565,-77.08343,1,1
107691,838369937,38.89707,-77.08038,1,1
107692,25682355,38.89696,-77.08031,1,1
107716,25681164,38.89867,-77.09379,1,1
107741,25682257,38.89685,-77.08412,1,1
107781,25682352,38.89722,-77.08046,0,0
107796,25417364,38.88245,-77.10945,1,1
107816,25464236,38.87705,-77.09837,1,1
107825,285277975,38.89921,-77.11749,1,1
107839,25682321,38.89042,-77.07816,1,1
107913,285277731,38.89867,-77.09365,1,1
107931,25464503,38.8728,-77.09193,1,1
107946,25463878,38.86561,-77.0931,1,1
107949,25464380,38.88848,-77.10081,1,1
107972,25416657,38.86684,-77.1158,1,1
108000,25464863,38.86333,-77.08408,1,1
108002,25417091,38.87466,-77.11682,1,1
108012,335451725,38.8738,-77.11581,1,1
108055,25464294,38.88608,-77.10363,1,1
108184,25464683,38.88455,-77.09073,1,1
108209,25417212,38.88005,-77.11314,1,1
108229,25681208,38.89483,-77.09081,1,1
108232,25417297,38.88778,-77.11829,1,1
108294,25682731,38.8984,-77.07298,0,0
108307,25416332,38.86661,-77.12046,1,1
108321,25417036,38.88535,-77.11888,0,0
108348,25680571,38.89065,-77.10816,1,1
108350,25464645,38.88701,-77.09494,1,1
108392,25464263,38.88123,-77.10409,1,1
108446,25417050,38.88891,-77.11883,1,1
108467,25682323,38.8907,-77.07755,1,1
108492,25682382,38.89764,-77.07885,0,0
108506,25464321,38.88379,-77.1025,1,1
108508,19463057,38.88127,-77.09083,1,1
108517,25464499,38.87013,-77.09124,1,1
108594,25464242,38.87851,-77.09789,1,1
108646,26965061,38.87504,-77.10689,1,1
108674,25464014,38.8741,-77.10467,1,1
108695,25609267,38.89636,-77.12764,1,1
108733,25464687,38.88455,-77.08982,1,1
108735,25463888,38.86021,-77.09194,1,1
108822,25463994,38.87464,-77.10634,1,1
108854,838364724,38.86603,-77.0749,1,1
108855,25465103,38.86555,-77.07541,1,1
108868,25416886,38.88031,-77.12129,1,1
108884,25464662,38.88232,-77.09149,1,1
108934,25415235,38.86326,-77.12897,1,1
108941,25680917,38.90154,-77.10233,1,1
108948,25681173,38.89289,-77.09255,1,1
108993,25465148,38.86709,-77.07454,1,1
109020,25416183,38.86837,-77.12748,1,1
109023,25680847,38.90094,-77.10385,1,1
109033,335452687,38.88192,-77.11974,1,1
109044,25465793,38.88627,-77.08328,1,1
109048,968720437,38.88074,-77.08554,1,1
109049,25465695,38.8807,-77.08569,1,1
109063,25417300,38.88656,-77.11783,0,0
109080,25463787,38.85952,-77.09168,1,1
109096,25609428,38.89869,-77.12041,1,1
109104,25417306,38.88692,-77.11786,1,1
109110,25682638,38.89474,-77.0731,1,1
109121,25465558,38.87878,-77.0838,1,1
109214,25464279,38.88565,-77.10817,1,1
109216,25417298,38.88723,-77.11811,1,1
109217,338858432,38.86814,-77.08813,1,1
109313,25609362,38.89241,-77.11938,1,1
109314,25464500,38.87021,-77.09088,1,1
109348,25682199,38.89632,-77.08553,1,1
109365,274926428,38.88038,-77.12461,0,0
109368,25465791,38.88605,-77.08359,1,1
109399,25682329,38.89306,-77.07853,1,1
109425,25609448,38.90138,-77.12687,1,1
109465,25464461,38.87751,-77.09744,1,1
109479,25465583,38.87235,-77.08006,1,1
109481,25465799,38.88642,-77.08302,1,1
109529,25464021,38.87458,-77.10357,1,1
109534,25682310,38.89328,-77.08028,1,1
109554,25464339,38.88494,-77.0997,1,1
109560,25464681,38.88452,-77.09172,1,1
109673,25416997,38.88168,-77.12163,1,1
109689,25609342,38.89483,-77.12162,1,1
109696,25417179,38.88005,-77.1138,1,1
109728,25463967,38.86811,-77.08812,1,1
109745,25464665,38.88133,-77.09071,1,1
109774,25416801,38.87935,-77.12789,0,0
109790,25417149,38.8789,-77.11833,1,1
109793,25609741,38.89699,-77.10847,1,1
109848,975433247,38.89619,-77.10541,1,1
109849,25680644,38.89616,-77.10528,1,1
109854,837607704,38.88252,-77.1075,1,1
109856,837607690,38.87944,-77.10758,1,1
109857,25464036,38.87781,-77.1078,1,1
109858,837607691,38.87914,-77.10761,1,1
109859,25464038,38.8799,-77.10758,1,1
109860,837607698,38.88075,-77.10764,1,1
109864,837607700,38.87991,-77.10703,1,1
109868,335449919,38.88235,-77.10942,1,1
109871,837607694,38.8799,-77.10812,1,1
109872,25417230,38.8799,-77.10905,1,1
109873,837607695,38.8799,-77.10839,1,1
109874,837607693,38.8799,-77.10789,1,1
109875,25464247,38.88253,-77.10777,1,1
109876,837607696,38.88281,-77.10779,1,1
109929,837607245,38.89149,-77.08416,1,1
109930,25682175,38.89144,-77.08485,1,1
109931,25682178,38.89173,-77.08397,1,1
109932,837607244,38.8919,-77.08354,1,1
109933,837607242,38.89132,-77.08391,1,1
109934,837607243,38.89114,-77.08389,1,1
109935,25682176,38.89082,-77.08385,1,1
109956,837606959,38.89591,-77.09773,1,1
109957,837606960,38.89593,-77.09809,1,1
109958,25680749,38.89633,-77.10213,1,1
109959,837606962,38.89628,-77.10074,1,1
109960,25680772,38.89621,-77.10003,1,1
109961,837606963,38.89625,-77.10034,1,1
109963,25681092,38.89497,-77.09426,1,1
109964,837606969,38.89543,-77.09504,1,1
109965,837606970,38.89569,-77.09542,1,1
109972,837606965,38.89632,-77.09573,1,1
109973,837606964,38.89616,-77.09589,1,1
109974,837606967,38.89721,-77.09479,1,1
109975,837606966,38.89666,-77.09538,1,1
109976,25681122,38.89591,-77.09614,1,1
109995,1053794535,38.88711,-77.08198,1,1
109997,1053794536,38.88663,-77.08346,1,1
109999,25465856,38.8872,-77.08087,1,1
110017,1005536998,38.88975,-77.07822,1,1
110018,25465918,38.88969,-77.07809,1,1
110019,1005536997,38.88975,-77.07822,1,1
110072,1004641109,38.88174,-77.12212,1,1
110073,1004641108,38.88157,-77.12202,1,1
110074,335451720,38.88123,-77.12185,1,1
110077,25416924,38.8808,-77.12381,0,0
110078,1004641106,38.88157,-77.12202,1,1
110080,1004641107,38.88174,-77.12212,0,0
110123,25682327,38.89365,-77.07937,1,1
110124,968312970,38.89393,-77.07871,1,1
110145,975130660,38.85785,-77.08787,1,1
110330,949583793,38.86962,-77.09327,1,1
110331,968743486,38.86974,-77.09276,1,1
110333,837782744,38.89751,-77.10873,1,1
110335,837782742,38.89699,-77.10817,1,1
110336,837782743,38.89709,-77.10841,1,1
110341,968743435,38.87563,-77.10137,1,1
110450,25682203,38.89723,-77.08583,1,1
110451,947951505,38.89653,-77.08493,1,1
110452,19462988,38.89643,-77.08518,1,1
110453,947951503,38.89673,-77.08444,1,1
110454,25680813,38.90184,-77.10707,1,1
110455,1053457548,38.90213,-77.10771,1,1
110530,968303655,38.89965,-77.09817,1,1
110564,916288019,38.89782,-77.09418,0,0
110565,917379889,38.89817,-77.087,0,0
110566,274479337,38.89834,-77.08707,0,0
110567,848140201,38.89815,-77.09021,0,0
110568,25464076,38.8714,-77.10178,1,1
110578,335465274,38.86107,-77.09273,1,1
110603,26947344,38.89791,-77.09397,1,1
110626,837785322,38.90075,-77.07514,0,0
110646,25465877,38.88773,-77.08026,1,1
110664,25415228,38.86179,-77.12921,1,1
110671,25464006,38.87226,-77.103,1,1
110674,25417164,38.8799,-77.11451,1,1
110677,25465574,38.87187,-77.08071,1,1
110678,25682269,38.89698,-77.08371,1,1
110683,25465600,38.87292,-77.08165,1,1
110685,26949997,38.89837,-77.0936,1,1
110686,25608306,38.89635,-77.12887,1,1
110691,25463518,38.86379,-77.10401,1,1
110702,25464540,38.87988,-77.0924,1,1
110703,25416834,38.87226,-77.12195,1,1
110759,25682639,38.89484,-77.07341,1,1
110800,311290996,38.89829,-77.09351,1,1
110844,25682317,38.89269,-77.07982,1,1
110849,328014470,38.90096,-77.07466,0,0
110857,25464722,38.88833,-77.08948,1,1
110878,25464490,38.87895,-77.09439,1,1
110911,25464502,38.87289,-77.09197,1,1
110914,25682440,38.90087,-77.0839,1,1
110982,19463777,38.87248,-77.08115,1,1
110995,968735661,38.86874,-77.10903,1,1
110996,25416748,38.86833,-77.11016,1,1
111045,25465497,38.87505,-77.08493,1,1
111046,25609265,38.89636,-77.12819,1,1
111179,968699206,38.88443,-77.0966,1,1
111180,25464596,38.88442,-77.09684,1,1
111252,25682296,38.89254,-77.08186,1,1
111253,970898886,38.89275,-77.0814,1,1
111373,25417096,38.87398,-77.11594,1,1
111374,916291330,38.87435,-77.1165,1,1
111432,968696695,38.88445,-77.09539,1,1
111433,25464597,38.88445,-77.09553,1,1
111435,968696694,38.89274,-77.07969,1,1
111436,968696692,38.88597,-77.09668,1,1
111438,968697309,38.89072,-77.08506,1,1
111439,25682160,38.8907,-77.08524,1,1
111510,838706932,38.87417,-77.10566,1,1
111511,26965088,38.87397,-77.10538,1,1
111594,25465587,38.87269,-77.08204,1,1
111595,968694982,38.87279,-77.08171,1,1
111598,968694984,38.8948,-77.09102,1,1
111599,25681205,38.89478,-77.09123,1,1
111600,25465416,38.87402,-77.08703,1,1
111601,970894453,38.87437,-77.08564,1,1
111628,970891559,38.89048,-77.07631,1,1
111641,970891721,38.8917,-77.07321,1,1
111704,1053812562,38.88385,-77.08472,1,1
111705,1053812537,38.88271,-77.08451,1,1
111710,25417402,38.8883,-77.10828,1,1
111711,968694567,38.88919,-77.10829,1,1
111712,968694566,38.88803,-77.10827,1,1
111713,25417399,38.88745,-77.10825,1,1
111776,1034977558,38.88477,-77.08462,1,1
111777,1053812566,38.88596,-77.08388,1,1
111782,925778086,38.86895,-77.10715,1,1
111783,335450118,38.869,-77.10693,1,1
111802,25464255,38.88457,-77.10799,1,1
111803,838706804,38.88499,-77.10806,1,1
111846,25464902,38.86428,-77.08034,1,1
111847,918276831,38.86444,-77.07971,1,1
111848,918276828,38.86476,-77.07848,1,1
111849,335450799,38.86468,-77.07877,1,1
111850,871531995,38.88426,-77.10795,1,1
111851,968692187,38.88434,-77.10796,1,1
112026,968690484,38.8832,-77.10782,1,1
112027,25464253,38.88312,-77.10781,1,1
112052,25464246,38.88119,-77.10769,1,1
112053,968690483,38.88235,-77.10777,1,1
112068,947954324,38.89703,-77.08347,1,1
112069,968690287,38.8971,-77.08301,1,1
112107,976966007,38.87589,-77.1008,1,1
112108,311290735,38.87577,-77.10106,1,1
112220,968688047,38.88005,-77.11351,1,1
112221,968688046,38.88006,-77.11439,1,1
112224,837607697,38.88021,-77.10759,1,1
112225,968688048,38.88054,-77.10761,1,1
112495,968443719,38.8653,-77.07642,1,1
112535,25417252,38.88362,-77.1164,1,1
112536,838706432,38.88415,-77.1166,1,1
112537,838706428,38.88264,-77.1162,1,1
112538,838706427,38.88281,-77.11628,1,1
112539,838706429,38.88232,-77.11606,1,1
112541,25417234,38.88203,-77.11731,1,1
112542,949583788,38.86926,-77.09468,1,1
112543,838706430,38.88207,-77.11661,1,1
112544,976962953,38.86933,-77.0944,1,1
112618,871531939,38.89046,-77.10819,1,1
112619,25464285,38.8902,-77.10823,1,1
112624,25681269,38.89932,-77.0901,1,1
112625,976970540,38.8914,-77.07413,1,1
112626,880280392,38.90094,-77.08467,1,1
112627,976970539,38.86524,-77.07665,1,1
112628,25465099,38.86511,-77.07715,1,1
112629,25682601,38.891,-77.075,1,1
112695,25464091,38.87047,-77.10113,1,1
112738,809072556,38.87754,-77.10784,1,1
112787,880278725,38.90053,-77.08435,1,1
112788,25682439,38.90164,-77.0834,0,0
112789,880278727,38.90186,-77.08468,0,0
112790,25682445,38.90221,-77.083,0,0
112791,880278729,38.90216,-77.08006,0,0
112800,971039810,38.87617,-77.08478,1,1
112801,285278199,38.87567,-77.08406,1,1
112905,961698095,38.89654,-77.12648,1,1
112906,25609276,38.89637,-77.12744,1,1
112911,871531779,38.88467,-77.12633,1,1
112912,335451736,38.88256,-77.12309,1,1
112913,871531775,38.88304,-77.12386,1,1
112932,976967355,38.8692,-77.09491,1,1
112933,949574664,38.86916,-77.0951,1,1
113116,25682157,38.89122,-77.08581,1,1
113117,838707268,38.89175,-77.0859,1,1
113119,838707269,38.89155,-77.08587,1,1
113121,838707270,38.89137,-77.08549,1,1
113122,838707271,38.89086,-77.08553,1,1
113127,25464312,38.88195,-77.1027,1,1
113129,809075418,38.88612,-77.09933,1,1
113130,25680600,38.89065,-77.10367,0,0
113131,922674100,38.89212,-77.10134,0,0
113213,25463860,38.86721,-77.09602,1,1
113214,968706418,38.86746,-77.09644,1,1
113245,968782976,38.87059,-77.12534,1,1
113246,971376535,38.87141,-77.12442,1,1
113247,25417304,38.88649,-77.11766,0,0
113248,971376534,38.88669,-77.11739,0,0
113260,916290486,38.87427,-77.11659,1,1
113281,970924211,38.86669,-77.0748,1,1
113355,949585487,38.89092,-77.07514,1,1
113356,19463099,38.89068,-77.0764,1,1
113490,970920543,38.8904,-77.09064,1,1
113495,971277415,38.87754,-77.12377,1,1
113496,971379944,38.87767,-77.12326,1,1
113497,971379945,38.88249,-77.10682,1,1
113499,971379941,38.88515,-77.12546,1,1
113500,968679280,38.88514,-77.12596,1,1
113501,837569248,38.88594,-77.11737,1,1
113502,971379940,38.88598,-77.11739,1,1
113565,25463886,38.86957,-77.09347,1,1
113566,949583792,38.86914,-77.09518,1,1
113567,335450804,38.86912,-77.09526,1,1
113568,949583790,38.86898,-77.09582,1,1
113569,25463867,38.86872,-77.09691,1,1
113587,916290755,38.88204,-77.12223,0,0
113588,285278190,38.88096,-77.12419,0,0
113607,1010878695,38.89799,-77.12393,1,1
113786,968050764,38.87971,-77.09276,1,1
113787,25464496,38.87946,-77.09331,1,1
113849,25680764,38.90045,-77.10161,1,1
113850,961696172,38.90049,-77.10182,1,1
113857,971370436,38.87021,-77.1029,1,1
113859,971370437,38.87041,-77.10182,1,1
113860,287917620,38.87025,-77.10248,1,1
113862,971370438,38.8662,-77.12951,1,1
113992,975251517,38.86015,-77.09641,1,1
113993,335450817,38.85998,-77.09706,1,1
113994,25463845,38.86033,-77.0957,1,1
113995,975251518,38.86036,-77.09559,1,1
114044,895288306,38.89589,-77.09717,1,1
114048,837606958,38.89586,-77.09676,1,1
114049,895288307,38.89603,-77.09715,1,1
114111,971373984,38.87438,-77.10401,1,1
114112,971373985,38.87456,-77.10362,1,1
114113,25464020,38.87435,-77.10408,1,1
114126,971373987,38.87414,-77.10458,1,1
114129,971373986,38.88138,-77.12361,1,1
114192,916300561,38.8969,-77.1253,1,1
114559,917379502,38.87515,-77.08357,1,1
114566,917379501,38.87548,-77.08405,1,1
114567,25465527,38.87497,-77.08332,1,1
114568,25465505,38.87536,-77.08389,1,1
114575,975103889,38.86878,-77.10833,1,1
114699,25680737,38.89434,-77.09947,1,1
114700,895288694,38.89514,-77.09785,1,1
114713,25609799,38.901,-77.11414,1,1
114714,971368563,38.9012,-77.11385,1,1
114761,25463692,38.86893,-77.09883,1,1
114762,968465840,38.86968,-77.09974,1,1
114769,968453260,38.89921,-77.09634,1,1
114770,970052714,38.89932,-77.09681,1,1
114789,971367724,38.86714,-77.1068,1,1
114790,968794466,38.86627,-77.10612,1,1
114805,25682208,38.89752,-77.08526,0,0
114826,968455342,38.88469,-77.0863,1,1
114827,25465705,38.88466,-77.08669,1,1
115024,968455850,38.89492,-77.09132,1,1
115025,25681196,38.89482,-77.09217,1,1
115044,25417161,38.87631,-77.11358,1,1
115045,971361576,38.87637,-77.11349,1,1
115137,968458080,38.86139,-77.08695,1,1
115138,25464832,38.86065,-77.08707,1,1
115145,19463006,38.89862,-77.12037,1,1
115146,971361895,38.89871,-77.12001,1,1
115149,25682717,38.89845,-77.07358,0,0
115150,25682391,38.89777,-77.07856,0,0
115151,25416009,38.85894,-77.12691,1,1
115152,968457974,38.86004,-77.12759,1,1
115180,971362417,38.8998,-77.10911,1,1
115182,25609751,38.89909,-77.10908,1,1
115264,968679281,38.88449,-77.12997,1,1
115265,968679282,38.88288,-77.1234,1,1
115266,335450436,38.88264,-77.12301,1,1
115267,837532763,38.88513,-77.12629,1,1
115269,968679279,38.88519,-77.12676,1,1
115272,968679283,38.88364,-77.12478,1,1
115273,335451715,38.8832,-77.12411,1,1
115274,916290754,38.88223,-77.12241,1,1
115275,968679284,38.88243,-77.12216,1,1
115359,25682248,38.89629,-77.08506,1,1
115366,968458266,38.89618,-77.07653,1,1
115367,968324535,38.89612,-77.07731,1,1
115368,968323009,38.89626,-77.0756,1,1
115369,968458265,38.89636,-77.07429,1,1
115540,916325122,38.86611,-77.07321,1,1
115541,25465136,38.86589,-77.07402,1,1
115542,916325121,38.86596,-77.07374,1,1
115552,970888195,38.87072,-77.09967,1,1
115567,969061062,38.8596,-77.08739,1,1
115568,25464783,38.85905,-77.08756,1,1
115612,916325403,38.87173,-77.08061,1,1
115613,25464924,38.86985,-77.07901,1,1
115614,916325401,38.87201,-77.08081,1,1
115615,25465573,38.87187,-77.08071,1,1
115616,916325402,38.87201,-77.08078,1,1
115618,25463974,38.87082,-77.10743,1,1
115694,838706431,38.88205,-77.11696,1,1
115695,949445107,38.88206,-77.11674,1,1
115697,897567617,38.88068,-77.11519,1,1
115698,949445104,38.88111,-77.11559,1,1
115701,25682618,38.8919,-77.07289,1,1
115709,335450088,38.87295,-77.11029,1,1
115710,968670222,38.87321,-77.11084,1,1
115717,949444798,38.87994,-77.11043,1,1
115737,968802660,38.87077,-77.09991,1,1
115739,970885314,38.87088,-77.09947,1,1
115800,25608299,38.89644,-77.1306,1,1
115844,25463790,38.85825,-77.09075,1,1
115845,968454027,38.85835,-77.09082,1,1
115861,25465768,38.88683,-77.08605,1,1
115862,968046096,38.88702,-77.0865,1,1
115863,968046095,38.88753,-77.08756,1,1
115864,335449688,38.88736,-77.08721,1,1
115865,970063351,38.89713,-77.08416,0,0
115867,970063350,38.89885,-77.07512,0,0
115868,25682674,38.89882,-77.07549,0,0
115911,968453433,38.89892,-77.09518,1,1
115918,837647226,38.88646,-77.10819,1,1
115919,25464280,38.88605,-77.10817,1,1
115920,837647225,38.88718,-77.10823,1,1
115921,837647224,38.8859,-77.10876,1,1
115922,25417396,38.88568,-77.10943,1,1
115923,837647227,38.88606,-77.10781,1,1
115935,25681140,38.89912,-77.09599,1,1
204440,974912495,38.86707,-77.07359,1,1
204452,958395865,38.89938,-77.11512,1,1
204834,886284128,38.90157,-77.07887,0,0
207365,25682360,38.89822,-77.08153,1,1
208362,25465159,38.86719,-77.07371,1,1
210558,968802655,38.86631,-77.07471,1,1
210578,968802661,38.87673,-77.08385,1,1
211235,25464289,38.88611,-77.10545,1,1
211734,25682704,38.89645,-77.07332,1,1
213273,25417083,38.87395,-77.11654,1,1
213361,838211566,38.89871,-77.07446,0,0
213994,25417124,38.87383,-77.11338,1,1
213996,968794463,38.87374,-77.11365,1,1
214296,25681179,38.89085,-77.09057,1,1
214822,25417009,38.88283,-77.12064,1,1
214860,25464619,38.88603,-77.09751,1,1
216030,25465427,38.87166,-77.08357,1,1
216394,25417216,38.88006,-77.11249,1,1
216433,801773215,38.89644,-77.10133,1,1
218720,837575348,38.89944,-77.11555,1,1
219271,25682592,38.89085,-77.07712,1,1
219534,968783562,38.86666,-77.12676,1,1
219718,837573836,38.88081,-77.09006,1,1
220198,837574639,38.90217,-77.08044,0,0
220639,25682724,38.89911,-77.07365,0,0
220976,25415762,38.87511,-77.13069,1,1
224025,25464012,38.87451,-77.10562,1,1
224533,25464394,38.88616,-77.0992,1,1
225803,837607701,38.88246,-77.10812,1,1
225894,837606961,38.89633,-77.10166,1,1
226085,25682723,38.89885,-77.07362,0,0
226500,947953760,38.89845,-77.08795,0,0
226501,947953759,38.89829,-77.08796,0,0
227532,968694983,38.87258,-77.08152,1,1
231085,916295776,38.89847,-77.07537,0,0
231295,968458264,38.89634,-77.08395,1,1
