18,287578288,38.89209,-77.0499,1,1
19,810782917,38.89273,-77.05014,1,1
20,875059835,38.89209,-77.04957,1,1
21,875059836,38.89308,-77.05013,1,1
23,875059837,38.89182,-77.05371,1,1
24,838211908,38.89231,-77.05996,0,0
25,875059838,38.89283,-77.05697,0,0
27,26967958,38.89583,-77.05082,1,1
28,875059839,38.89584,-77.05048,1,1
30,25686383,38.89592,-77.05114,1,1
31,875059840,38.89592,-77.05033,1,1
33,875059841,38.89603,-77.05048,1,1
35,999018798,38.89847,-77.05321,0,0
36,875059844,38.89939,-77.05399,0,0
37,837136762,38.89934,-77.05365,0,0
38,875059845,38.89947,-77.05376,0,0
66,875059698,38.87808,-77.03977,0,0
73,875059699,38.87801,-77.03966,0,0
74,26965865,38.87421,-77.04334,0,0
75,875059700,38.87821,-77.03998,0,0
76,838354416,38.8748,-77.04325,0,0
78,875059701,38.87722,-77.03826,0,0
79,809915149,38.87702,-77.03846,0,0
213,817118784,38.88211,-77.02767,0,0
215,886267943,38.88216,-77.02737,0,0
216,25471639,38.88218,-77.02716,0,0
217,886267944,38.88219,-77.02692,0,0
378,976908793,38.88692,-77.04135,1,1
379,25471174,38.88678,-77.04325,1,1
411,25471312,38.87913,-77.03487,0,0
412,25471314,38.87923,-77.03479,0,0
469,25479722,38.88251,-77.01556,0,0
1119,287196711,38.88725,-77.04989,1,1
1120,806569521,38.88726,-77.04999,1,1
1472,875058856,38.88453,-77.02784,1,1
1473,25471661,38.88446,-77.0281,1,1
1474,875058855,38.88397,-77.02809,1,1
1475,25471660,38.8835,-77.02808,1,1
1700,25686371,38.89352,-77.05013,1,1
1701,991945594,38.89374,-77.05013,1,1
1786,997325441,38.88866,-77.02806,1,1
1787,997325440,38.88948,-77.02806,1,1
1788,946171733,38.88926,-77.02799,1,1
1790,25702626,38.89831,-77.01991,1,1
2814,25686474,38.90252,-77.05525,0,0
2849,875671340,38.88252,-77.0176,0,0
2850,884994456,38.88252,-77.01755,0,0
2888,25471669,38.88361,-77.02701,1,1
2889,811083861,38.88437,-77.02702,1,1
2981,818179669,38.902,-77.05712,0,0
2984,25686438,38.90162,-77.05583,0,0
3240,812189761,38.88831,-77.05229,1,1
3441,813054428,38.887,-77.04341,1,1
3690,886259962,38.88606,-77.05865,0,0
3734,968891614,38.8767,-77.0411,0,0
3735,26965864,38.87473,-77.04301,0,0
3909,25686139,38.89313,-77.05556,1,1
3910,886260662,38.89328,-77.05567,1,1
4276,25683055,38.90098,-77.07046,0,0
4277,808032616,38.90252,-77.05462,1,1
4379,810784809,38.89541,-77.03985,1,1
4380,25687661,38.89539,-77.04173,1,1
4381,810784810,38.89686,-77.03946,1,1
4382,25687728,38.8964,-77.03946,1,1
4383,25687704,38.89541,-77.03947,1,1
4708,807308312,38.89357,-77.02311,1,1
4709,807308313,38.89298,-77.02099,1,1
4710,25702603,38.89268,-77.01991,1,1
4711,25702569,38.8938,-77.02398,1,1
4712,807308314,38.89394,-77.02449,1,1
4713,25471630,38.88132,-77.02684,1,1
4714,19462922,38.88174,-77.02884,0,0
4787,967921628,38.88894,-77.06156,0,0
4788,886259963,38.88627,-77.05878,0,0
5006,94251105,38.87316,-77.04216,0,0
5007,809915150,38.87759,-77.03792,0,0
5073,25702818,38.89686,-77.01518,1,1
5135,25471547,38.88033,-77.03098,0,0
5138,810312113,38.88046,-77.0308,0,0
5480,808034693,38.89288,-77.05489,0,0
5481,25686127,38.89281,-77.05446,0,0
5521,1002053468,38.89436,-77.02543,1,1
5522,25702570,38.89396,-77.02397,1,1
5585,25687665,38.89574,-77.04668,1,1
5586,886262654,38.89574,-77.04654,1,1
5587,813013550,38.89546,-77.04509,1,1
5588,886262655,38.89565,-77.0465,1,1
5592,886262656,38.88864,-77.05249,1,1
5593,837273721,38.88843,-77.05237,1,1
5600,886262658,38.88987,-77.05245,1,1
5601,812189760,38.88925,-77.05261,1,1
5602,886262657,38.89013,-77.05233,1,1
5604,886262659,38.89281,-77.05538,1,1
5605,25686116,38.89234,-77.0551,1,1
5625,273126222,38.88226,-77.02323,0,0
5626,976670076,38.8823,-77.02203,0,0
5627,25479431,38.88231,-77.02189,0,0
5628,976670077,38.88231,-77.02177,0,0
5690,25471534,38.88885,-77.033,1,1
5709,813586097,38.89562,-77.05012,1,1
5710,25686372,38.89535,-77.05012,1,1
6037,25471522,38.88777,-77.03369,1,1
6038,813056182,38.88763,-77.03446,1,1
6039,813056181,38.88758,-77.03471,1,1
6125,875034495,38.88287,-77.02626,1,1
6126,877052018,38.88306,-77.0269,1,1
6168,956107306,38.90162,-77.02035,1,1
6169,25702693,38.90147,-77.01992,1,1
6295,813055599,38.88753,-77.03759,1,1
6320,25479421,38.88485,-77.02384,1,1
6321,886986208,38.88485,-77.0235,1,1
6665,813057361,38.90185,-77.03196,1,1
6666,810400484,38.90175,-77.03196,1,1
6667,813057359,38.90206,-77.03196,1,1
6668,813057341,38.90252,-77.03104,1,1
6669,25688140,38.90252,-77.03061,1,1
6670,813057343,38.90252,-77.03049,1,1
6719,25688040,38.89209,-77.02771,1,1
6726,25686475,38.90252,-77.05525,1,1
6884,287197759,38.89174,-77.03945,1,1
6885,806578431,38.89195,-77.03946,1,1
6901,25471244,38.8899,-77.03946,1,1
7025,998964033,38.89817,-77.05307,0,0
7026,25686316,38.89789,-77.05301,0,0
7039,25686258,38.89766,-77.05641,1,1
7040,886984581,38.89776,-77.0564,1,1
7056,813057393,38.89209,-77.02692,1,1
7057,25702563,38.89208,-77.02603,1,1
7671,817118984,38.88342,-77.03211,1,1
7672,25471491,38.88333,-77.03195,1,1
7673,817118985,38.88342,-77.03211,1,1
7674,19462943,38.88265,-77.03255,1,1
7682,236476429,38.88614,-77.05963,1,1
7683,947882297,38.88618,-77.05879,1,1
7684,947882296,38.88365,-77.0568,0,0
7685,25470179,38.8815,-77.05434,0,0
7841,947882702,38.88512,-77.05918,1,1
7842,25469876,38.88386,-77.05838,1,1
8170,25479430,38.88197,-77.02189,1,1
8176,817118787,38.88211,-77.02767,1,1
8177,287989918,38.88201,-77.02759,1,1
8178,817118786,38.88207,-77.02783,1,1
8179,817118785,38.88207,-77.02783,0,0
8180,816462094,38.88192,-77.02837,0,0
8181,817118783,38.88211,-77.02883,0,0
8182,19462929,38.88186,-77.02924,0,0
8183,817118782,38.88211,-77.02883,1,1
8184,816462093,38.88192,-77.02837,1,1
8187,25479342,38.88223,-77.02587,0,0
8189,817118781,38.88226,-77.024,1,1
8190,273134583,38.88196,-77.02399,1,1
8191,817118780,38.88226,-77.024,0,0
8701,813245615,38.90207,-77.05738,0,0
9167,25479359,38.88083,-77.02435,1,1
9168,875052051,38.88091,-77.02428,1,1
9169,25479363,38.88099,-77.02421,1,1
9170,875052052,38.88115,-77.02402,1,1
9191,807941491,38.88697,-77.02191,1,1
9196,807941486,38.88695,-77.03709,1,1
9197,807941487,38.88555,-77.03473,1,1
9200,25471525,38.88597,-77.03194,1,1
9201,807941485,38.88678,-77.03194,1,1
9246,25471664,38.88498,-77.02812,1,1
9249,839275203,38.88554,-77.02811,1,1
9250,25471686,38.88474,-77.02702,1,1
9321,273123285,38.88353,-77.024,1,1
9322,25479418,38.88485,-77.0242,1,1
9323,801652180,38.88353,-77.02415,1,1
9324,273123283,38.88355,-77.02387,1,1
9455,25686370,38.89244,-77.05014,1,1
9456,336677629,38.89055,-77.05016,1,1
9626,25471582,38.88498,-77.02962,1,1
9627,875051043,38.88498,-77.02875,1,1
9628,25471416,38.88155,-77.03354,1,1
9640,25479476,38.88757,-77.02191,1,1
9641,808042954,38.88802,-77.02191,1,1
9642,808042955,38.88818,-77.03196,1,1
9643,25471528,38.88757,-77.03195,1,1
9846,25687899,38.9024,-77.04112,1,1
9847,810400485,38.9024,-77.04084,1,1
9861,25688080,38.90134,-77.03196,1,1
9863,25688083,38.90264,-77.03196,1,1
9983,875049927,38.88805,-77.02795,1,1
9984,25471705,38.88757,-77.02795,1,1
9985,875049929,38.88497,-77.03115,1,1
9986,312347830,38.88497,-77.03178,1,1
9987,875049926,38.8881,-77.02807,1,1
9988,25471704,38.88757,-77.02806,1,1
9991,875049925,38.88459,-77.0276,1,1
10079,287990025,38.88351,-77.0219,1,1
10080,875049849,38.88381,-77.0219,1,1
10081,875049851,38.88486,-77.02487,1,1
10083,25479420,38.88485,-77.02402,1,1
10188,25702844,38.90027,-77.01517,1,1
10191,25702843,38.90009,-77.01511,1,1
10192,875050555,38.89979,-77.01578,1,1
10193,25702636,38.89979,-77.0162,1,1
10797,844617360,38.8994,-77.05332,1,1
10798,25686341,38.89914,-77.05323,1,1
10799,844617359,38.89935,-77.05304,1,1
10889,806584196,38.90199,-77.02599,1,1
10890,806584195,38.90231,-77.02599,1,1
10891,25702640,38.90155,-77.02599,1,1
10892,25702641,38.90253,-77.02599,1,1
10893,25702645,38.90252,-77.024,1,1
10894,806584197,38.9018,-77.02599,1,1
10895,806584200,38.90191,-77.02599,1,1
11377,25702763,38.89479,-77.01517,1,1
11489,25686433,38.90072,-77.05609,0,0
11490,810816223,38.90108,-77.05611,0,0
11491,810816224,38.90197,-77.0561,0,0
11518,810816226,38.89584,-77.0503,1,1
11703,974941710,38.88588,-77.02403,1,1
11704,875049853,38.88534,-77.02402,1,1
11786,25687775,38.9024,-77.04489,1,1
11787,950017096,38.9024,-77.04423,1,1
11950,810812636,38.88694,-77.05672,1,1
11951,25469941,38.88626,-77.05833,1,1
11952,25469943,38.88634,-77.05838,1,1
11953,810812637,38.88753,-77.05485,1,1
11978,25470236,38.88727,-77.0502,1,1
11979,807569993,38.88721,-77.04906,1,1
11980,810812639,38.88723,-77.04957,1,1
11996,810812640,38.88693,-77.04814,1,1
12570,816946492,38.88705,-77.04291,1,1
12571,825121018,38.88751,-77.04142,1,1
12586,807413067,38.89155,-77.02191,1,1
12587,807413068,38.89213,-77.01897,1,1
12592,25702608,38.8936,-77.01992,1,1
12596,807413064,38.89216,-77.01804,1,1
12597,25702616,38.89203,-77.01756,1,1
12598,25688044,38.89465,-77.02704,1,1
12599,25702573,38.89209,-77.02191,1,1
12600,807413065,38.89276,-77.02192,1,1
12695,950017675,38.90073,-77.04346,1,1
12696,25687682,38.90021,-77.04346,1,1
12795,868791747,38.89381,-77.02342,1,1
12799,839278840,38.89867,-77.01991,1,1
12800,25702601,38.89981,-77.02191,1,1
12801,839278837,38.89981,-77.0194,1,1
12802,25702628,38.89981,-77.01991,1,1
12804,839278838,38.9006,-77.01991,1,1
12805,839278839,38.90017,-77.01991,1,1
12806,839278835,38.89981,-77.02041,1,1
12827,25702591,38.89981,-77.02397,1,1
12829,839278842,38.89981,-77.02439,1,1
12830,839278844,38.89981,-77.02348,1,1
12831,25702587,38.89981,-77.02597,1,1
12832,839278841,38.89981,-77.02554,1,1
12989,976934471,38.88343,-77.02684,1,1
12990,25471677,38.88302,-77.02687,1,1
12991,886294774,38.88334,-77.02403,1,1
12992,25479404,38.88289,-77.02421,1,1
12993,25471673,38.88292,-77.02689,1,1
12994,976934472,38.88465,-77.02689,1,1
13317,807518215,38.89166,-77.03367,1,1
13318,807518214,38.89209,-77.03463,1,1
13319,287990585,38.89209,-77.03495,1,1
13320,807518213,38.89209,-77.02897,1,1
13325,25687984,38.89209,-77.03195,1,1
13351,25470201,38.88861,-77.05192,1,1
13352,25470247,38.88851,-77.05094,1,1
13353,807518220,38.88811,-77.05326,1,1
13354,825122067,38.88678,-77.0436,1,1
13355,825122068,38.88678,-77.04341,1,1
13356,807518219,38.90021,-77.0569,1,1
13357,25686269,38.89812,-77.05635,1,1
13358,807518222,38.89415,-77.0446,1,1
13360,25687656,38.89385,-77.04408,1,1
13361,25702566,38.89209,-77.02396,1,1
13362,807518223,38.89414,-77.04348,1,1
13363,25687657,38.89352,-77.04347,1,1
13366,25687699,38.89209,-77.04072,1,1
13367,807518216,38.89209,-77.04035,1,1
13371,25687645,38.89209,-77.04347,1,1
13372,807518218,38.89209,-77.04275,1,1
13818,809950480,38.88001,-77.02438,1,1
13819,809950476,38.88062,-77.02538,1,1
13820,25479356,38.88036,-77.02482,1,1
13821,25479355,38.88027,-77.02492,1,1
13822,25479259,38.87867,-77.02267,1,1
13823,809950479,38.87981,-77.02412,1,1
13824,809950477,38.88054,-77.02464,1,1
13825,809950478,38.88068,-77.0245,1,1
14067,806548117,38.8889,-77.0152,1,1
14068,25479865,38.88878,-77.0152,1,1
14069,806548102,38.88943,-77.0152,1,1
14072,806548128,38.89051,-77.0152,1,1
14074,839277773,38.90219,-77.01992,1,1
14076,839277774,38.90185,-77.01992,1,1
14078,25702694,38.90252,-77.01991,1,1
14085,839277775,38.89553,-77.03158,1,1
14086,25687985,38.89552,-77.03196,1,1
14087,25688024,38.89552,-77.03077,1,1
14088,839277778,38.89495,-77.03196,1,1
14138,890532330,38.88622,-77.05868,1,1
14139,807569995,38.88612,-77.05876,1,1
14198,287581487,38.88128,-77.0238,1,1
14199,1059550967,38.88128,-77.02351,1,1
14262,917729541,38.88602,-77.0587,1,1
14263,287578359,38.88463,-77.05859,1,1
14264,917729540,38.88628,-77.05886,1,1
14265,807569996,38.88612,-77.05876,1,1
14387,950016652,38.89676,-77.03195,1,1
14388,25688012,38.8961,-77.03195,1,1
14441,25470200,38.88866,-77.05199,1,1
14442,1053894666,38.88882,-77.0517,1,1
14444,25471709,38.88624,-77.02728,1,1
14445,1053894667,38.88694,-77.02784,1,1
14577,1054104602,38.89102,-77.03945,1,1
14578,806578444,38.89026,-77.03946,1,1
14994,25686355,38.89824,-77.05213,1,1
14995,837086793,38.89841,-77.05245,1,1
15080,25686176,38.89146,-77.05307,1,1
15081,1054023780,38.89155,-77.05325,1,1
15874,25688020,38.9002,-77.03196,1,1
16379,806545787,38.89209,-77.02491,1,1
16380,813119453,38.89209,-77.02411,1,1
16403,806545807,38.89209,-77.02382,1,1
16404,813119497,38.89209,-77.02213,1,1
16421,806545752,38.89064,-77.0219,1,1
16422,813119522,38.89131,-77.02191,1,1
16853,25471513,38.88694,-77.03532,1,1
16854,886286396,38.88714,-77.03565,1,1
16859,810103877,38.88513,-77.0219,1,1
16861,886286395,38.88541,-77.0219,1,1
16944,813118222,38.89623,-77.03946,1,1
16945,810784808,38.89597,-77.03946,1,1
17115,886285726,38.89223,-77.05258,1,1
17116,25686200,38.89179,-77.05243,1,1
17293,817648688,38.88065,-77.05734,0,0
17737,875071615,38.89419,-77.0152,1,1
17738,801652147,38.89382,-77.01522,1,1
17813,19462955,38.88423,-77.03332,1,1
17814,875071231,38.88427,-77.03337,1,1
18429,25471462,38.88432,-77.03365,1,1
18430,25471463,38.88452,-77.03368,1,1
18431,813013483,38.88464,-77.034,1,1
18432,287989948,38.88497,-77.0337,1,1
18433,813013484,38.88472,-77.03389,1,1
18439,810812638,38.88768,-77.0502,1,1
18440,813013482,38.88816,-77.0502,1,1
18457,25687634,38.89543,-77.04492,1,1
18460,19462956,38.88751,-77.03685,1,1
18461,25471246,38.88695,-77.03814,1,1
18462,813013538,38.88695,-77.03793,1,1
18463,813013539,38.88695,-77.03762,1,1
18480,813013553,38.88826,-77.05075,1,1
18485,858755648,38.88682,-77.04519,1,1
18486,25471170,38.88681,-77.04496,1,1
18504,875073290,38.89571,-77.01518,1,1
18505,875045081,38.89523,-77.01518,1,1
18507,875073288,38.89989,-77.01583,1,1
18508,25702838,38.89996,-77.01559,1,1
18509,875073289,38.90003,-77.01533,1,1
18642,813013650,38.88774,-77.03734,1,1
18643,25471264,38.8877,-77.03761,1,1
18648,813013656,38.88764,-77.03736,1,1
18649,813013543,38.8876,-77.03722,1,1
18701,976945312,38.89749,-77.03947,1,1
18704,25687729,38.89736,-77.03947,1,1
18721,807518212,38.89209,-77.03254,1,1
18722,813013648,38.89124,-77.03196,1,1
18723,25687977,38.89067,-77.0334,1,1
18724,813013649,38.89098,-77.03357,1,1
18725,25687982,38.8921,-77.03365,1,1
18727,813013647,38.89209,-77.03208,1,1
18728,25687983,38.89042,-77.03196,1,1
18735,813013645,38.88692,-77.04106,1,1
18751,25471242,38.88834,-77.03926,1,1
18752,25471238,38.88835,-77.03972,1,1
18753,813013610,38.88874,-77.03953,1,1
18754,813013609,38.88874,-77.03941,1,1
18755,813013604,38.88815,-77.0399,1,1
18756,25471234,38.88796,-77.04022,1,1
19198,838539952,38.89222,-77.0605,0,0
19199,838539951,38.89213,-77.06049,0,0
19334,875067386,38.882,-77.033,1,1
19335,19462954,38.88038,-77.03414,1,1
19336,875051045,38.88173,-77.03342,1,1
19337,875067387,38.88207,-77.03316,1,1
19533,947817517,38.88177,-77.02758,1,1
19534,25471647,38.88147,-77.02678,1,1
19535,947817516,38.88186,-77.02742,1,1
20111,892117315,38.90254,-77.04942,1,1
20112,25686644,38.90248,-77.04945,1,1
21055,839851195,38.90124,-77.02644,1,1
21062,19462766,38.90118,-77.02663,1,1
21063,839851194,38.90169,-77.02555,1,1
21243,25479590,38.87652,-77.0152,1,1
21245,25479589,38.8764,-77.0152,1,1
21281,25686225,38.89522,-77.05441,0,0
21282,888108124,38.89547,-77.05437,0,0
21293,838864399,38.89905,-77.05365,1,1
21655,94269040,38.89916,-77.02191,1,1
21656,839851877,38.89963,-77.02191,1,1
21658,25702597,38.89981,-77.02295,1,1
21810,25688055,38.90031,-77.02963,1,1
21811,875075084,38.90049,-77.02909,1,1
21833,25686454,38.90267,-77.05623,1,1
21845,25686437,38.90155,-77.0561,0,0
21846,849794351,38.90161,-77.05588,0,0
21847,849794350,38.9017,-77.0561,0,0
21848,25686274,38.9005,-77.05476,0,0
21858,25471549,38.88078,-77.0304,0,0
21859,851197381,38.88112,-77.02971,1,1
21871,25479305,38.87652,-77.01986,1,1
21872,922548855,38.87653,-77.01994,1,1
21950,838865307,38.90021,-77.04216,1,1
21951,25687686,38.90021,-77.04263,1,1
21974,838865306,38.90021,-77.04002,1,1
21975,25687688,38.90021,-77.0417,1,1
22123,809958386,38.87821,-77.02209,1,1
22124,19462897,38.87732,-77.02107,1,1
22125,809958385,38.87909,-77.0234,1,1
22126,809958387,38.87897,-77.02227,1,1
22127,25479258,38.8786,-77.02278,1,1
22177,25686395,38.89726,-77.05033,1,1
22178,886276541,38.89734,-77.05049,1,1
22179,886276540,38.90222,-77.05703,1,1
22180,25686003,38.902,-77.05712,1,1
22189,886276542,38.89706,-77.04997,1,1
22190,25686412,38.89646,-77.04884,1,1
22244,812189755,38.89024,-77.05228,1,1
22245,812189756,38.89033,-77.05223,1,1
22247,25470256,38.88991,-77.05111,1,1
22248,812189754,38.89294,-77.05547,1,1
22249,812189763,38.89262,-77.05461,1,1
22250,25470195,38.88791,-77.05196,1,1
22251,812189757,38.89006,-77.05095,1,1
22252,812189758,38.88864,-77.05205,1,1
22253,25470197,38.88851,-77.05242,1,1
22254,810782916,38.89144,-77.05016,1,1
22255,812189764,38.89191,-77.05016,1,1
22741,25471050,38.87445,-77.04358,0,0
22855,25686397,38.89738,-77.05033,1,1
23270,25471514,38.88705,-77.03547,1,1
23289,25471552,38.8827,-77.03009,1,1
23324,801652182,38.89686,-77.05645,1,1
23325,809082449,38.89745,-77.05643,1,1
23385,25686263,38.89766,-77.05605,1,1
23518,25702742,38.89152,-77.0152,1,1
23528,25686193,38.89249,-77.05311,1,1
23564,25702637,38.90018,-77.0162,1,1
23850,25686441,38.9024,-77.05696,0,0
23897,273126438,38.90271,-77.0634,0,0
24008,25471284,38.87907,-77.03622,0,0
24043,25686315,38.89722,-77.05284,0,0
24173,25471394,38.88051,-77.03428,1,1
24174,810257742,38.88076,-77.03409,1,1
24180,25686626,38.90253,-77.0508,1,1
24183,816404239,38.90253,-77.05032,1,1
24184,816404238,38.90253,-77.04989,1,1
24193,25686625,38.90253,-77.0508,1,1
24198,816404232,38.90274,-77.05072,1,1
24199,816404234,38.90213,-77.05058,1,1
24200,25686632,38.9021,-77.05053,1,1
24201,236476434,38.90216,-77.04962,1,1
24202,816404237,38.90237,-77.0495,1,1
24213,25479435,38.88257,-77.02229,0,0
24214,25479380,38.88275,-77.0261,1,1
24254,1053486289,38.90033,-77.02397,1,1
24255,839278843,38.90018,-77.02397,1,1
24535,273123166,38.88756,-77.03124,1,1
24719,809082452,38.89606,-77.05419,0,0
24720,809082939,38.8965,-77.05386,0,0
24721,25686153,38.89356,-77.05489,0,0
24722,809082940,38.89382,-77.0547,0,0
24760,25471570,38.88296,-77.0309,1,1
25021,25688165,38.90104,-77.02703,1,1
25128,25686006,38.90234,-77.05803,0,0
25192,25687920,38.90253,-77.03654,1,1
25295,25687788,38.90252,-77.04367,1,1
25368,25702590,38.89905,-77.02397,1,1
25395,25687903,38.9024,-77.04066,1,1
25489,25686312,38.89716,-77.05302,1,1
25679,25471108,38.87868,-77.03871,0,0
25736,25686657,38.90242,-77.04882,1,1
25738,25702692,38.90087,-77.01991,1,1
25775,25470261,38.88821,-77.0502,1,1
25968,25469815,38.88506,-77.06172,1,1
26155,1039592082,38.89608,-77.04126,1,1
26156,287197678,38.89601,-77.04156,1,1
26213,25479472,38.88574,-77.0219,1,1
26215,886634641,38.8859,-77.0219,1,1
26341,875243380,38.88654,-77.06001,1,1
26342,25469885,38.88633,-77.06177,1,1
26343,25469902,38.88616,-77.05968,1,1
26517,25469821,38.88527,-77.0612,1,1
26555,25686405,38.89833,-77.05014,1,1
26598,25702609,38.89441,-77.01991,1,1
26670,25687907,38.90265,-77.03944,1,1
26723,25702661,38.90252,-77.02191,1,1
26800,25686199,38.89255,-77.05258,1,1
26849,25470214,38.88739,-77.05137,1,1
27015,25471117,38.87784,-77.03767,0,0
27028,25471618,38.88266,-77.02794,1,1
27256,25470251,38.88932,-77.05142,1,1
27426,25470235,38.88707,-77.0502,1,1
27853,25687764,38.90133,-77.04664,1,1
27935,25686450,38.90251,-77.05611,1,1
28125,25686540,38.90265,-77.0533,1,1
28228,287989998,38.89765,-77.05107,1,1
28252,25686328,38.89847,-77.05356,1,1
28271,25702841,38.89981,-77.01515,1,1
28401,25471464,38.88408,-77.0333,1,1
28439,25702839,38.90008,-77.01594,1,1
28631,25470171,38.88193,-77.05579,1,1
28684,25479374,38.88226,-77.02355,0,0
28693,25471292,38.87941,-77.03597,1,1
28738,25686392,38.89721,-77.05049,1,1
28917,25687774,38.90253,-77.04512,1,1
28976,25686233,38.89508,-77.05334,1,1
29051,25686322,38.8987,-77.05387,1,1
29243,25686643,38.90236,-77.04924,1,1
29250,25687776,38.90253,-77.04489,1,1
29381,25686417,38.89602,-77.04804,1,1
29661,25469912,38.88806,-77.06104,1,1
29662,957980344,38.88882,-77.06171,1,1
29913,25471102,38.87879,-77.03897,0,0
29980,25471310,38.87906,-77.03492,0,0
30036,25686413,38.89602,-77.04858,1,1
30050,25471171,38.88706,-77.04494,1,1
30051,862754766,38.88707,-77.04519,1,1
30093,25686655,38.90211,-77.04888,1,1
30536,25686384,38.89786,-77.05144,1,1
30555,25471620,38.88271,-77.02796,1,1
30669,25471121,38.87819,-77.03731,0,0
30846,25686302,38.89649,-77.05292,1,1
30863,25471698,38.88598,-77.02811,1,1
31082,25702617,38.89217,-77.01754,1,1
31083,877664446,38.89233,-77.01811,1,1
31084,287975566,38.89191,-77.01651,1,1
31085,877664447,38.89202,-77.01696,1,1
31162,25687904,38.90253,-77.04055,1,1
31577,974941709,38.88634,-77.02416,1,1
31591,25687687,38.89959,-77.04171,1,1
31628,25686343,38.89962,-77.0542,0,0
31899,25686142,38.89328,-77.05524,0,0
32029,25687773,38.9024,-77.04535,1,1
32046,25479497,38.88234,-77.01845,0,0
32075,19462896,38.88251,-77.02089,0,0
32196,25686285,38.89554,-77.05371,0,0
32202,25702604,38.89282,-77.01991,1,1
32272,25686324,38.89915,-77.05384,1,1
32288,25687618,38.89209,-77.04669,1,1
32388,25686620,38.90264,-77.05141,1,1
32400,25688041,38.89495,-77.0281,1,1
32410,25471288,38.87929,-77.0363,1,1
32455,25688039,38.89209,-77.02812,1,1
32717,25686381,38.8958,-77.05131,1,1
32810,25686661,38.90265,-77.04882,1,1
32939,19462961,38.89955,-77.05383,0,0
33032,287975572,38.89169,-77.03196,1,1
33093,25471298,38.87938,-77.03581,1,1
33105,25687680,38.89832,-77.04347,1,1
33166,807518224,38.89284,-77.02396,1,1
33167,887018019,38.89328,-77.02396,1,1
33224,25702618,38.89174,-77.0165,1,1
33229,25687700,38.89209,-77.03946,1,1
33295,25687676,38.896,-77.04346,1,1
33306,25686194,38.89249,-77.05311,1,1
33327,25686352,38.89877,-77.05314,1,1
33462,25687916,38.90263,-77.0385,1,1
33633,25687727,38.89639,-77.04021,1,1
33715,25471480,38.88357,-77.0322,1,1
33846,25687767,38.9024,-77.04603,1,1
33918,312347789,38.88353,-77.03234,1,1
34030,322677717,38.90262,-77.05599,1,1
34087,816398669,38.89797,-77.03946,1,1
34229,25469854,38.88025,-77.05727,1,1
34260,25686634,38.90199,-77.05012,1,1
34411,25683053,38.90102,-77.07057,0,0
34423,25471659,38.88321,-77.02815,1,1
34428,25686391,38.89603,-77.05013,1,1
34429,807770994,38.89654,-77.05013,1,1
34530,25471326,38.88005,-77.03453,1,1
34579,816398052,38.9002,-77.03525,1,1
34580,816398012,38.9002,-77.03642,1,1
34661,19463713,38.88266,-77.03035,1,1
34738,25471293,38.87968,-77.03643,1,1
35059,890400550,38.89523,-77.04651,1,1
35060,25687631,38.89452,-77.04523,1,1
35100,816398018,38.9002,-77.03794,1,1
35101,25687755,38.9002,-77.03798,1,1
35102,816398009,38.9002,-77.03666,1,1
35103,25687762,38.9002,-77.03655,1,1
35204,25688045,38.89482,-77.02705,1,1
35267,25469858,38.88025,-77.05712,1,1
35354,858722959,38.88498,-77.03045,1,1
35534,25686321,38.89933,-77.05418,1,1
35540,25688155,38.90082,-77.02807,1,1
35678,25479415,38.8835,-77.024,1,1
35847,25702644,38.9021,-77.02399,1,1
35867,25471575,38.8829,-77.03064,1,1
35937,25702568,38.89452,-77.02601,1,1
35985,25687779,38.90253,-77.04429,1,1
36041,25471077,38.87882,-77.03939,0,0
36132,25686279,38.89571,-77.054,1,1
36360,25479517,38.88251,-77.01793,0,0
36453,25479300,38.87664,-77.02032,1,1
36498,25686627,38.90271,-77.05098,1,1
36648,25702627,38.89917,-77.01991,1,1
36684,25469904,38.88698,-77.06029,1,1
36685,875243381,38.88684,-77.06185,1,1
36687,968690289,38.88737,-77.0605,1,1
36700,25686336,38.89934,-77.05365,1,1
36701,968690290,38.89938,-77.05342,1,1
36710,968690293,38.90265,-77.05091,1,1
36718,968690292,38.88169,-77.05478,1,1
37091,25687765,38.9024,-77.04664,1,1
37098,25686255,38.89529,-77.05323,1,1
37123,19462960,38.90041,-77.05491,0,0
37247,25686005,38.90252,-77.05867,0,0
37363,25688144,38.90252,-77.02963,1,1
37379,25687703,38.89435,-77.03946,1,1
37429,273123281,38.88434,-77.02387,1,1
37482,858722723,38.89981,-77.02097,1,1
37483,25687770,38.90265,-77.04601,1,1
37484,839278836,38.89981,-77.0215,1,1
37544,25471362,38.87979,-77.032,0,0
37836,25479471,38.88559,-77.0219,1,1
37902,287992689,38.90253,-77.03554,1,1
37965,287990346,38.90004,-77.05244,1,1
38097,312370024,38.88865,-77.02364,1,1
38315,25686402,38.89736,-77.05014,1,1
38368,25470260,38.88845,-77.05082,1,1
38559,25479499,38.88268,-77.01922,1,1
38568,25686289,38.89592,-77.05355,0,0
38644,25469906,38.88761,-77.06062,1,1
38669,25686538,38.9024,-77.05331,1,1
38844,25471536,38.89012,-77.03301,1,1
38876,25471104,38.87865,-77.03876,0,0
38880,858722154,38.88879,-77.03303,1,1
38881,809112103,38.88873,-77.03307,1,1
38998,887020480,38.89594,-77.0483,1,1
38999,25686377,38.89535,-77.04797,1,1
39002,287992719,38.88673,-77.05928,1,1
39103,19463711,38.88278,-77.0301,1,1
39111,25471477,38.88348,-77.03224,1,1
39155,25688007,38.9002,-77.03511,1,1
39342,25471359,38.87952,-77.03242,0,0
39421,25471105,38.87903,-77.03907,0,0
39483,25688163,38.90252,-77.02808,1,1
39508,25479438,38.88281,-77.0219,1,1
39538,25702594,38.89613,-77.02192,1,1
39741,25687790,38.9024,-77.04345,1,1
39756,25479334,38.88223,-77.0261,0,0
39775,25702599,38.89845,-77.02191,1,1
39964,26999949,38.90251,-77.05569,1,1
40052,25687713,38.89208,-77.03656,1,1
40102,25685906,38.90282,-77.06392,0,0
40307,25688168,38.90134,-77.02656,1,1
40572,25688019,38.89939,-77.03194,1,1
40581,25688077,38.90263,-77.03365,1,1
40670,322677988,38.90059,-77.05609,1,1
40746,25688053,38.89982,-77.02963,1,1
41092,25479864,38.88822,-77.01519,1,1
41134,25702697,38.90112,-77.01893,1,1
41271,858722524,38.88785,-77.03368,1,1
41335,25687678,38.89599,-77.04171,1,1
41367,19462932,38.88487,-77.03201,1,1
41407,25479346,38.8825,-77.02588,0,0
41452,25702607,38.89232,-77.01861,1,1
41510,19463154,38.88084,-77.05316,0,0
41557,25702619,38.89183,-77.01624,1,1
41614,25687769,38.90265,-77.04665,1,1
41651,25685961,38.90261,-77.06113,0,0
41796,25687677,38.89736,-77.04347,1,1
41852,322678025,38.89218,-77.04088,1,1
41853,875590489,38.89244,-77.04135,1,1
42051,25685993,38.9026,-77.05911,0,0
42053,25686367,38.89209,-77.05016,1,1
42067,19463679,38.88283,-77.03035,1,1
42140,273123279,38.88426,-77.02419,1,1
42178,25688067,38.90253,-77.03458,1,1
42179,816400088,38.90252,-77.03393,1,1
42220,25685788,38.89185,-77.06276,0,0
42236,312347829,38.88537,-77.03188,1,1
42246,25479484,38.88233,-77.02095,0,0
42250,852582137,38.88233,-77.01985,0,0
42338,887019439,38.89409,-77.02191,1,1
42340,25702578,38.89388,-77.02191,1,1
42343,887019440,38.8941,-77.02396,1,1
42344,25702577,38.89339,-77.02192,1,1
42345,887019441,38.89358,-77.02192,1,1
42386,25702657,38.90209,-77.02285,1,1
42508,25687799,38.9024,-77.04208,1,1
42612,25686364,38.89213,-77.05137,1,1
42635,25479313,38.87652,-77.01759,1,1
42677,25686366,38.89225,-77.05066,1,1
42698,25687670,38.89601,-77.04491,1,1
42771,287989777,38.88676,-77.03594,1,1
42773,25686129,38.893,-77.056,0,0
42845,287187750,38.88794,-77.06241,1,1
42860,25702595,38.89728,-77.02192,1,1
42865,25687768,38.90253,-77.04614,1,1
42963,813013485,38.88625,-77.03371,1,1
42964,858721569,38.88646,-77.03371,1,1
42990,25687905,38.9024,-77.03944,1,1
42993,816399455,38.90248,-77.03944,1,1
42994,25687906,38.90253,-77.03944,1,1
42995,816399463,38.90253,-77.03854,1,1
42997,816399457,38.90253,-77.03913,1,1
42998,816399464,38.90209,-77.03945,1,1
42999,25687902,38.90134,-77.03945,1,1
43169,25471285,38.87907,-77.03622,1,1
43197,25686179,38.89045,-77.05217,1,1
43206,858721456,38.88701,-77.03774,1,1
43638,25471507,38.88492,-77.03189,1,1
43684,25471653,38.88278,-77.02862,1,1
43695,287197312,38.8964,-77.03962,1,1
43871,25686002,38.90095,-77.05717,1,1
44034,25471616,38.88249,-77.02788,1,1
44051,25687800,38.90253,-77.04208,1,1
44084,25471465,38.884,-77.03296,1,1
44216,808037941,38.89843,-77.01991,1,1
44217,930995285,38.8986,-77.01991,1,1
44319,843741068,38.89204,-77.06108,0,0
44320,19462985,38.89181,-77.06242,0,0
44321,843741067,38.89175,-77.06239,1,1
44322,25685731,38.89134,-77.06467,1,1
45217,801652184,38.88442,-77.03231,1,1
45242,801652228,38.88756,-77.03118,1,1
45243,801652229,38.88757,-77.02882,1,1
45253,801652138,38.89448,-77.01519,1,1
45264,25702762,38.89358,-77.01523,1,1
45277,801652170,38.88426,-77.02388,1,1
45278,801652171,38.88352,-77.02387,1,1
45279,25479411,38.88272,-77.0238,1,1
45281,273123808,38.89483,-77.05645,1,1
45282,801652152,38.89494,-77.05646,1,1
45473,887026832,38.90252,-77.05481,1,1
45476,811331950,38.90252,-77.05505,1,1
47291,810887958,38.88676,-77.02807,1,1
47294,952428913,38.89378,-77.0233,1,1
47295,858722195,38.89368,-77.02295,1,1
47296,952428910,38.89358,-77.02259,1,1
47297,25702576,38.89325,-77.02192,1,1
47298,952428914,38.89344,-77.02262,1,1
47713,336677753,38.89244,-77.04347,1,1
47714,810782039,38.89286,-77.04347,1,1
47729,801884788,38.89195,-77.05392,1,1
47838,807518217,38.89209,-77.02108,1,1
47839,813047195,38.89208,-77.01921,1,1
47840,813047193,38.8921,-77.02039,1,1
47841,813047194,38.89208,-77.01942,1,1
47843,813047230,38.8908,-77.0152,1,1
47844,25702740,38.89063,-77.0152,1,1
47845,813047233,38.89012,-77.0152,1,1
47846,806548101,38.89003,-77.0152,1,1
47860,312370026,38.88757,-77.02381,1,1
47861,813047227,38.88859,-77.02364,1,1
47875,813047190,38.88756,-77.01856,1,1
47877,813047192,38.88756,-77.01979,1,1
47878,25479535,38.88756,-77.0199,1,1
47879,813047174,38.88757,-77.0213,1,1
47882,25479459,38.88757,-77.02387,1,1
47883,813047171,38.88757,-77.02294,1,1
48514,810097405,38.88129,-77.02229,1,1
48515,25479429,38.88129,-77.02189,1,1
48516,810097404,38.8816,-77.02189,1,1
48517,25479428,38.88031,-77.02189,1,1
48518,810097403,38.88084,-77.02189,1,1
48885,888908918,38.89188,-77.05474,1,1
48886,25686119,38.89158,-77.05469,1,1
49085,917716253,38.88542,-77.06128,1,1
49086,25469846,38.88323,-77.05958,1,1
49087,917716254,38.88514,-77.06112,1,1
49438,25686631,38.9007,-77.05012,1,1
49439,890407271,38.9016,-77.05013,1,1
49894,25471226,38.88757,-77.04125,1,1
49895,810888885,38.88779,-77.04079,1,1
50002,999018795,38.8987,-77.05314,0,0
50003,999018797,38.8987,-77.05314,1,1
50004,273126392,38.89818,-77.05282,0,0
50006,999018794,38.89882,-77.05323,0,0
50007,26967950,38.89848,-77.05329,1,1
50008,999018796,38.89882,-77.05323,1,1
50009,813046365,38.89387,-77.03196,1,1
50010,806591619,38.89315,-77.03195,1,1
50013,813046345,38.88757,-77.02604,1,1
50014,25479445,38.88757,-77.02612,1,1
50015,813046340,38.88757,-77.02689,1,1
50016,808195602,38.88757,-77.02742,1,1
50017,813046343,38.88757,-77.0259,1,1
50018,813046339,38.88757,-77.02515,1,1
50019,25479448,38.88757,-77.02578,1,1
50068,25686024,38.90266,-77.05804,1,1
50069,813198552,38.90266,-77.05698,1,1
50070,25686026,38.90274,-77.05804,0,0
50071,813198554,38.9024,-77.05707,0,0
50111,25686444,38.90266,-77.05688,1,1
50112,813198557,38.90279,-77.05683,1,1
50163,25470208,38.88991,-77.05206,1,1
50164,287977086,38.88962,-77.03947,1,1
50174,90700511,38.88373,-77.03271,1,1
50255,25471592,38.88152,-77.02833,1,1
50271,25471461,38.88383,-77.0329,1,1
50328,25685783,38.89204,-77.06403,0,0
50363,25471323,38.87898,-77.03407,0,0
50400,25479382,38.88288,-77.0261,1,1
50454,25470267,38.89026,-77.05016,1,1
50473,25686001,38.90057,-77.05702,1,1
50644,25469925,38.88572,-77.05937,1,1
50786,25469895,38.88532,-77.06026,1,1
50961,25686376,38.89535,-77.04815,1,1
51053,25471295,38.87925,-77.03586,0,0
51153,25686357,38.89958,-77.05288,1,1
51192,25470178,38.88069,-77.05317,0,0
51193,817648687,38.88066,-77.0572,0,0
51241,287992703,38.88785,-77.05423,1,1
51273,25686273,38.90039,-77.0561,1,1
51446,25702659,38.90087,-77.02191,1,1
51691,25479304,38.87642,-77.01986,1,1
51821,25688081,38.90239,-77.03196,1,1
51829,287992823,38.90174,-77.02504,1,1
51841,25687766,38.90253,-77.04665,1,1
51843,287994231,38.89753,-77.05475,1,1
51928,25471640,38.88218,-77.02716,1,1
51941,25688076,38.90252,-77.03363,1,1
52114,322677982,38.89252,-77.03195,1,1
52331,25686667,38.90265,-77.0486,1,1
52499,25686265,38.89737,-77.05481,1,1
52510,875027419,38.8823,-77.01765,0,0
52783,25686209,38.89296,-77.05349,0,0
52892,25686445,38.90266,-77.05688,1,1
52912,25479423,38.88257,-77.02365,0,0
52973,886991712,38.89187,-77.0549,1,1
52981,876570240,38.90015,-77.01578,1,1
52982,876570239,38.90003,-77.01579,1,1
52988,25479364,38.88132,-77.02409,1,1
53015,811331951,38.90252,-77.06113,0,0
53016,936573570,38.90252,-77.06011,0,0
53147,25687731,38.8988,-77.03945,1,1
53148,873151823,38.89896,-77.03989,1,1
53155,25471685,38.88474,-77.02702,1,1
53328,25479262,38.87929,-77.02194,1,1
53330,25688051,38.89998,-77.03033,1,1
53337,19463723,38.87917,-77.03521,0,0
53610,25470142,38.87528,-77.04704,0,0
53613,273126437,38.90267,-77.06316,0,0
53624,25702567,38.89436,-77.02601,1,1
53632,25686398,38.89702,-77.05013,1,1
53824,25469894,38.88586,-77.06052,1,1
53851,25702710,38.90088,-77.01818,1,1
54108,25688014,38.89735,-77.03196,1,1
54218,25687730,38.89832,-77.03945,1,1
54315,273126251,38.88001,-77.03169,0,0
54341,25686461,38.90065,-77.05541,0,0
54446,287975577,38.88701,-77.04994,1,1
54490,336677482,38.87652,-77.01934,1,1
54492,25688079,38.90077,-77.03196,1,1
54541,287196681,38.90087,-77.05701,1,1
54596,25470234,38.8867,-77.04994,1,1
54612,25471569,38.88299,-77.03131,1,1
54613,810109136,38.88324,-77.0318,1,1
54615,810109135,38.88503,-77.03438,1,1
54829,25479392,38.88486,-77.02613,1,1
54933,25686449,38.9024,-77.0561,0,0
54944,25688018,38.89832,-77.03196,1,1
55297,19462981,38.89172,-77.06308,0,0
55300,25471324,38.87921,-77.03451,0,0
55493,25686646,38.90254,-77.04942,1,1
55639,25687771,38.9007,-77.04491,1,1
55749,25687792,38.9024,-77.04279,1,1
55754,273123169,38.88757,-77.0287,1,1
55801,25471361,38.87965,-77.0319,0,0
55805,25686430,38.90075,-77.05677,1,1
55866,25687793,38.90252,-77.04297,1,1
56148,25688156,38.90084,-77.0276,1,1
56201,25470272,38.88695,-77.04859,1,1
56253,25471120,38.87795,-77.03755,0,0
56319,287197565,38.8996,-77.03141,1,1
56352,25702660,38.9021,-77.02192,1,1
56408,25479477,38.88874,-77.02191,1,1
56411,25686619,38.90253,-77.05141,1,1
56423,806545779,38.89208,-77.02588,1,1
56425,806545796,38.88864,-77.02191,1,1
56442,25479465,38.88871,-77.02364,1,1
56443,25686319,38.89827,-77.05407,1,1
56445,946171647,38.88881,-77.02795,1,1
56446,806545703,38.88991,-77.02392,1,1
56447,806545707,38.89041,-77.02396,1,1
56448,25479466,38.88951,-77.02383,1,1
56449,806545704,38.88932,-77.02377,1,1
56450,25471042,38.87409,-77.04363,0,0
56451,806545710,38.88935,-77.0219,1,1
56452,806545706,38.88994,-77.0219,1,1
56453,806545713,38.89043,-77.0219,1,1
56460,806545727,38.88882,-77.02365,1,1
56462,806545738,38.88913,-77.02372,1,1
56464,806545754,38.89062,-77.02396,1,1
56465,25702565,38.89052,-77.02396,1,1
56467,25702572,38.89054,-77.0219,1,1
56478,25471712,38.88866,-77.02795,1,1
56480,946171734,38.88985,-77.02806,1,1
56486,806545683,38.89032,-77.03196,1,1
56487,25471540,38.88861,-77.03196,1,1
56490,806545680,38.89035,-77.02805,1,1
56493,25688034,38.89046,-77.02805,1,1
56494,806545677,38.89053,-77.02805,1,1
56570,215084513,38.90011,-77.05561,1,1
56644,236476428,38.88565,-77.05938,1,1
56727,25685774,38.89171,-77.06447,0,0
56773,25469886,38.88533,-77.06101,1,1
57072,25687802,38.90253,-77.04169,1,1
57119,25687663,38.89566,-77.04668,1,1
57285,817439474,38.89403,-77.05395,1,1
57286,817439473,38.89408,-77.05378,1,1
57550,816721692,38.89731,-77.05319,0,0
57551,25686293,38.89676,-77.0536,0,0
57785,25479440,38.88484,-77.0219,1,1
57786,810103875,38.88484,-77.02243,1,1
57788,810103874,38.88244,-77.02785,1,1
57915,810461455,38.89953,-77.01523,1,1
57916,25702836,38.89923,-77.01522,1,1
58103,839813344,38.89199,-77.06185,0,0
58104,19462982,38.89189,-77.06245,0,0
58327,875034496,38.88111,-77.02627,1,1
58328,809950475,38.88083,-77.02567,1,1
58329,875034497,38.88124,-77.0262,1,1
58333,875034492,38.88265,-77.02626,1,1
58334,25479340,38.88263,-77.0261,1,1
58335,875034493,38.88274,-77.02626,1,1
58336,19463714,38.88274,-77.02659,1,1
58337,875034494,38.88278,-77.02626,1,1
58340,19463717,38.88251,-77.02645,0,0
58341,875034488,38.88251,-77.02627,0,0
58342,19463718,38.88238,-77.02645,1,1
58343,875034489,38.88238,-77.02627,1,1
58344,19463719,38.88221,-77.02648,0,0
58345,875034490,38.88222,-77.02627,0,0
58346,19463716,38.88261,-77.02645,1,1
58347,875034491,38.88261,-77.02626,1,1
58365,25702622,38.89613,-77.01991,1,1
58366,1054017517,38.89672,-77.01991,1,1
58683,978844214,38.89253,-77.05298,1,1
58684,25686195,38.89246,-77.05294,1,1
58685,978844213,38.89238,-77.05289,1,1
58686,19462964,38.89191,-77.05255,1,1
58706,813054429,38.88701,-77.04359,1,1
59402,813054350,38.88717,-77.04807,1,1
59550,25471267,38.88798,-77.03882,1,1
59879,968461403,38.892,-77.05302,1,1
59880,25686190,38.89189,-77.05281,1,1
59881,968461402,38.89368,-77.05253,1,1
60348,817118777,38.88231,-77.02189,1,1
60349,851276209,38.88255,-77.0219,0,0
60350,273126239,38.88253,-77.02143,0,0
60353,25702584,38.89728,-77.02397,1,1
60863,848134205,38.87652,-77.01974,1,1
60923,875022617,38.88058,-77.03094,0,0
60924,25471545,38.88043,-77.03113,0,0
61717,25702631,38.89981,-77.01893,1,1
61831,969069949,38.87965,-77.03674,1,1
62008,25479849,38.88756,-77.0152,1,1
62552,25479475,38.88632,-77.02192,1,1
62553,950011463,38.88685,-77.02191,1,1
62683,858723536,38.88288,-77.02799,1,1
62684,889476443,38.88321,-77.028,1,1
62815,25686182,38.89122,-77.05239,1,1
62817,813051210,38.89134,-77.05247,1,1
62818,813051209,38.89147,-77.05277,1,1
62822,813051211,38.89166,-77.05229,1,1
62826,25686180,38.89065,-77.05207,1,1
63581,25688082,38.90252,-77.03196,1,1
63598,968681294,38.88821,-77.03916,1,1
63612,813115863,38.89577,-77.05012,1,1
63614,968681293,38.8959,-77.05012,1,1
63615,968681291,38.89233,-77.05026,1,1
63616,968681292,38.89592,-77.05012,1,1
63638,968681289,38.88769,-77.05104,1,1
63642,287991572,38.9004,-77.01683,1,1
63646,813013594,38.88774,-77.03278,1,1
63764,322677996,38.88757,-77.03371,1,1
64000,25688028,38.89549,-77.02991,1,1
64031,287990026,38.88426,-77.02189,1,1
64120,287992336,38.88677,-77.02815,1,1
64264,25686431,38.90065,-77.05658,1,1
64312,19463486,38.88226,-77.01585,0,0
64316,317373364,38.89227,-77.06021,0,0
64400,25470212,38.88762,-77.05165,1,1
64457,287992742,38.88237,-77.05647,1,1
64734,19463721,38.88258,-77.0305,1,1
64817,25687919,38.90253,-77.03699,1,1
64984,25702834,38.89831,-77.0152,1,1
65015,25688154,38.90069,-77.02807,1,1
65096,25687658,38.8954,-77.04347,1,1
65152,25471576,38.88279,-77.03041,1,1
65412,287574446,38.90257,-77.0557,1,1
65499,19463712,38.88289,-77.03016,1,1
65691,287607538,38.88229,-77.01725,0,0
65853,25686141,38.89343,-77.05577,1,1
65872,25686131,38.89387,-77.05604,1,1
66032,25687801,38.9024,-77.04169,1,1
66048,287197550,38.89847,-77.05321,1,1
66065,25702744,38.8921,-77.0152,1,1
66127,25687900,38.90253,-77.04115,1,1
66330,25686140,38.89313,-77.05556,0,0
66351,25479256,38.87725,-77.02117,1,1
66529,25686323,38.89888,-77.0539,1,1
66531,25686616,38.90114,-77.05141,1,1
66580,25479542,38.88756,-77.01665,1,1
66633,25688042,38.89511,-77.0281,1,1
66752,25688159,38.90252,-77.02849,1,1
67116,287990593,38.8954,-77.04399,1,1
67147,25471265,38.88695,-77.0367,1,1
67396,25688036,38.89209,-77.02827,1,1
67423,25470140,38.87698,-77.04861,0,0
67584,25470141,38.87704,-77.04851,0,0
67699,25688029,38.89538,-77.02964,1,1
67985,25685915,38.90262,-77.06275,0,0
68273,25688169,38.90253,-77.02704,1,1
68308,25686351,38.89847,-77.05256,1,1
68394,25470274,38.88718,-77.04846,1,1
68395,25687732,38.90021,-77.03943,1,1
68396,807569994,38.90065,-77.03944,1,1
68398,807569990,38.9002,-77.03275,1,1
68406,807569991,38.89965,-77.03943,1,1
68529,25685784,38.89178,-77.06323,0,0
68539,25479407,38.88272,-77.024,1,1
68565,25686191,38.89163,-77.05266,1,1
68981,25471229,38.88692,-77.04091,1,1
69106,25702819,38.89734,-77.01517,1,1
69108,875671341,38.89784,-77.01518,1,1
69152,19462894,38.88237,-77.0179,0,0
69153,273126238,38.88252,-77.01765,0,0
69154,875671339,38.8823,-77.01761,0,0
69157,287607537,38.88237,-77.01559,0,0
69172,25471483,38.88351,-77.03207,1,1
69289,25469881,38.88357,-77.05821,1,1
69322,25688061,38.89981,-77.02808,1,1
69361,25688166,38.90118,-77.02704,1,1
69369,287977087,38.88913,-77.03947,1,1
69453,25471342,38.87904,-77.03356,0,0
69479,25702589,38.89845,-77.02396,1,1
69715,25471044,38.87428,-77.0439,0,0
69961,848136164,38.88389,-77.03271,1,1
69962,25471476,38.88382,-77.03265,1,1
70083,25471052,38.87292,-77.04243,0,0
70134,25479426,38.88244,-77.02287,1,1
70137,25702571,38.8948,-77.02397,1,1
70140,25702610,38.89479,-77.01991,1,1
70147,968043134,38.88108,-77.05721,1,1
70149,25469867,38.88066,-77.0572,1,1
70153,968043135,38.88192,-77.0564,1,1
70156,968043136,38.88108,-77.0538,1,1
70257,25686373,38.8921,-77.04885,1,1
70370,25471700,38.88723,-77.02801,1,1
70515,25471597,38.8822,-77.02862,0,0
70752,25686380,38.89606,-77.05143,1,1
70755,890502761,38.8961,-77.05198,1,1
70945,25471048,38.87402,-77.04352,0,0
71287,25470227,38.88649,-77.05017,1,1
71329,25686641,38.9021,-77.0497,1,1
71486,958020546,38.88161,-77.05493,1,1
71633,25470231,38.88656,-77.05037,1,1
71701,25471699,38.88757,-77.02818,1,1
71804,25685909,38.90264,-77.06292,0,0
72041,287994234,38.8979,-77.05442,1,1
72196,25479312,38.87639,-77.01753,1,1
72589,25471484,38.88351,-77.03207,1,1
72620,19463715,38.88267,-77.0266,1,1
72817,25702615,38.89244,-77.01852,1,1
72853,1054072398,38.88912,-77.0219,1,1
72854,806545797,38.88882,-77.02191,1,1
73038,25686111,38.8929,-77.05595,0,0
73041,273123809,38.8968,-77.05645,1,1
73084,25471625,38.88244,-77.02785,0,0
73168,25687787,38.9024,-77.04393,1,1
73184,25686136,38.89428,-77.05629,1,1
73215,287989950,38.88493,-77.03408,1,1
73370,19462949,38.88269,-77.03271,1,1
73426,848136023,38.90191,-77.05533,0,0
73427,25686470,38.90175,-77.05532,0,0
73428,848136022,38.90215,-77.0553,0,0
73639,25686656,38.90209,-77.04883,1,1
73798,287994352,38.88537,-77.03201,1,1
73853,25471243,38.88888,-77.03947,1,1
73906,25688147,38.90252,-77.02912,1,1
74174,25469863,38.88065,-77.05734,1,1
74228,25471619,38.88266,-77.02794,1,1
74315,25479540,38.88756,-77.01846,1,1
74395,25471358,38.87938,-77.03242,0,0
75182,25470199,38.88843,-77.05237,1,1
75246,25686406,38.89957,-77.05013,1,1
75666,25687791,38.90252,-77.04345,1,1
75710,25479501,38.88271,-77.02113,1,1
75731,25471665,38.88272,-77.02736,1,1
76011,25471046,38.87421,-77.0438,0,0
76030,25686662,38.90242,-77.04862,1,1
76162,25470213,38.88772,-77.05164,1,1
76350,25471097,38.87858,-77.03889,0,0
76442,25479370,38.88144,-77.02414,1,1
76488,25470187,38.88835,-77.05259,1,1
76596,25702639,38.9014,-77.02599,1,1
76781,25687915,38.90253,-77.0385,1,1
76837,25702817,38.89613,-77.01519,1,1
76978,25471671,38.88274,-77.02691,1,1
77353,25471268,38.88779,-77.03806,1,1
77354,806660565,38.88784,-77.03821,1,1
77538,312347791,38.88363,-77.0323,1,1
77557,25479298,38.87658,-77.02047,1,1
77593,25471695,38.88482,-77.02656,1,1
77776,25687702,38.89352,-77.03947,1,1
77844,25471099,38.8787,-77.03909,0,0
78015,287975567,38.89177,-77.01661,1,1
78231,25479454,38.88634,-77.02404,1,1
78374,25470189,38.88843,-77.05263,1,1
78792,322678041,38.89599,-77.04193,1,1
78814,25471655,38.8828,-77.02818,1,1
78984,25687655,38.89264,-77.04175,1,1
78988,811172433,38.89292,-77.04231,1,1
79253,25702623,38.89734,-77.0199,1,1
79370,25471551,38.88288,-77.0311,1,1
79703,25686264,38.8974,-77.05577,1,1
79804,19462931,38.88087,-77.03055,0,0
79846,287992822,38.90187,-77.02503,1,1
79971,25686427,38.89568,-77.04738,1,1
80013,25686317,38.89763,-77.05276,0,0
80359,25471479,38.88357,-77.0322,1,1
80530,25686614,38.90069,-77.05183,1,1
80565,25686284,38.89663,-77.0537,0,0
80791,838204484,38.87555,-77.04727,0,0
80811,25479439,38.88326,-77.0219,1,1
80821,25471577,38.8829,-77.03021,1,1
80974,25686123,38.89215,-77.05464,1,1
81052,25686539,38.90253,-77.05331,1,1
81093,25688054,38.90016,-77.02963,1,1
81174,25686008,38.90241,-77.05798,0,0
81244,25686309,38.89627,-77.05274,1,1
81446,25686624,38.90234,-77.05076,1,1
81575,25686649,38.90277,-77.04949,1,1
81614,19462895,38.88248,-77.01969,0,0
81788,25686241,38.89409,-77.05322,0,0
81866,25702583,38.89613,-77.02397,1,1
82063,25702741,38.89137,-77.0152,1,1
82110,19462963,38.89849,-77.05363,1,1
82182,872222358,38.90252,-77.03146,1,1
82848,287197692,38.8954,-77.04467,1,1
82991,25687681,38.89958,-77.04346,1,1
83027,25702695,38.90132,-77.01948,1,1
83278,25479456,38.88757,-77.02421,1,1
83284,806591617,38.89449,-77.03196,1,1
83285,1070577776,38.89463,-77.03196,1,1
83301,273123280,38.88426,-77.02401,1,1
83439,838204485,38.88975,-77.06381,0,0
83440,25469911,38.8893,-77.06259,0,0
83485,25470149,38.87532,-77.04695,0,0
83487,838204483,38.87561,-77.0472,0,0
83711,811168138,38.89981,-77.0293,1,1
83883,25687786,38.90133,-77.04346,1,1
83924,25687684,38.90001,-77.04285,1,1
84091,215067369,38.89934,-77.05369,1,1
84143,25702602,38.8921,-77.01991,1,1
84376,25702642,38.90087,-77.02398,1,1
84725,25702580,38.89479,-77.02191,1,1
84750,25687627,38.89532,-77.04669,1,1
84766,25686401,38.89728,-77.05014,1,1
84818,215084512,38.89981,-77.05505,1,1
84848,273126384,38.89274,-77.05695,0,0
84862,25469796,38.88863,-77.06228,1,1
84916,817691436,38.89428,-77.02396,1,1
84991,25471290,38.87927,-77.03613,1,1
85041,807630361,38.90054,-77.04444,1,1
85050,25686281,38.89559,-77.05387,1,1
85051,807630359,38.89975,-77.04218,1,1
85053,807630358,38.89905,-77.04016,1,1
85081,872152768,38.90253,-77.06275,0,0
85704,25471289,38.87927,-77.03613,0,0
85768,336677583,38.90189,-77.02399,1,1
85904,25686219,38.89464,-77.05432,1,1
85957,25471529,38.88794,-77.03366,1,1
85959,890508683,38.88847,-77.03329,1,1
86230,25470971,38.87302,-77.04465,0,0
86231,25470975,38.87304,-77.04447,0,0
86232,816520234,38.87371,-77.04429,0,0
86233,947872325,38.87414,-77.04387,0,0
86234,947872326,38.87422,-77.04401,0,0
86597,877693810,38.85978,-77.05502,1,1
86598,25469036,38.85968,-77.05608,1,1
86618,850834464,38.8677,-77.03995,1,1
86700,968888829,38.87092,-77.06023,1,1
86701,25468720,38.86967,-77.06116,1,1
86702,968888830,38.86329,-77.06944,1,1
86703,25465263,38.86248,-77.06942,0,0
86704,968888831,38.88811,-77.06418,0,0
86705,25469663,38.87767,-77.05713,1,1
86706,968888832,38.87822,-77.05728,1,1
86707,25469765,38.8871,-77.06362,0,0
86806,25470044,38.87832,-77.05404,1,1
86807,947877281,38.87854,-77.05406,1,1
86808,838360534,38.87722,-77.05265,1,1
86809,947877280,38.87752,-77.05292,1,1
86831,838199939,38.85998,-77.05299,1,1
86832,25469042,38.85988,-77.05354,1,1
86893,947875794,38.87151,-77.05069,1,1
86894,25470067,38.87139,-77.0506,1,1
86902,967921629,38.89316,-77.06567,0,0
86903,25685748,38.89206,-77.06532,0,0
86962,25682823,38.89516,-77.0708,1,1
86963,890523548,38.89563,-77.07082,1,1
86964,890523546,38.89406,-77.07087,1,1
87030,25682858,38.89476,-77.06935,1,1
87031,25682855,38.89465,-77.0694,1,1
87032,25682797,38.8934,-77.07193,1,1
87033,25682752,38.8911,-77.07145,1,1
87034,890523220,38.8916,-77.07201,1,1
87035,890523221,38.89346,-77.07195,1,1
87036,25682805,38.89354,-77.07114,1,1
87440,25468765,38.86668,-77.05954,0,0
87441,287930304,38.86697,-77.06289,0,0
87456,969085045,38.86759,-77.06374,1,1
87457,25468539,38.86693,-77.06547,1,1
87657,949442019,38.86404,-77.05918,1,1
87658,1038201482,38.86434,-77.05902,1,1
87659,1038201480,38.86428,-77.05882,1,1
87660,949442020,38.86401,-77.05894,1,1
87855,25682962,38.89755,-77.06803,0,0
87964,839274243,38.89024,-77.06748,1,1
87965,25469756,38.88958,-77.06639,1,1
87966,839274242,38.88999,-77.06737,1,1
88651,917729539,38.88479,-77.06198,0,0
88652,25469811,38.88416,-77.06157,0,0
88653,917729538,38.8932,-77.0674,0,0
88654,25682850,38.8926,-77.06754,0,0
88655,25682875,38.89353,-77.06734,0,0
88656,917729536,38.89293,-77.06717,0,0
88657,25685718,38.89223,-77.06682,0,0
88889,25685724,38.89067,-77.06617,1,1
88890,886220994,38.88502,-77.06213,0,0
88891,886284124,38.8865,-77.06314,0,0
88892,25682920,38.89918,-77.07073,0,0
88893,886284125,38.89941,-77.07072,0,0
88894,837574200,38.89943,-77.07165,0,0
88895,886284126,38.8996,-77.07156,0,0
88957,25685754,38.8919,-77.06487,0,0
88958,25685753,38.89176,-77.06471,0,0
88959,890532730,38.89184,-77.06505,0,0
88961,890532731,38.89179,-77.06504,0,0
89466,25468728,38.86784,-77.06057,1,1
89467,916286019,38.86513,-77.0687,1,1
89468,25465347,38.86501,-77.06881,1,1
89474,890524532,38.89037,-77.06668,1,1
89475,25685755,38.89238,-77.0648,0,0
89476,816520965,38.87313,-77.04501,0,0
89477,905463356,38.8733,-77.04502,0,0
89479,890524661,38.89027,-77.06781,0,0
89480,886219860,38.88933,-77.06748,0,0
89529,916285151,38.86757,-77.06303,0,0
89530,274850705,38.86715,-77.06435,0,0
89565,816520964,38.87349,-77.04467,0,0
89566,816520233,38.87223,-77.04573,0,0
89567,816520231,38.87331,-77.04484,0,0
89569,816520232,38.87324,-77.04491,0,0
89806,25470911,38.87201,-77.04574,0,0
89807,25470977,38.87323,-77.04474,0,0
90194,25469365,38.86676,-77.05001,0,0
90292,25682929,38.89947,-77.07072,0,0
90293,886221476,38.89986,-77.07099,0,0
90346,25685776,38.89183,-77.0645,0,0
90364,25469593,38.87222,-77.05896,1,1
90374,25469748,38.88806,-77.06626,0,0
90464,25465318,38.86667,-77.07109,1,1
90467,25469359,38.8666,-77.0504,0,0
90499,25469363,38.86653,-77.05016,1,1
90501,25682776,38.89287,-77.07141,1,1
90519,25682878,38.89462,-77.06789,0,0
90556,25682885,38.89715,-77.07149,1,1
90559,801304231,38.87551,-77.052,1,1
90701,25471025,38.87102,-77.04168,1,1
90702,947819253,38.87283,-77.04246,1,1
90703,25471013,38.87214,-77.04322,0,0
90704,947819250,38.87286,-77.04249,0,0
90737,25682822,38.89505,-77.07089,1,1
90783,19463802,38.87103,-77.05107,0,0
90848,25469341,38.86736,-77.05146,0,0
90853,25682890,38.89713,-77.07085,1,1
90875,25468715,38.86912,-77.06118,1,1
90947,25469436,38.86858,-77.04735,0,0
90959,25682879,38.89457,-77.06769,0,0
90970,25471021,38.87105,-77.04211,1,1
91001,863543625,38.85897,-77.04637,1,1
91032,25683051,38.9008,-77.07054,0,0
91033,886219367,38.89917,-77.06849,0,0
91042,25470996,38.87142,-77.04369,0,0
91070,285277780,38.89436,-77.06865,1,1
91109,25465235,38.86156,-77.06911,0,0
91120,839883456,38.86654,-77.05457,1,1
91132,25682873,38.89323,-77.06713,0,0
91151,25469426,38.86875,-77.0479,0,0
91246,886219868,38.89843,-77.06809,0,0
91253,886219858,38.89135,-77.06783,0,0
91254,886219859,38.89135,-77.06802,0,0
91255,25469753,38.88806,-77.06608,0,0
91256,25469750,38.88832,-77.0665,0,0
91257,25682874,38.89323,-77.06713,0,0
91258,886219865,38.88921,-77.06567,1,1
91259,25682872,38.89307,-77.06716,0,0
91260,886219866,38.89335,-77.06722,0,0
91261,848140733,38.89822,-77.06804,0,0
91262,886219867,38.89323,-77.06727,0,0
91263,886219869,38.89841,-77.06826,0,0
91264,809091733,38.89769,-77.06807,0,0
91266,837573486,38.89062,-77.06842,1,1
91267,886219862,38.89103,-77.06871,1,1
91268,25469775,38.88902,-77.06448,1,1
91269,886219863,38.89091,-77.06887,1,1
91270,801191505,38.88864,-77.06493,1,1
91271,886219864,38.88941,-77.06545,1,1
91275,25469608,38.87389,-77.05806,1,1
91276,886219838,38.87394,-77.05804,1,1
91277,886219842,38.88542,-77.06448,0,0
91278,275996167,38.88507,-77.06443,0,0
91279,886219841,38.88537,-77.06462,0,0
91281,25469607,38.87378,-77.05828,1,1
91282,886219839,38.87398,-77.05818,1,1
91288,838360535,38.87779,-77.05315,1,1
91289,886219843,38.8781,-77.05351,1,1
91290,810462368,38.87047,-77.05139,0,0
91291,886219845,38.8751,-77.05367,0,0
91292,886219846,38.87523,-77.0535,0,0
91396,957980346,38.89323,-77.06555,0,0
91397,890524520,38.89296,-77.06539,0,0
91414,801308195,38.86375,-77.04267,1,1
91415,25470634,38.86363,-77.04282,1,1
91465,25469345,38.86622,-77.05117,0,0
91579,19463823,38.87457,-77.04624,0,0
91607,25469335,38.86636,-77.05153,0,0
91720,25469611,38.87453,-77.05778,1,1
91746,25470995,38.87155,-77.04395,0,0
91764,25682836,38.89162,-77.06976,1,1
91798,25682912,38.89824,-77.07079,0,0
91808,25470956,38.87454,-77.04639,0,0
91818,25469735,38.88455,-77.06313,1,1
91820,25469813,38.88493,-77.06207,0,0
91841,25470891,38.86999,-77.04628,1,1
91850,25468705,38.86834,-77.06082,1,1
91855,25469121,38.86556,-77.0543,0,0
91863,25469044,38.85981,-77.05225,1,1
91990,25469322,38.86599,-77.05157,0,0
92007,25469782,38.88999,-77.0642,0,0
92011,905463353,38.8708,-77.04169,1,1
92012,977053794,38.87089,-77.04179,1,1
92129,25682775,38.89251,-77.07151,1,1
92151,25685713,38.89079,-77.06759,1,1
92317,25682709,38.89687,-77.07243,1,1
92337,25470011,38.8753,-77.05609,1,1
92377,936756090,38.87102,-77.04919,1,1
92379,838359122,38.8716,-77.05076,1,1
92381,25685714,38.89055,-77.06635,1,1
92426,25465184,38.86627,-77.07268,1,1
92442,25469733,38.88414,-77.06327,1,1
92463,25469729,38.88372,-77.06308,1,1
92537,25469857,38.88021,-77.05712,1,1
92610,25685742,38.89182,-77.06526,0,0
92675,25682644,38.89498,-77.07229,1,1
92678,25682643,38.89486,-77.07227,1,1
92770,25470032,38.87952,-77.05706,1,1
92820,25470955,38.87501,-77.04667,0,0
92849,25682737,38.89836,-77.0725,0,0
92900,25469674,38.87805,-77.05818,0,0
92997,25469357,38.86639,-77.05026,0,0
93004,25470967,38.87316,-77.0448,0,0
93039,25469362,38.86653,-77.05016,0,0
93060,1038242243,38.86564,-77.05421,0,0
93080,19463144,38.87796,-77.05831,0,0
93114,25682842,38.89077,-77.06783,1,1
93227,19462958,38.8898,-77.06471,0,0
93236,25470932,38.87125,-77.04451,0,0
93315,974970624,38.89225,-77.07265,1,1
93378,26967998,38.87105,-77.04494,0,0
93480,309599738,38.86937,-77.06057,1,1
93489,25469161,38.86653,-77.05252,0,0
93500,25470974,38.87304,-77.04447,0,0
93598,25471004,38.87125,-77.04335,0,0
93718,25465174,38.86585,-77.07286,1,1
93761,25682898,38.89908,-77.07191,0,0
93814,25469234,38.85985,-77.0515,1,1
93820,25469346,38.86637,-77.0512,1,1
93861,25683052,38.9008,-77.07054,0,0
93862,809517112,38.90082,-77.07065,0,0
93863,948020620,38.90093,-77.07061,0,0
93913,25470104,38.87033,-77.04786,1,1
93929,25470968,38.87331,-77.04484,0,0
94014,26965926,38.87035,-77.0635,1,1
94090,25682796,38.89371,-77.07201,1,1
94214,25469727,38.88444,-77.06344,1,1
94282,26965816,38.86267,-77.05178,1,1
94370,25685715,38.89081,-77.0674,1,1
94371,968316078,38.90001,-77.07136,0,0
94372,25682910,38.89999,-77.07128,0,0
94441,25470034,38.87772,-77.05554,1,1
94451,25469070,38.86586,-77.05641,0,0
94457,25469481,38.87038,-77.06395,1,1
94508,25465251,38.86044,-77.06722,1,1
94559,25682762,38.89244,-77.07198,1,1
94560,968316915,38.89274,-77.07174,1,1
94571,25469490,38.87024,-77.06288,1,1
94599,25682919,38.899,-77.07075,0,0
94615,968802657,38.89134,-77.07127,1,1
94687,890532732,38.89194,-77.06504,0,0
94688,957993850,38.89235,-77.06612,0,0
94689,917729537,38.8937,-77.06734,0,0
94690,957993851,38.89461,-77.06746,0,0
94738,25468718,38.86951,-77.06128,1,1
94815,25469369,38.8671,-77.04889,0,0
94843,25468743,38.86933,-77.06047,1,1
94909,25470110,38.8702,-77.04684,0,0
94934,19463155,38.87496,-77.04675,0,0
94940,25682803,38.8933,-77.07129,1,1
95007,25469529,38.86984,-77.06152,1,1
95018,26965815,38.86266,-77.05169,1,1
95059,25468599,38.86717,-77.0627,0,0
95068,25469370,38.86715,-77.04921,0,0
95086,25469802,38.88162,-77.06179,0,0
95097,25682846,38.89191,-77.068,0,0
95104,311290814,38.86103,-77.05989,1,1
95218,25468696,38.86807,-77.06203,1,1
95229,25470018,38.87759,-77.05584,1,1
95377,25470892,38.86999,-77.04628,0,0
95427,25468628,38.86766,-77.06232,1,1
95459,26965814,38.86277,-77.05147,1,1
95517,25468596,38.86714,-77.06293,0,0
95563,26965813,38.8628,-77.05152,1,1
95601,25465053,38.85895,-77.07007,0,0
95648,25471023,38.87096,-77.04187,1,1
95692,848140490,38.86168,-77.04503,1,1
95693,838214872,38.86151,-77.04517,1,1
95694,25470637,38.86371,-77.04294,1,1
95696,848140489,38.86198,-77.04479,1,1
95725,25469165,38.86661,-77.05207,0,0
95811,25469591,38.87212,-77.05929,1,1
95845,25469155,38.86563,-77.05239,0,0
95934,25469334,38.86628,-77.05154,0,0
95952,25468615,38.86785,-77.06311,1,1
95979,25468661,38.86164,-77.05952,1,1
95990,806590850,38.89785,-77.06794,0,0
96056,287913671,38.86114,-77.05956,1,1
96192,25468626,38.86763,-77.06266,1,1
96424,25682713,38.89795,-77.07255,1,1
96485,25465254,38.86102,-77.06825,1,1
96511,25469720,38.88402,-77.0646,1,1
96546,25468635,38.86808,-77.0622,1,1
96554,25468804,38.86633,-77.05757,0,0
96565,25468656,38.86055,-77.05958,1,1
96585,25469690,38.87942,-77.05728,1,1
96719,25469332,38.86614,-77.05155,0,0
96783,25469356,38.86644,-77.05042,0,0
96785,983964437,38.86625,-77.06623,1,1
96786,25468528,38.86591,-77.06682,0,0
96818,875249724,38.89503,-77.07122,1,1
96819,25682816,38.895,-77.07146,1,1
96856,25469124,38.86597,-77.05427,0,0
96859,25468534,38.86661,-77.06627,1,1
96887,890523223,38.8947,-77.0695,1,1
96888,1013403079,38.89474,-77.0696,1,1
96889,890523224,38.89481,-77.06946,1,1
96890,1013403080,38.89486,-77.06958,1,1
97093,1053694178,38.89425,-77.0708,1,1
97094,25682820,38.89418,-77.07083,1,1
97101,25470898,38.87059,-77.04572,0,0
97129,25469668,38.8795,-77.05834,1,1
97136,25468659,38.86166,-77.05985,1,1
97241,25468668,38.86302,-77.05928,1,1
97325,25468564,38.8698,-77.06549,1,1
97392,19463142,38.87637,-77.05634,0,0
97424,25468726,38.86955,-77.06092,1,1
97433,25682960,38.89714,-77.06826,0,0
97501,25470078,38.87086,-77.04985,1,1
97505,940762800,38.87107,-77.05017,1,1
97602,25682854,38.89404,-77.06829,1,1
97645,25465293,38.86366,-77.06809,1,1
97647,848140328,38.86382,-77.06803,1,1
97693,19462986,38.89571,-77.06804,0,0
97799,1013403486,38.89372,-77.07103,1,1
97800,890523222,38.8936,-77.0711,1,1
97820,25469076,38.86615,-77.05634,0,0
97878,287923585,38.86539,-77.05844,1,1
97879,25469131,38.86606,-77.05426,0,0
97996,25468724,38.86958,-77.06099,1,1
97998,25468630,38.8681,-77.0626,1,1
98040,958011907,38.88804,-77.06438,1,1
98140,25469415,38.86782,-77.04921,0,0
98227,25682862,38.8932,-77.06774,0,0
98353,848140329,38.86087,-77.06902,1,1
98354,969188472,38.86187,-77.06886,1,1
98364,976906689,38.86646,-77.06345,1,1
98365,25468537,38.86578,-77.06505,1,1
98399,275996163,38.8978,-77.06931,0,0
98460,25470893,38.87034,-77.04676,0,0
98476,311290668,38.86036,-77.06725,1,1
98492,25468617,38.86742,-77.06299,1,1
98507,25470901,38.87148,-77.04632,1,1
98522,25469063,38.86471,-77.05236,0,0
98552,838214874,38.86051,-77.05896,1,1
98564,25470580,38.86109,-77.04544,1,1
98602,25469808,38.88173,-77.06015,0,0
98698,25469276,38.86391,-77.05129,1,1
98724,25469752,38.8879,-77.06614,0,0
98745,94156590,38.89993,-77.07077,0,0
98746,25468727,38.86747,-77.06054,0,0
98823,25469487,38.87053,-77.06346,1,1
98995,25465240,38.86171,-77.06934,0,0
99019,25470895,38.86989,-77.04587,1,1
99212,25468761,38.86543,-77.05869,1,1
99319,25682766,38.89184,-77.07148,1,1
99343,838214496,38.85919,-77.05157,1,1
99344,838214497,38.8595,-77.05152,1,1
99346,838214498,38.85981,-77.05293,1,1
99347,838214502,38.86064,-77.05213,1,1
99348,25469045,38.86006,-77.0522,1,1
99349,838214499,38.85981,-77.05267,1,1
99351,838214501,38.86086,-77.05209,1,1
99352,838214500,38.86151,-77.05198,1,1
99505,25465352,38.86513,-77.0687,1,1
99506,25468792,38.86645,-77.05756,0,0
99548,26968008,38.86674,-77.05915,0,0
99549,94253245,38.86708,-77.05919,0,0
99553,25468811,38.86722,-77.05882,1,1
99554,948007855,38.86741,-77.0592,1,1
99555,880291344,38.86728,-77.05832,1,1
99558,948007856,38.86751,-77.05906,1,1
99649,25682934,38.90068,-77.0706,0,0
99707,25469437,38.8688,-77.047,0,0
99734,25469835,38.88107,-77.05933,0,0
99829,25469347,38.86637,-77.0512,0,0
99838,25470017,38.87718,-77.0566,1,1
99853,25469761,38.88978,-77.06594,1,1
99872,25470035,38.87778,-77.05543,1,1
99958,25685744,38.8919,-77.06528,0,0
99959,25465356,38.86534,-77.0685,1,1
99985,25469814,38.88493,-77.06207,1,1
100025,25469491,38.87045,-77.06296,1,1
100027,25465319,38.86556,-77.07128,1,1
100079,25469270,38.86291,-77.05166,1,1
100233,25470912,38.87196,-77.04556,0,0
100315,25685760,38.89439,-77.06623,0,0
100333,25682954,38.8957,-77.06782,0,0
100342,906985483,38.86599,-77.05157,0,0
100348,274477738,38.89819,-77.0694,0,0
100356,26965947,38.86556,-77.07112,1,1
100448,25469078,38.86624,-77.05631,0,0
100564,25470009,38.87628,-77.05653,0,0
100873,25468662,38.86307,-77.05956,1,1
100921,25682777,38.89257,-77.07129,1,1
100975,26965866,38.87187,-77.04544,0,0
100992,25469655,38.87676,-77.05712,1,1
101097,25469338,38.86674,-77.0515,0,0
101121,25682933,38.90068,-77.0706,0,0
101201,25469654,38.87676,-77.05712,0,0
101359,1000105038,38.86101,-77.05956,1,1
101360,1000105036,38.86045,-77.05871,1,1
101361,838214873,38.86035,-77.05845,1,1
101381,25469320,38.86581,-77.05159,0,0
101480,25468722,38.86963,-77.06108,1,1
101619,25470030,38.87786,-77.05581,1,1
101760,968343489,38.87055,-77.04884,1,1
101773,838211910,38.89903,-77.07129,0,0
101775,838211909,38.89304,-77.06695,0,0
101948,916323241,38.86946,-77.06074,1,1
101949,916323242,38.86976,-77.06134,1,1
102287,25469656,38.87697,-77.05708,0,0
102288,968121616,38.87739,-77.05751,0,0
102357,25469688,38.88,-77.05794,1,1
102400,287917632,38.86389,-77.05167,1,1
102462,25682824,38.89506,-77.07075,1,1
102653,25682891,38.89786,-77.07079,1,1
102730,25465270,38.86347,-77.06969,1,1
102747,837575250,38.89162,-77.07147,1,1
102758,968124868,38.86458,-77.05108,1,1
102788,958018236,38.87293,-77.0433,0,0
102792,25468531,38.86599,-77.06617,0,0
102820,274852285,38.86513,-77.06836,0,0
102879,25465320,38.86556,-77.07062,1,1
102880,974974260,38.86573,-77.06896,1,1
103099,25469596,38.87227,-77.05919,1,1
103105,25682810,38.8949,-77.07206,1,1
103121,886219861,38.88927,-77.06763,0,0
103122,968123477,38.89003,-77.06788,0,0
103338,25468682,38.86724,-77.06168,0,0
103349,25468711,38.86912,-77.06141,1,1
103591,25470688,38.86942,-77.04531,1,1
103669,25465371,38.86477,-77.06794,0,0
103693,25468530,38.86528,-77.06622,1,1
103738,25466355,38.89027,-77.06781,1,1
103784,94251106,38.86716,-77.06108,0,0
103925,25469833,38.88023,-77.0588,1,1
103935,25470889,38.87008,-77.04664,1,1
103966,25682967,38.89839,-77.06911,0,0
103967,837574103,38.89889,-77.07007,0,0
103971,26965946,38.86537,-77.07139,1,1
104040,25682947,38.89709,-77.0684,0,0
104083,25469480,38.87023,-77.06396,1,1
104090,25682900,38.89918,-77.0718,0,0
104091,837574199,38.89978,-77.07147,0,0
104093,837574198,38.89905,-77.07153,0,0
104148,837574131,38.89863,-77.07237,0,0
104202,837574124,38.89831,-77.07173,0,0
104203,25682902,38.89827,-77.07125,0,0
104269,25465367,38.8652,-77.06829,1,1
104400,880294551,38.87027,-77.065,1,1
104401,968031455,38.87037,-77.06464,1,1
104403,968031456,38.87014,-77.06248,1,1
104411,1038762931,38.87451,-77.05275,0,0
104412,936756091,38.87212,-77.05108,1,1
104413,1038762932,38.87468,-77.05223,1,1
104414,25470000,38.87116,-77.05107,0,0
104454,976909386,38.8649,-77.06754,1,1
104473,969206104,38.86597,-77.05324,0,0
104482,984135123,38.86957,-77.04734,1,1
104577,983829973,38.86782,-77.06388,1,1
104582,25465306,38.8654,-77.07154,1,1
104649,974907502,38.89193,-77.07126,1,1
104650,25682787,38.89152,-77.06993,1,1
104655,983827541,38.89129,-77.07071,1,1
104656,25682756,38.89115,-77.07102,1,1
104661,810738319,38.86765,-77.0663,1,1
104662,949696980,38.86971,-77.06568,1,1
104663,810738355,38.86771,-77.06641,1,1
104664,949696982,38.86964,-77.06554,1,1
104672,801403148,38.89176,-77.06586,1,1
105068,25682863,38.8932,-77.06774,1,1
105069,970851193,38.89368,-77.06824,1,1
105070,970851192,38.89381,-77.06813,1,1
105071,25682849,38.89218,-77.06806,1,1
105072,970851194,38.86706,-77.05959,0,0
105073,25468766,38.86684,-77.05909,0,0
105722,848140238,38.85851,-77.06795,1,1
105723,1038328860,38.85863,-77.0679,1,1
105831,968021397,38.86729,-77.06869,1,1
105832,978351691,38.86763,-77.06711,1,1
106071,25465359,38.86702,-77.06972,1,1
106177,309599735,38.86904,-77.06,1,1
106180,26965884,38.86869,-77.04746,0,0
106181,25470916,38.87002,-77.04509,1,1
106245,25682921,38.89812,-77.07022,0,0
106332,948007854,38.86734,-77.0593,1,1
106333,971032540,38.86739,-77.0595,1,1
106379,25469272,38.86291,-77.0515,1,1
106419,26965954,38.85815,-77.0706,0,0
106491,1038275964,38.86624,-77.04056,1,1
106595,25465047,38.8581,-77.07107,0,0
106596,971034260,38.86028,-77.07014,1,1
106597,25465256,38.86108,-77.06821,1,1
106598,971034261,38.86176,-77.06874,1,1
106599,971034259,38.86677,-77.06482,1,1
106600,971034262,38.86618,-77.06476,1,1
106601,25465365,38.8652,-77.06829,1,1
106647,25470026,38.8783,-77.05645,1,1
106660,25465324,38.86688,-77.07027,1,1
106750,25468571,38.8665,-77.06372,1,1
106789,25470930,38.87227,-77.04517,0,0
106965,25470108,38.87015,-77.04696,1,1
107020,19463145,38.8792,-77.05946,0,0
107041,25470890,38.87008,-77.04664,0,0
107060,25682868,38.89336,-77.06737,0,0
107083,311290659,38.86646,-77.07194,1,1
107154,25682817,38.89513,-77.07147,1,1
107219,25470888,38.87004,-77.0465,0,0
107314,25469774,38.88902,-77.06448,0,0
107425,25470016,38.87802,-77.05698,1,1
107484,25470593,38.86102,-77.04534,1,1
107514,810462369,38.87046,-77.05117,0,0
107639,25465265,38.86187,-77.06907,0,0
107821,25468750,38.86915,-77.05992,1,1
107970,25470887,38.87004,-77.0465,1,1
107985,880293826,38.86617,-77.05887,1,1
107986,1053786017,38.86634,-77.05923,1,1
107987,969067462,38.86636,-77.06498,1,1
107988,25468688,38.86654,-77.0603,1,1
107999,25683046,38.9007,-77.0707,0,0
108053,25465346,38.86501,-77.06881,1,1
108076,25470079,38.87078,-77.04964,1,1
108141,25465058,38.85951,-77.06998,0,0
108143,838364885,38.86614,-77.05155,0,0
108175,838365310,38.87121,-77.05039,1,1
108179,25471011,38.87205,-77.04331,0,0
108199,25682833,38.89136,-77.06961,1,1
108200,285225608,38.87556,-77.05472,0,0
108231,25465224,38.86311,-77.06979,1,1
108313,19463780,38.86525,-77.07043,1,1
108319,947962159,38.89825,-77.07086,0,0
108322,25682915,38.89853,-77.07078,0,0
108323,25682918,38.89865,-77.07077,0,0
108324,25682742,38.89879,-77.07226,0,0
108347,25468540,38.86631,-77.06525,0,0
108353,25682811,38.89501,-77.07206,1,1
108395,25465378,38.86523,-77.0678,0,0
108563,25682793,38.89314,-77.07182,1,1
108569,25465298,38.86454,-77.06791,1,1
108612,838364210,38.8642,-77.06792,1,1
108826,25469776,38.88899,-77.06432,1,1
108850,25465290,38.86284,-77.06851,1,1
108862,26965955,38.85814,-77.07083,0,0
108874,19463100,38.89147,-77.06946,1,1
108920,25465211,38.86109,-77.07,1,1
108932,19462957,38.89435,-77.06634,0,0
108981,25469615,38.87896,-77.05939,0,0
109087,25468747,38.86916,-77.06013,1,1
109093,25465323,38.86517,-77.06985,1,1
109099,25465393,38.86764,-77.06699,1,1
109263,25682800,38.89405,-77.07202,1,1
109298,25465366,38.8652,-77.06829,0,0
109299,968719998,38.86646,-77.06615,0,0
109301,968719997,38.86441,-77.06888,0,0
109323,25469343,38.86609,-77.05116,0,0
109429,25465325,38.867,-77.06983,1,1
109455,848140491,38.86468,-77.04186,1,1
109456,25470758,38.86568,-77.04073,1,1
109457,1038279140,38.86618,-77.04042,1,1
109459,1038279141,38.86579,-77.04085,1,1
109490,287955860,38.87597,-77.05542,0,0
109550,25682853,38.89395,-77.06841,1,1
109618,19463139,38.89188,-77.06773,0,0
109697,25465243,38.86144,-77.06893,1,1
109751,25470894,38.8708,-77.04664,1,1
109806,25470972,38.87295,-77.04456,0,0
109815,817648689,38.88021,-77.05726,1,1
109816,817648690,38.88021,-77.05726,1,1
109817,25469694,38.88011,-77.05725,1,1
109847,704929756,38.87633,-77.05207,1,1
109977,838359028,38.86655,-77.05314,1,1
109984,25469366,38.86676,-77.05001,1,1
109985,838358770,38.86947,-77.04728,0,0
109986,838358771,38.86809,-77.04861,1,1
109987,274850358,38.86906,-77.04762,0,0
110006,837784369,38.89568,-77.06708,0,0
110007,25685761,38.89526,-77.06685,0,0
110013,1005973481,38.86581,-77.05159,0,0
110014,25469318,38.86534,-77.05161,0,0
110015,1005973480,38.86595,-77.05114,1,1
110016,25469325,38.86524,-77.05104,1,1
110137,838363364,38.87879,-77.05418,1,1
110138,838363365,38.87827,-77.05443,1,1
110144,947959844,38.89909,-77.07279,0,0
110147,25682741,38.89879,-77.07226,0,0
110148,947959462,38.89886,-77.07218,0,0
110389,25683047,38.9007,-77.0707,0,0
110406,968306140,38.90014,-77.07189,0,0
110407,25682908,38.90018,-77.07205,0,0
110408,968306141,38.90033,-77.07256,0,0
110623,19463779,38.86557,-77.07152,1,1
110867,25469801,38.88103,-77.06123,0,0
110975,287917630,38.87298,-77.05873,1,1
111022,25465317,38.86643,-77.07207,1,1
111038,25682869,38.89336,-77.06737,0,0
111059,25682865,38.89354,-77.06771,0,0
111067,275994938,38.86424,-77.06864,0,0
111108,25470973,38.87295,-77.04456,0,0
111231,970898405,38.85862,-77.05206,1,1
111440,25468760,38.86602,-77.05872,1,1
111441,880291342,38.86635,-77.05827,0,0
111442,880293827,38.86649,-77.05882,0,0
111443,880293828,38.86663,-77.05875,0,0
111444,25468772,38.86653,-77.05834,0,0
111445,880293829,38.86673,-77.05869,0,0
111446,25468777,38.86664,-77.05836,0,0
111447,880293830,38.86691,-77.0586,0,0
111448,838265382,38.86686,-77.0584,0,0
111449,880293831,38.86702,-77.0585,1,1
111450,838265381,38.86686,-77.0584,1,1
111451,880293834,38.86488,-77.0588,1,1
111452,880293836,38.86535,-77.07125,1,1
111453,880293835,38.86484,-77.05858,1,1
111454,880293838,38.85989,-77.06743,1,1
111455,880293837,38.86556,-77.07123,1,1
111537,25469459,38.8701,-77.06528,1,1
111538,25469456,38.87018,-77.06544,1,1
111539,880294552,38.87041,-77.06508,1,1
111540,880294554,38.87373,-77.05815,1,1
111541,25469597,38.87293,-77.05859,1,1
111584,970893646,38.86176,-77.05148,1,1
111923,976964102,38.86919,-77.04643,1,1
111925,976964103,38.86096,-77.05149,1,1
111926,969070216,38.86045,-77.05148,1,1
112066,968690286,38.89416,-77.06781,0,0
112067,25682866,38.89379,-77.06774,0,0
112376,25468791,38.86647,-77.05815,0,0
112377,880290711,38.86651,-77.05827,0,0
112378,25468796,38.86658,-77.05816,0,0
112379,880290710,38.86661,-77.05827,0,0
112455,25469383,38.86879,-77.05144,0,0
112456,880290714,38.86988,-77.05123,0,0
112457,880290713,38.86906,-77.05146,0,0
112521,880291341,38.87051,-77.04139,1,1
112522,880291340,38.87061,-77.04124,1,1
112523,811130263,38.87024,-77.04092,1,1
112524,880291339,38.87096,-77.04416,1,1
112525,25470920,38.8709,-77.04473,1,1
112526,94253246,38.86621,-77.05778,0,0
112527,25468802,38.86672,-77.05789,0,0
112528,25469084,38.8667,-77.05616,1,1
112529,880291343,38.86682,-77.05828,0,0
112939,25470906,38.87168,-77.04572,0,0
112940,880283375,38.87192,-77.04587,1,1
112941,880283378,38.87176,-77.04551,0,0
112942,880283377,38.87182,-77.04564,0,0
112943,25470908,38.87162,-77.0456,0,0
112944,880283372,38.86825,-77.04761,0,0
112945,25469414,38.86715,-77.04849,0,0
112946,880283371,38.86832,-77.04775,0,0
112947,26968012,38.86736,-77.04853,0,0
112948,880283374,38.87189,-77.04582,0,0
112949,25470909,38.87182,-77.046,1,1
112950,880283373,38.86816,-77.04743,0,0
112951,25470910,38.87177,-77.0459,0,0
112952,25469417,38.86837,-77.04837,0,0
112953,25469416,38.86749,-77.04866,0,0
112954,880283370,38.86856,-77.04812,0,0
112955,801614566,38.86345,-77.06865,1,1
112981,976966890,38.86927,-77.04785,1,1
112983,976966889,38.87259,-77.04575,0,0
113109,838707263,38.89626,-77.07243,1,1
113110,838707262,38.89526,-77.07232,1,1
113111,838707266,38.89464,-77.07075,1,1
113112,25682767,38.89184,-77.07148,1,1
113113,838707264,38.89527,-77.07209,1,1
113115,838707265,38.89656,-77.07085,1,1
113514,917716256,38.88019,-77.05742,1,1
113515,838363363,38.87896,-77.05434,1,1
113516,817648691,38.88021,-77.05712,1,1
113585,838265248,38.86623,-77.06362,1,1
113600,25468768,38.86616,-77.05833,1,1
113863,25685762,38.89529,-77.06673,0,0
114065,968316080,38.89122,-77.06658,1,1
114066,976980640,38.8918,-77.06646,1,1
114499,25469610,38.87446,-77.05796,1,1
114500,969071824,38.87537,-77.05761,1,1
114560,19463803,38.86735,-77.0513,1,1
114561,917379503,38.86914,-77.05127,0,0
114563,917379504,38.86879,-77.05126,1,1
114564,917379505,38.8688,-77.05123,0,0
114565,25469387,38.86897,-77.05126,0,0
114614,25469239,38.86007,-77.05148,1,1
114652,969069953,38.87264,-77.04526,0,0
114653,838357413,38.87239,-77.04547,0,0
114654,25468546,38.86767,-77.06655,1,1
114667,975975472,38.89477,-77.0709,1,1
114668,25682821,38.8945,-77.0709,1,1
114738,872432040,38.89723,-77.07247,1,1
114779,25469723,38.88426,-77.06393,0,0
114780,917379967,38.88442,-77.06403,0,0
114784,917379971,38.8842,-77.06372,0,0
114785,25469725,38.88431,-77.06379,0,0
114786,917379969,38.88445,-77.06388,0,0
114787,19463140,38.88159,-77.06195,0,0
114788,917379970,38.88416,-77.06387,0,0
114841,335450408,38.86354,-77.05914,1,1
114842,335450406,38.8636,-77.0594,1,1
114863,25471012,38.87214,-77.04322,1,1
114864,969067465,38.87243,-77.04362,1,1
114866,969067461,38.8601,-77.06991,0,0
114869,969067463,38.86679,-77.06436,0,0
114870,969067464,38.86695,-77.05949,0,0
114892,19463150,38.87621,-77.05723,1,1
114893,801856991,38.87666,-77.05714,1,1
114894,25469643,38.87624,-77.05735,1,1
114896,801856992,38.8766,-77.0587,1,1
115158,916295775,38.89488,-77.07216,1,1
115170,968043139,38.87843,-77.05699,1,1
115172,25469590,38.87091,-77.05988,1,1
115173,968043137,38.87179,-77.05926,1,1
115174,968043138,38.87377,-77.04555,0,0
115175,905463355,38.87331,-77.045,0,0
115637,25471010,38.87205,-77.04331,0,0
115638,25471064,38.87064,-77.04151,1,1
115639,905463354,38.87287,-77.04445,0,0
115640,905463350,38.87213,-77.04342,0,0
115641,905463351,38.872,-77.04323,1,1
115643,905463352,38.87199,-77.04323,0,0
115645,25470965,38.87324,-77.04491,0,0
115690,25682837,38.89032,-77.06794,0,0
115691,916297926,38.8908,-77.06799,0,0
115693,916297927,38.8908,-77.06799,1,1
115702,25682619,38.89209,-77.07287,1,1
115704,916297924,38.89211,-77.0715,1,1
115705,838707267,38.89203,-77.07149,1,1
115847,968046456,38.87201,-77.04303,1,1
115848,968046457,38.87294,-77.04433,1,1
115891,968453572,38.89962,-77.07055,0,0
115967,25686390,38.89592,-77.05012,1,1
116348,19463722,38.87929,-77.03518,0,0
118786,809930733,38.88252,-77.017,0,0
121416,25686118,38.89294,-77.05547,0,0
121973,813056183,38.88778,-77.03391,1,1
121976,813013490,38.88777,-77.03712,1,1
122257,810103876,38.88485,-77.02328,1,1
122992,877053465,38.89209,-77.02659,1,1
125182,839275204,38.88501,-77.02748,1,1
126017,25479396,38.88487,-77.02583,1,1
126828,806584199,38.90253,-77.02539,1,1
127454,25686388,38.89584,-77.05012,1,1
129287,807518221,38.88866,-77.05147,1,1
129308,25687654,38.8921,-77.04173,1,1
130021,839277776,38.89553,-77.03124,1,1
134657,813013646,38.8921,-77.03349,1,1
137593,839851878,38.89982,-77.02247,1,1
139944,19463724,38.87907,-77.03525,0,0
140149,810257747,38.88276,-77.02559,1,1
142628,287990594,38.8954,-77.04291,1,1
144061,322678024,38.90265,-77.05278,1,1
144620,25479344,38.88238,-77.02588,1,1
144853,25687777,38.90265,-77.04526,1,1
146605,25471308,38.87899,-77.03497,0,0
146873,90693534,38.90253,-77.04393,1,1
147835,25686242,38.89409,-77.05322,1,1
147985,25688141,38.90264,-77.03068,1,1
148224,25687625,38.8921,-77.04495,1,1
151728,25687666,38.89602,-77.04666,1,1
152620,968690288,38.88732,-77.06074,1,1
153183,25685991,38.90253,-77.05911,0,0
153857,322677994,38.89601,-77.04464,1,1
155091,25688017,38.90021,-77.03364,1,1
155444,25479386,38.8829,-77.02587,1,1
157343,25479338,38.88251,-77.0261,0,0
158114,816400096,38.90253,-77.0345,1,1
159914,25687701,38.89209,-77.03932,1,1
161153,801652185,38.88446,-77.03247,1,1
163811,25479538,38.88757,-77.01883,1,1
163815,813047187,38.88757,-77.02073,1,1
166219,25688063,38.89982,-77.02704,1,1
167128,958011904,38.88091,-77.05379,0,0
167627,336677483,38.87642,-77.01959,1,1
167777,25686665,38.90254,-77.04869,1,1
167976,25685778,38.89214,-77.06466,1,1
175482,813055162,38.88802,-77.03973,1,1
177653,813051998,38.89981,-77.01747,1,1
179001,25685964,38.90261,-77.06011,0,0
179563,968681288,38.8878,-77.03336,1,1
181450,25471287,38.87929,-77.0363,0,0
181627,25479519,38.8823,-77.01756,0,0
182516,25479541,38.88757,-77.01754,1,1
182569,25688030,38.89552,-77.02964,1,1
185088,875671338,38.88238,-77.01761,0,0
186193,25686374,38.8921,-77.04797,1,1
189197,25687921,38.90264,-77.03717,1,1
190009,25686617,38.9024,-77.05141,1,1
198114,872222357,38.90253,-77.03251,1,1
200967,807630360,38.90021,-77.03079,1,1
202970,25682617,38.89176,-77.0727,1,1
203376,969085235,38.86702,-77.0616,0,0
205402,916286020,38.86805,-77.06317,1,1
205412,957966380,38.87354,-77.04555,0,0
205465,25468629,38.86766,-77.06232,0,0
206492,25682884,38.89716,-77.07173,1,1
206789,25682886,38.89715,-77.07108,1,1
206906,25470993,38.87107,-77.04309,1,1
206965,838370653,38.90078,-77.07171,0,0
210393,25469483,38.87056,-77.06393,1,1
210480,25469474,38.87039,-77.06438,1,1
214300,948007853,38.86671,-77.05983,1,1
217555,25470025,38.87831,-77.05672,1,1
218666,25465308,38.86535,-77.07121,1,1
219274,25468685,38.86725,-77.06109,0,0
220512,983829972,38.87075,-77.06093,1,1
220585,916297925,38.89197,-77.07149,1,1
223923,1053786016,38.86661,-77.06359,1,1
224259,947962160,38.89879,-77.07218,0,0
229451,917716255,38.88021,-77.05694,1,1
230717,917379968,38.88441,-77.06404,1,1
231638,916297923,38.89211,-77.0715,1,1
