2032,936808608,38.9451,-76.77124,0,0
7962,968788711,38.9261,-76.73668,1,1
8552,968368583,38.94594,-76.76389,0,0
8553,273126873,38.94579,-76.7655,0,0
8554,968368582,38.94653,-76.76074,0,0
9584,990187297,38.92536,-76.75008,1,1
9586,990187296,38.92618,-76.75543,1,1
9587,25823796,38.92514,-76.7608,1,1
10451,871236989,38.90739,-76.75807,1,1
10452,1052537450,38.90791,-76.75768,1,1
10480,1052537444,38.90622,-76.75853,1,1
10481,25823859,38.90555,-76.75863,1,1
15159,1046995647,38.90319,-76.75828,1,1
16054,871237015,38.91999,-76.75813,1,1
18393,976850950,38.93539,-76.7315,1,1
18394,322684745,38.93456,-76.73185,1,1
18687,976850348,38.94052,-76.72767,1,1
18688,25827491,38.93725,-76.73066,1,1
19664,899061063,38.92534,-76.77166,1,1
19665,25823781,38.92517,-76.77105,1,1
21526,805711644,38.94538,-76.77044,0,0
21527,810237136,38.9457,-76.76664,0,0
22969,25827559,38.946,-76.72984,1,1
25013,25826627,38.92925,-76.73441,1,1
25741,1002616798,38.92125,-76.73136,1,1
25743,1034400836,38.9184,-76.72984,1,1
25746,968788712,38.91736,-76.72873,1,1
25787,273126874,38.94556,-76.76548,0,0
25967,1034400832,38.92269,-76.73212,1,1
25969,1034400926,38.92313,-76.73234,1,1
27007,25824358,38.9258,-76.74018,1,1
28036,25826686,38.93101,-76.734,1,1
28165,990184597,38.92616,-76.7373,1,1
28177,1002780693,38.9262,-76.73781,1,1
28237,25827447,38.93227,-76.73317,1,1
28785,25826505,38.92611,-76.73914,1,1
29628,990221032,38.93038,-76.76119,1,1
33568,1035356179,38.91904,-76.75769,1,1
33569,1035356177,38.91865,-76.75748,1,1
33572,970876903,38.91739,-76.75662,1,1
33713,25824536,38.9317,-76.76147,1,1
34693,25823758,38.92715,-76.77718,1,1
34876,1035355755,38.93462,-76.73165,1,1
34879,1002614404,38.93408,-76.732,1,1
36375,25824531,38.93498,-76.76356,1,1
36941,1035355664,38.93866,-76.72959,1,1
36942,976850349,38.93765,-76.73048,1,1
38037,25824523,38.94112,-76.76861,1,1
38111,1035355526,38.93868,-76.72986,1,1
38112,322684748,38.93732,-76.73087,1,1
39903,25827511,38.94757,-76.73749,1,1
40139,25827508,38.9474,-76.7376,1,1
42472,322684742,38.93233,-76.73329,1,1
43904,322684735,38.93073,-76.73432,1,1
45976,976873781,38.92729,-76.77958,1,1
47892,25824557,38.94519,-76.77015,1,1
49468,831686064,38.93719,-76.76572,1,1
49469,831746200,38.93927,-76.76745,1,1
50993,25823791,38.92437,-76.76048,1,1
53326,322684729,38.92923,-76.73456,1,1
53769,25823801,38.93085,-76.76139,1,1
54623,25826644,38.92576,-76.73295,1,1
54627,1069847266,38.92674,-76.73311,1,1
54629,1046215144,38.92663,-76.73307,1,1
54630,1069847267,38.92582,-76.73364,1,1
55897,215047778,38.94617,-76.7339,1,1
56178,25827510,38.94749,-76.73732,1,1
57790,805712116,38.94517,-76.77036,0,0
57791,805712117,38.94533,-76.77107,0,0
57880,25824349,38.92528,-76.74302,1,1
57886,968788724,38.91935,-76.75784,1,1
57899,25826789,38.91691,-76.72824,1,1
57906,25826539,38.92606,-76.73633,1,1
57907,848135210,38.90901,-76.75693,1,1
57909,968788710,38.91204,-76.75559,1,1
58190,805711643,38.94533,-76.7683,0,0
59079,848134943,38.92571,-76.74045,1,1
59080,25824353,38.92549,-76.7412,1,1
60604,970876904,38.90879,-76.75708,1,1
60605,25823887,38.90847,-76.75728,1,1
60621,871236999,38.91281,-76.7553,1,1
60899,848134215,38.93122,-76.73402,1,1
60902,322684741,38.93106,-76.73413,1,1
61209,1046285392,38.94201,-76.72622,1,1
61210,25827653,38.94057,-76.72735,1,1
61218,322684749,38.94068,-76.7275,1,1
62071,990200406,38.92083,-76.7585,1,1
62072,970937348,38.92049,-76.75835,1,1
62259,968795462,38.92506,-76.72731,1,1
62260,25826668,38.92591,-76.72934,1,1
62261,25826654,38.92595,-76.73149,1,1
62264,25826916,38.92524,-76.72769,1,1
62308,1046215138,38.92589,-76.73188,1,1
62309,968788722,38.9241,-76.73275,1,1
62310,1046215139,38.92583,-76.73223,1,1
62311,1046215140,38.92526,-76.73298,1,1
62312,1046215142,38.92815,-76.73402,1,1
62313,1046215141,38.92584,-76.73393,1,1
62314,1046215143,38.92794,-76.73387,1,1
62315,322684723,38.92752,-76.73357,1,1
62332,1046215147,38.92706,-76.73314,1,1
62333,1046215146,38.92686,-76.73305,1,1
62334,1046215148,38.92876,-76.73424,1,1
62335,25826675,38.92757,-76.73346,1,1
62338,1046215145,38.92638,-76.73302,1,1
63546,1046957058,38.9052,-76.75864,1,1
63548,1046957059,38.9049,-76.75866,1,1
63549,1046957057,38.90354,-76.7584,1,1
63550,1046957060,38.9041,-76.75859,1,1
64149,1002614405,38.93413,-76.73213,1,1
64151,322684743,38.93392,-76.73226,1,1
64153,25827452,38.93387,-76.73213,1,1
65503,25827463,38.93574,-76.73117,1,1
65504,1002614976,38.93634,-76.73119,1,1
65505,322684744,38.93578,-76.73137,1,1
65506,1002614975,38.9363,-76.73098,1,1
66283,25823790,38.92507,-76.76103,1,1
67192,25823778,38.92551,-76.77269,1,1
67353,215047779,38.94633,-76.73383,1,1
67960,25827506,38.94779,-76.73835,1,1
68275,848136311,38.91939,-76.73039,1,1
69840,1002613249,38.94615,-76.72587,1,1
69843,1002613250,38.94601,-76.726,1,1
70059,25826792,38.91657,-76.72792,1,1
70060,848136341,38.9168,-76.72814,1,1
70252,25826685,38.93069,-76.73419,1,1
73916,25824209,38.9255,-76.75219,1,1
73917,848135910,38.92606,-76.75344,1,1
73918,848135911,38.92619,-76.75454,1,1
75684,976871037,38.94681,-76.77078,1,1
76881,990218425,38.92466,-76.76867,1,1
76883,831686068,38.92454,-76.76781,1,1
77198,25823753,38.92735,-76.77827,1,1
77200,886153364,38.92736,-76.7785,1,1
77283,322684508,38.91241,-76.75544,1,1
77339,871237013,38.9219,-76.75897,1,1
77340,287184546,38.91971,-76.758,1,1
77502,25827558,38.94583,-76.72983,1,1
78130,25824530,38.93575,-76.7644,1,1
78180,25827509,38.94733,-76.73745,1,1
85226,1002616826,38.92583,-76.72905,1,1
85227,968795459,38.92565,-76.72856,1,1
85451,25826491,38.91949,-76.73044,1,1
85454,1002616800,38.92467,-76.72631,1,1
85457,1002616795,38.9201,-76.73076,1,1
125521,968788720,38.92547,-76.74576,1,1
125522,848135909,38.9262,-76.75485,1,1
138905,25827774,38.94619,-76.72769,1,1
143903,25824105,38.90294,-76.7427,1,1
144113,25826519,38.92621,-76.73803,1,1
161912,25823752,38.92737,-76.779,1,1
178196,968795458,38.92604,-76.73068,1,1
185779,25827772,38.94602,-76.72765,1,1
