637,886976281,38.92858,-77.01808,1,1
639,25703362,38.92833,-77.01808,1,1
641,886976279,38.92864,-77.01814,1,1
642,25703347,38.92813,-77.01885,1,1
744,25703221,38.9138,-77.01613,1,1
745,839127464,38.91395,-77.01647,1,1
746,25703212,38.91382,-77.0178,1,1
747,839127468,38.91406,-77.01714,1,1
748,25703220,38.91414,-77.01691,1,1
749,839127467,38.91436,-77.01627,1,1
750,25703217,38.91408,-77.01677,1,1
751,839127466,38.91425,-77.01623,1,1
752,25703211,38.91373,-77.01777,1,1
753,839127465,38.91387,-77.01737,1,1
1465,25705107,38.94263,-77.01949,1,1
1726,810460714,38.93686,-77.02396,1,1
1727,810460711,38.93681,-77.02437,1,1
1728,215034858,38.9364,-77.0243,1,1
1730,810460713,38.93684,-77.02388,1,1
1731,25704922,38.93629,-77.02428,1,1
1732,810460712,38.93708,-77.02441,1,1
1811,25703266,38.92783,-77.02605,1,1
2232,810315016,38.94354,-77.06952,1,1
2233,25685296,38.94316,-77.06932,1,1
2234,810315015,38.94244,-77.06898,1,1
2235,25685294,38.94221,-77.06888,1,1
2313,190286662,38.90384,-77.06925,0,0
2315,818182189,38.9041,-77.06913,0,0
2382,25686751,38.91277,-77.06618,1,1
2383,1059544491,38.91308,-77.06634,1,1
2502,808039404,38.90527,-77.0494,1,1
2503,25686653,38.90526,-77.05011,1,1
2508,25687867,38.91011,-77.04396,1,1
2755,322677672,38.91701,-77.02189,1,1
2756,947196487,38.91737,-77.0219,1,1
2813,813198550,38.90322,-77.05687,0,0
2870,811083856,38.94316,-77.06423,1,1
2871,336677837,38.94315,-77.06301,1,1
2872,25688891,38.94316,-77.06489,1,1
3033,811083848,38.92723,-77.06287,1,1
3034,287990342,38.92698,-77.06254,1,1
3127,816510528,38.91652,-77.06838,1,1
3128,25683480,38.91576,-77.06779,1,1
3520,810836296,38.9423,-77.01983,1,1
3521,25705103,38.94204,-77.02002,1,1
3566,25688770,38.93911,-77.06678,1,1
3567,886261341,38.93918,-77.06687,1,1
3652,808031968,38.91756,-77.04573,1,1
3653,25688281,38.91697,-77.04612,1,1
3707,917885936,38.92849,-77.01809,1,1
3708,886976282,38.92841,-77.01809,1,1
3709,917885935,38.92851,-77.01825,1,1
3710,886976280,38.92842,-77.01834,1,1
3736,874855293,38.92325,-77.04429,1,1
3737,25688371,38.92325,-77.04467,1,1
4275,808032614,38.90342,-77.06932,0,0
4278,26999944,38.90415,-77.06896,1,1
4398,25686527,38.90525,-77.05572,1,1
4399,886265267,38.9062,-77.05521,1,1
4608,25686671,38.90391,-77.04882,1,1
4609,1062331159,38.90433,-77.04882,1,1
4611,1062331160,38.90423,-77.04851,1,1
5175,839124401,38.91739,-77.03453,1,1
5176,25688581,38.917,-77.03453,1,1
5177,839124400,38.91658,-77.03453,1,1
5178,25688579,38.91629,-77.03453,1,1
5248,1002507899,38.93726,-77.04786,1,1
5249,920434738,38.93611,-77.04762,1,1
5250,25689256,38.93964,-77.05151,1,1
5251,1002507896,38.93974,-77.05168,1,1
5252,25689436,38.94421,-77.04969,1,1
5253,1002507895,38.94427,-77.0499,1,1
5327,25690208,38.93165,-77.03645,1,1
5328,839124707,38.93203,-77.03645,1,1
5329,957837180,38.94376,-77.02599,1,1
5330,957483857,38.94323,-77.02586,1,1
5677,947424490,38.94365,-77.01943,1,1
5678,25705121,38.94359,-77.01888,1,1
5679,25705118,38.94361,-77.01956,1,1
5680,947424488,38.94364,-77.01905,1,1
5724,25688152,38.90484,-77.02962,1,1
5725,813056442,38.90538,-77.03151,1,1
5728,813056441,38.9056,-77.03139,1,1
5729,90694219,38.90507,-77.03061,1,1
5894,813056001,38.905,-77.03219,1,1
5895,25688087,38.90487,-77.03244,1,1
5896,813056003,38.90522,-77.03187,1,1
5897,25688093,38.90502,-77.03202,1,1
5898,813056002,38.90514,-77.03229,1,1
5900,813056004,38.90532,-77.03197,1,1
5938,25688127,38.90595,-77.03221,1,1
5939,813056272,38.90614,-77.03199,1,1
5940,25688135,38.90631,-77.03193,1,1
5941,813056273,38.90634,-77.03165,1,1
5942,25688132,38.9059,-77.0316,1,1
5943,813056274,38.90615,-77.03162,1,1
6069,813056153,38.90574,-77.03254,1,1
6070,25688091,38.90565,-77.03241,1,1
6071,813056154,38.90584,-77.03233,1,1
6072,813056152,38.90565,-77.03255,1,1
6073,90692737,38.90565,-77.03295,1,1
6074,810717565,38.90589,-77.0323,1,1
6075,813056155,38.90594,-77.03243,1,1
6255,947711972,38.92188,-77.0725,1,1
6425,813057589,38.92326,-77.04742,1,1
6426,25687537,38.92325,-77.04732,1,1
6479,813057593,38.91261,-77.05096,1,1
6481,25687331,38.91245,-77.05065,1,1
6482,813057592,38.91251,-77.05098,1,1
6487,813057596,38.92051,-77.04397,1,1
6488,25688296,38.91966,-77.0444,1,1
6489,813057602,38.92005,-77.04418,1,1
6493,813057613,38.92338,-77.04922,1,1
6494,813057612,38.92187,-77.05055,1,1
6826,813056890,38.90294,-77.02271,1,1
6827,813056891,38.90294,-77.02316,1,1
6828,25702658,38.90294,-77.02367,1,1
6965,25686896,38.91625,-77.05842,1,1
6968,813057122,38.91735,-77.05823,1,1
6971,25687478,38.92192,-77.05127,1,1
6972,813057123,38.92209,-77.05135,1,1
7099,25688129,38.90597,-77.0321,1,1
7100,813056762,38.90532,-77.03193,1,1
7102,25688097,38.9054,-77.03162,1,1
7104,813056764,38.90574,-77.03239,1,1
7439,892263222,38.92796,-77.02471,1,1
7440,947710183,38.92806,-77.02361,1,1
7441,25686630,38.90294,-77.05056,1,1
7926,25688131,38.90597,-77.03181,1,1
8471,25688689,38.9272,-77.03647,1,1
8782,947193478,38.92993,-77.0168,1,1
8783,25703407,38.92978,-77.01693,1,1
8784,25703403,38.92975,-77.0171,1,1
8785,947193479,38.92997,-77.01692,1,1
9157,25705045,38.94398,-77.02604,1,1
9160,25704923,38.93203,-77.02366,1,1
9164,25685216,38.9335,-77.06863,1,1
9190,807941489,38.9261,-77.03716,1,1
9198,807941488,38.91677,-77.02189,1,1
9199,336677547,38.91654,-77.02189,1,1
9580,25687490,38.9211,-77.0501,1,1
9581,825387319,38.92124,-77.05018,1,1
9582,825387320,38.91994,-77.05268,1,1
9583,25687256,38.9188,-77.05524,1,1
9646,25683062,38.90511,-77.0716,1,1
9649,25688211,38.90973,-77.02893,1,1
9650,808042957,38.90993,-77.02868,1,1
9651,25688188,38.90858,-77.02961,1,1
9652,808042958,38.90892,-77.02954,1,1
9821,25689135,38.93313,-77.05015,1,1
9864,810400483,38.90303,-77.03195,1,1
9886,25688562,38.91483,-77.03454,1,1
9887,968971749,38.91507,-77.03454,1,1
9888,25688113,38.90724,-77.03457,1,1
9889,968971746,38.90833,-77.03457,1,1
9890,25688114,38.90793,-77.03457,1,1
9891,968971747,38.90765,-77.03457,1,1
9894,968971753,38.9106,-77.03456,1,1
9895,25688120,38.91039,-77.03456,1,1
9896,968971752,38.91599,-77.03453,1,1
9897,968971751,38.91611,-77.03453,1,1
9898,25688563,38.91557,-77.03454,1,1
9899,968971750,38.91208,-77.03455,1,1
9900,25688555,38.91187,-77.03455,1,1
9913,25688119,38.90965,-77.03456,1,1
9914,968971755,38.90985,-77.03456,1,1
10113,806582876,38.91909,-77.02089,1,1
10114,25703178,38.91905,-77.02123,1,1
10127,890517752,38.9335,-77.06664,1,1
10128,890517161,38.9335,-77.06732,1,1
10160,25703370,38.92795,-77.01779,1,1
10161,25703342,38.92799,-77.01878,1,1
10300,25687420,38.92328,-77.0561,1,1
10301,821506890,38.92336,-77.05464,1,1
10462,813344213,38.90775,-77.03507,1,1
10465,25688109,38.90764,-77.0354,1,1
11373,25689414,38.94311,-77.04981,1,1
11374,968762544,38.9432,-77.04962,1,1
11400,25688204,38.91017,-77.02936,1,1
11506,813056765,38.90555,-77.03152,1,1
11519,810816225,38.90519,-77.06227,1,1
11520,25685926,38.90518,-77.06281,1,1
11618,813119913,38.90982,-77.02898,1,1
11619,813121163,38.90987,-77.029,1,1
11620,25688196,38.90913,-77.02933,1,1
11621,813121165,38.90958,-77.02893,1,1
11677,25688185,38.90965,-77.03034,1,1
11678,813121160,38.90973,-77.03032,1,1
11679,25688200,38.9102,-77.02981,1,1
12455,817228281,38.92337,-77.04909,1,1
12456,25687528,38.92332,-77.04839,1,1
12457,817228282,38.92334,-77.04861,1,1
12489,817228278,38.90386,-77.05658,1,1
12490,25686498,38.90365,-77.05661,1,1
12754,813120193,38.91017,-77.02988,1,1
12755,812154286,38.91002,-77.03016,1,1
12861,1005548842,38.90525,-77.05725,1,1
12862,287990256,38.90525,-77.05758,1,1
13061,25702666,38.90564,-77.02191,1,1
13062,801872859,38.90653,-77.02191,1,1
13364,976863991,38.93872,-77.06651,1,1
13365,25688761,38.93861,-77.06645,1,1
13655,957365186,38.94621,-77.03646,1,1
13656,25690350,38.94612,-77.03638,1,1
13657,957365187,38.94618,-77.03638,1,1
13658,25690349,38.94612,-77.03646,1,1
13661,25690348,38.94507,-77.03638,1,1
13662,957365182,38.94589,-77.03638,1,1
13680,957365172,38.94279,-77.0364,1,1
13681,810723831,38.9426,-77.0364,1,1
13688,25690342,38.94293,-77.0364,1,1
13689,957365169,38.94299,-77.0364,1,1
13937,25686713,38.90964,-77.05041,1,1
13938,25686706,38.9106,-77.05078,1,1
13939,287990367,38.92048,-77.05168,1,1
14073,839277772,38.90307,-77.02137,1,1
14077,839277770,38.90317,-77.0199,1,1
14079,839277771,38.90288,-77.0199,1,1
14080,25702662,38.90294,-77.0219,1,1
14081,839277769,38.90344,-77.02032,1,1
14132,25686939,38.91758,-77.05807,1,1
14474,957487383,38.93399,-77.02394,1,1
14475,25704900,38.93379,-77.02392,1,1
14491,25690210,38.9326,-77.03646,1,1
14503,25703274,38.92762,-77.02302,1,1
14504,957487375,38.92774,-77.02305,1,1
14564,25686695,38.91062,-77.05179,1,1
14565,813116507,38.91071,-77.05138,1,1
14757,807842203,38.90339,-77.04932,1,1
14758,25686648,38.90287,-77.04958,1,1
14960,287990575,38.91987,-77.02962,1,1
14961,807841596,38.92016,-77.02964,1,1
14996,25688800,38.9335,-77.06088,1,1
14997,25688825,38.93349,-77.05731,1,1
15064,25688585,38.92096,-77.03649,1,1
15065,813117447,38.92156,-77.03649,1,1
15780,890532775,38.93335,-77.05059,1,1
15781,890517281,38.93318,-77.05024,1,1
15835,837087275,38.93387,-77.07241,1,1
15836,25685166,38.93348,-77.07241,1,1
15837,837087276,38.93304,-77.07246,1,1
15838,25685165,38.93255,-77.07252,1,1
15879,810894143,38.90448,-77.01582,0,0
15884,25702715,38.90422,-77.01807,1,1
15885,810894142,38.90436,-77.01767,1,1
16012,946383116,38.94053,-77.065,1,1
16219,25687483,38.92354,-77.05152,1,1
16220,25687453,38.92482,-77.05224,1,1
16223,875375929,38.92466,-77.0525,1,1
16225,875375928,38.92446,-77.05204,1,1
16226,875375930,38.92523,-77.05249,1,1
16360,25686672,38.90527,-77.04881,1,1
16361,956108701,38.9062,-77.04881,1,1
16391,957483848,38.92457,-77.02258,1,1
16392,25703251,38.92418,-77.02252,1,1
16405,957483855,38.9318,-77.03684,1,1
16412,957483856,38.9348,-77.02405,1,1
16413,25704910,38.93451,-77.02401,1,1
16414,25705044,38.94292,-77.02578,1,1
16417,947710177,38.92855,-77.02315,1,1
16418,957483861,38.92885,-77.0232,1,1
16424,957295267,38.92278,-77.02232,1,1
16425,957483867,38.9231,-77.02237,1,1
16450,813119686,38.9103,-77.02971,1,1
16452,813119685,38.9103,-77.02952,1,1
16455,813119689,38.90912,-77.02962,1,1
16457,25688181,38.90859,-77.03025,1,1
16458,813119691,38.90906,-77.03004,1,1
16459,813119692,38.90999,-77.02876,1,1
16460,25688213,38.90998,-77.02887,1,1
16483,889474166,38.92986,-77.05519,1,1
16486,25687459,38.92909,-77.05476,1,1
16490,886284435,38.90545,-77.03137,1,1
16627,25688795,38.94057,-77.06431,1,1
16628,946383286,38.94095,-77.0628,1,1
16629,946383290,38.94084,-77.06277,1,1
16812,25705034,38.93996,-77.01726,1,1
16813,1059549307,38.94029,-77.01746,1,1
16814,287990675,38.93235,-77.04192,1,1
16815,1059549304,38.93259,-77.04387,1,1
17007,25688583,38.91915,-77.03649,1,1
17008,813118322,38.91937,-77.03649,1,1
17009,813118316,38.91942,-77.03649,1,1
17010,813118310,38.92303,-77.03649,1,1
17011,25688660,38.92279,-77.03648,1,1
17112,886285724,38.91376,-77.05514,1,1
17113,25687196,38.91364,-77.05501,1,1
17117,25687211,38.91292,-77.05362,1,1
17118,886285725,38.91354,-77.05489,1,1
18053,853940499,38.91187,-77.04488,1,1
18054,25688232,38.91114,-77.04446,1,1
18275,971219729,38.92882,-77.04264,1,1
18323,25704950,38.93974,-77.02494,1,1
18324,957379937,38.93984,-77.02497,1,1
18325,957379932,38.94261,-77.01917,1,1
18326,957379931,38.94328,-77.01991,1,1
18327,25705109,38.94261,-77.01921,1,1
18328,25705114,38.9431,-77.01993,1,1
18329,957379933,38.9326,-77.02374,1,1
18601,810752682,38.92212,-77.07265,1,1
18713,25688726,38.92967,-77.0297,1,1
18714,976945311,38.93024,-77.02971,1,1
19161,25703276,38.92812,-77.02309,1,1
19162,25703275,38.9279,-77.02306,1,1
19246,25685901,38.90513,-77.06503,1,1
19247,931775199,38.90514,-77.06447,1,1
19393,25688274,38.91589,-77.04344,1,1
19394,975129529,38.91668,-77.04189,1,1
19406,1073732039,38.9335,-77.06192,1,1
19407,25688744,38.9335,-77.06523,1,1
19504,839002667,38.917,-77.0371,1,1
19505,837136759,38.917,-77.038,1,1
19506,839002666,38.91746,-77.0365,1,1
19507,25688576,38.917,-77.03649,1,1
19707,25702665,38.90417,-77.02191,1,1
19708,837088916,38.90462,-77.02191,1,1
20084,25689217,38.93508,-77.04773,1,1
20085,920434737,38.94011,-77.05206,1,1
20275,838866254,38.9166,-77.02551,1,1
20276,25703143,38.91701,-77.02528,1,1
20277,838866256,38.91701,-77.02505,1,1
20278,838866257,38.91701,-77.02487,1,1
20279,838866255,38.91737,-77.02507,1,1
20556,25686515,38.90465,-77.05617,1,1
20806,804348834,38.917,-77.02883,1,1
20807,25688641,38.917,-77.02962,1,1
20830,25689948,38.9361,-77.04607,1,1
20831,975586212,38.93646,-77.04685,1,1
20832,975586211,38.93766,-77.04918,1,1
21060,839851193,38.90479,-77.0199,1,1
21061,25702701,38.90417,-77.0199,1,1
21558,25703167,38.91953,-77.02507,1,1
21559,969002795,38.91966,-77.02518,1,1
21561,25703201,38.915,-77.01893,1,1
21562,969002798,38.91503,-77.01901,1,1
21563,969002797,38.91473,-77.01829,1,1
21564,25703210,38.91465,-77.01811,1,1
21565,969002799,38.9155,-77.02009,1,1
21566,25703195,38.91546,-77.02001,1,1
21576,969002803,38.9135,-77.01541,1,1
21577,25703416,38.9134,-77.01518,1,1
21608,25703171,38.91671,-77.02294,1,1
21609,969002789,38.91675,-77.02304,1,1
21610,25703173,38.91626,-77.02189,1,1
21611,969002788,38.91643,-77.02189,1,1
21613,969002787,38.91644,-77.0223,1,1
21614,25703194,38.91574,-77.02066,1,1
21615,969002792,38.91594,-77.02114,1,1
21775,809958003,38.90916,-77.04317,1,1
21776,809958005,38.90969,-77.04416,1,1
21777,236496559,38.90921,-77.04385,1,1
21824,25690367,38.9472,-77.03638,1,1
21834,25686447,38.90311,-77.0567,1,1
22489,25687444,38.92348,-77.05259,1,1
22490,890396176,38.92443,-77.0526,1,1
22835,25688306,38.91187,-77.04135,1,1
22915,25704945,38.93759,-77.02449,1,1
22945,215040158,38.90723,-77.0361,1,1
23142,25703246,38.92489,-77.0256,1,1
23207,25703242,38.92036,-77.01802,1,1
23348,25688235,38.91261,-77.04526,1,1
23427,25705042,38.94232,-77.02562,1,1
23461,25703127,38.91239,-77.02192,1,1
23466,25703419,38.91369,-77.01586,1,1
23609,25704983,38.93351,-77.01899,1,1
23624,25705031,38.9389,-77.01623,1,1
23625,25690315,38.93276,-77.02677,1,1
23629,25686736,38.90724,-77.04881,1,1
23703,336677808,38.92971,-77.06609,1,1
23743,25685245,38.94045,-77.06767,1,1
23807,25688742,38.9335,-77.06638,1,1
23810,25703184,38.91112,-77.01892,1,1
23815,25688614,38.91557,-77.02962,1,1
23825,25688307,38.91261,-77.04066,1,1
23874,287993331,38.91684,-77.04649,1,1
23885,336677628,38.91169,-77.05065,1,1
23918,25688724,38.92863,-77.02971,1,1
23972,25687399,38.91774,-77.04723,1,1
23981,25689026,38.93445,-77.05241,1,1
24010,25685946,38.90786,-77.06358,1,1
24138,25688639,38.91599,-77.02962,1,1
24155,25703187,38.913,-77.0199,1,1
24190,816404230,38.90297,-77.04974,1,1
24196,25686074,38.90506,-77.05739,1,1
24250,25702646,38.90294,-77.02402,1,1
24270,25703126,38.91227,-77.02192,1,1
24355,25688900,38.94546,-77.06425,1,1
24392,25703386,38.92754,-77.01675,1,1
24515,25688611,38.91335,-77.02962,1,1
24518,25688608,38.91113,-77.02962,1,1
24539,25685209,38.9335,-77.07087,1,1
24542,950018116,38.90618,-77.05011,1,1
24560,25687349,38.91166,-77.04861,1,1
24610,25704905,38.93523,-77.02588,1,1
24732,19436633,38.93288,-77.02677,1,1
24769,25689957,38.93271,-77.04419,1,1
24809,25686983,38.92441,-77.06711,1,1
24834,25689021,38.93468,-77.05297,1,1
24839,25686651,38.90526,-77.05141,1,1
24938,25703414,38.91112,-77.01518,1,1
25034,25702705,38.90392,-77.01893,1,1
25038,25703259,38.92684,-77.02598,1,1
25150,25703177,38.91899,-77.0219,1,1
25220,25686744,38.90963,-77.0488,1,1
25233,25688711,38.93023,-77.03275,1,1
25301,25687319,38.91108,-77.05067,1,1
25309,25703150,38.91807,-77.0246,1,1
25326,25705017,38.93738,-77.01904,1,1
25335,287990278,38.91645,-77.04654,1,1
25423,25687909,38.90473,-77.04059,1,1
25459,25705131,38.94317,-77.01856,1,1
25515,25690002,38.94144,-77.04361,1,1
25595,25688554,38.91113,-77.03456,1,1
25617,25687890,38.90903,-77.04168,1,1
25623,25687097,38.92321,-77.05765,1,1
25636,25687072,38.926,-77.06131,1,1
25663,25687859,38.90901,-77.04308,1,1
25664,824600536,38.90909,-77.04313,1,1
25684,25688218,38.91015,-77.02807,1,1
25688,25703272,38.92723,-77.02296,1,1
25759,25686733,38.90984,-77.04929,1,1
25780,287990280,38.91726,-77.04698,1,1
25784,287996207,38.90504,-77.07062,1,1
25807,25688686,38.92629,-77.03645,1,1
25854,25702708,38.90564,-77.0199,1,1
25865,25688312,38.91113,-77.03849,1,1
25988,816402923,38.9092,-77.04307,1,1
26035,25687864,38.9099,-77.04417,1,1
26036,816402876,38.91007,-77.04386,1,1
26037,809958004,38.90916,-77.04317,1,1
26038,816402882,38.91006,-77.04368,1,1
26039,816402880,38.90978,-77.04352,1,1
26040,816402881,38.90953,-77.04338,1,1
26041,816402883,38.90925,-77.04322,1,1
26090,945667523,38.917,-77.03902,1,1
26217,922700508,38.91394,-77.04667,1,1
26218,25687370,38.91363,-77.04695,1,1
26374,25687075,38.92555,-77.0607,1,1
26424,25688278,38.91602,-77.04635,1,1
26435,25690396,38.94187,-77.0297,1,1
26514,287996199,38.90864,-77.04057,1,1
26539,25688320,38.91493,-77.03848,1,1
26620,25683120,38.90393,-77.06781,0,0
26633,25690368,38.9473,-77.03645,1,1
26669,950075701,38.9032,-77.03969,1,1
26728,25686104,38.9085,-77.05816,1,1
26830,25688723,38.92764,-77.02971,1,1
26853,25687908,38.90566,-77.04113,1,1
26879,25687937,38.90695,-77.03741,1,1
26960,25702987,38.90521,-77.01522,0,0
27025,287187785,38.90494,-77.07041,1,1
27076,25687318,38.91085,-77.05106,1,1
27088,25690302,38.93628,-77.02973,1,1
27123,25688264,38.91261,-77.04166,1,1
27166,25688106,38.90726,-77.0361,1,1
27403,25703247,38.92587,-77.02583,1,1
27456,25688696,38.92921,-77.03647,1,1
27464,25688343,38.91853,-77.03845,1,1
27475,25688693,38.92867,-77.0362,1,1
27476,1073717157,38.92865,-77.03548,1,1
27479,1073717154,38.93028,-77.03644,1,1
27481,1073717150,38.93002,-77.03645,1,1
27532,25688722,38.92674,-77.02972,1,1
27638,25704948,38.93868,-77.02468,1,1
27736,25688224,38.91067,-77.02657,1,1
27740,25703166,38.91918,-77.02486,1,1
27892,25703183,38.91112,-77.0199,1,1
27916,25702700,38.90358,-77.01991,1,1
27937,25688240,38.91408,-77.04609,1,1
28031,25686740,38.90585,-77.047,1,1
28035,25686757,38.91373,-77.06668,1,1
28072,25688858,38.94103,-77.06169,1,1
28214,25688640,38.91629,-77.02962,1,1
28215,25689947,38.93528,-77.04558,1,1
28216,917880194,38.93573,-77.04582,1,1
28234,25688175,38.90395,-77.02705,1,1
28270,25683113,38.90504,-77.06895,0,0
28286,25689112,38.93347,-77.05083,1,1
28367,25688739,38.93078,-77.02649,1,1
28457,25687840,38.90772,-77.04222,1,1
28459,25689023,38.9343,-77.05255,1,1
28502,25688260,38.91114,-77.04205,1,1
28506,25704956,38.93662,-77.02308,1,1
28522,25688712,38.92243,-77.0297,1,1
28706,25689152,38.93394,-77.05164,1,1
28721,25683115,38.90476,-77.06867,1,1
28726,25688191,38.90926,-77.03015,1,1
28756,25688323,38.91702,-77.04121,1,1
28853,25689431,38.94472,-77.05033,1,1
28855,25688670,38.92573,-77.03646,1,1
28864,25688647,38.92066,-77.02883,1,1
28974,25688223,38.91062,-77.02704,1,1
29004,25689149,38.9339,-77.0518,1,1
29137,25703102,38.91098,-77.02597,1,1
29244,25688646,38.92108,-77.0297,1,1
29273,25704972,38.93999,-77.02152,1,1
29312,25703244,38.92391,-77.02554,1,1
29313,25688105,38.90746,-77.0363,1,1
29370,25688300,38.9168,-77.04165,1,1
29561,287990287,38.94159,-77.06202,1,1
29808,25688248,38.91512,-77.04489,1,1
29860,25689164,38.9341,-77.05018,1,1
29900,25688980,38.93307,-77.05706,1,1
29921,25687893,38.90965,-77.04265,1,1
30018,287990545,38.94033,-77.02971,1,1
30045,25690310,38.93174,-77.02671,1,1
30066,25688258,38.91261,-77.04343,1,1
30095,25688537,38.92626,-77.03692,1,1
30109,25688104,38.90703,-77.03632,1,1
30134,25687464,38.92809,-77.05417,1,1
30152,25686934,38.91778,-77.05833,1,1
30206,25685291,38.94628,-77.07173,1,1
30216,25704909,38.93418,-77.02396,1,1
30221,25688692,38.92869,-77.03648,1,1
30241,25688183,38.90943,-77.03028,1,1
30305,25688599,38.917,-77.03324,1,1
30359,25687879,38.91014,-77.04298,1,1
30360,25688295,38.91904,-77.04479,1,1
30419,25688397,38.92267,-77.04265,1,1
30424,25688898,38.94205,-77.06229,1,1
30489,25688237,38.91261,-77.04505,1,1
30520,25686949,38.9186,-77.05948,1,1
30636,25687317,38.91085,-77.05106,1,1
30746,25688393,38.92231,-77.04316,1,1
30783,25683090,38.90365,-77.06921,0,0
30897,25703158,38.92052,-77.02599,1,1
30924,19463292,38.90726,-77.03695,1,1
30998,25687872,38.91028,-77.04396,1,1
31065,25686708,38.90939,-77.05058,1,1
31078,25703261,38.92636,-77.02582,1,1
31121,25688738,38.93077,-77.02656,1,1
31123,25688316,38.91113,-77.0372,1,1
31172,25688862,38.93677,-77.05866,1,1
31502,25687945,38.90747,-77.03669,1,1
31525,25690314,38.93277,-77.02688,1,1
31529,287197561,38.91671,-77.04627,1,1
31536,25688203,38.91001,-77.0291,1,1
31821,25703351,38.92937,-77.01958,1,1
31836,25686525,38.90375,-77.05474,1,1
31938,25690070,38.94262,-77.04663,1,1
32000,25704984,38.93398,-77.0208,1,1
32028,25704955,38.93764,-77.02328,1,1
32043,25688302,38.92057,-77.04394,1,1
32051,25687406,38.91863,-77.04799,1,1
32093,25688400,38.92306,-77.04209,1,1
32107,25688329,38.91822,-77.03963,1,1
32124,25705106,38.94274,-77.01975,1,1
32127,25687819,38.90807,-77.04491,1,1
32189,25687936,38.90686,-77.03766,1,1
32227,25705030,38.93868,-77.01646,1,1
32327,25688219,38.91024,-77.02807,1,1
32333,287990288,38.94256,-77.06259,1,1
32354,25688327,38.91782,-77.04041,1,1
32411,25688103,38.90684,-77.0354,1,1
32448,25704980,38.93327,-77.02061,1,1
32563,25702721,38.90724,-77.0199,1,1
32583,25686743,38.90856,-77.0488,1,1
32601,287197835,38.9104,-77.02914,1,1
32646,25704916,38.93577,-77.0242,1,1
32647,25703262,38.92685,-77.02589,1,1
32650,25688876,38.94102,-77.05864,1,1
32660,25688857,38.94089,-77.06161,1,1
32667,25703421,38.91442,-77.01574,1,1
32681,25688615,38.91113,-77.02875,1,1
32696,25690265,38.93899,-77.03644,1,1
32709,25703181,38.91112,-77.02092,1,1
32778,25703179,38.91999,-77.02192,1,1
32934,25688236,38.91231,-77.04487,1,1
32963,287187485,38.91557,-77.06768,1,1
33031,25687223,38.9133,-77.05222,1,1
33055,25687038,38.92903,-77.06525,1,1
33063,931024994,38.91904,-77.02132,1,1
33066,931024992,38.91867,-77.0219,1,1
33067,25703174,38.91776,-77.0219,1,1
33366,25685945,38.90761,-77.06346,1,1
33423,25703271,38.92676,-77.0229,1,1
33502,25689199,38.93411,-77.04866,1,1
33507,25703122,38.91191,-77.02294,1,1
33530,25686673,38.90531,-77.04748,1,1
33589,25688621,38.91302,-77.02765,1,1
33616,25687944,38.90704,-77.03674,1,1
33625,25704976,38.93253,-77.02041,1,1
33771,25683475,38.91271,-77.0679,1,1
33777,25687361,38.91331,-77.04712,1,1
33817,25703163,38.92067,-77.02526,1,1
33840,25703253,38.92516,-77.02266,1,1
33857,25705033,38.9395,-77.01698,1,1
33859,25703155,38.91827,-77.02433,1,1
33866,25704899,38.93363,-77.02389,1,1
34054,25688610,38.91261,-77.02962,1,1
34064,25702690,38.90857,-77.02191,1,1
34144,25687815,38.90724,-77.04568,1,1
34171,25687852,38.90903,-77.04345,1,1
34194,25687475,38.92143,-77.05119,1,1
34263,25688759,38.93734,-77.06638,1,1
34334,25685953,38.91043,-77.06429,1,1
34373,25703235,38.91925,-77.01909,1,1
34382,25683077,38.90504,-77.07054,1,1
34399,25688538,38.92645,-77.03663,1,1
34559,968691640,38.94188,-77.02654,1,1
34564,968691642,38.94365,-77.01884,1,1
34566,25705102,38.94203,-77.02012,1,1
34567,968691645,38.94259,-77.01974,1,1
34568,25705128,38.94208,-77.01859,1,1
34569,968691646,38.94258,-77.0189,1,1
34575,25704903,38.93508,-77.02529,1,1
34603,25703116,38.91602,-77.02584,1,1
34606,25687324,38.91185,-77.05065,1,1
34616,287196882,38.92924,-77.04367,1,1
34644,25688535,38.92881,-77.03887,1,1
34645,25688542,38.92873,-77.03734,1,1
34649,968691648,38.9296,-77.04402,1,1
34696,25683085,38.90478,-77.07015,0,0
34697,885141200,38.90481,-77.07016,1,1
34700,885141201,38.90481,-77.07014,0,0
34706,25688737,38.92983,-77.02635,1,1
34719,25685944,38.91029,-77.06487,1,1
34721,25705211,38.94,-77.01511,1,1
34725,25690328,38.9376,-77.0297,1,1
34733,25687346,38.91149,-77.04878,1,1
34772,810959834,38.9031,-77.02457,1,1
34783,25689153,38.93409,-77.05139,1,1
34916,25705137,38.9453,-77.01765,1,1
34966,801312723,38.90455,-77.01715,1,1
34990,273126439,38.90369,-77.06676,0,0
34995,25688394,38.92326,-77.04384,1,1
35009,25704962,38.93703,-77.02137,1,1
35071,25687204,38.91268,-77.0539,1,1
35143,25688695,38.92868,-77.03464,1,1
35164,25688730,38.92774,-77.02727,1,1
35226,25686737,38.9079,-77.0488,1,1
35357,25685904,38.90299,-77.06461,0,0
35440,25704971,38.93983,-77.02151,1,1
35442,25689211,38.93427,-77.04823,1,1
35558,25687503,38.92341,-77.0496,1,1
35597,25705142,38.94639,-77.01683,1,1
35610,25683068,38.90438,-77.06998,1,1
35612,849761434,38.90483,-77.07028,1,1
35613,849761435,38.90487,-77.07017,1,1
35614,849761436,38.90486,-77.07012,0,0
35617,26999945,38.90418,-77.06909,0,0
35619,808032615,38.90428,-77.0689,1,1
35652,25705041,38.94189,-77.02506,1,1
35759,25687887,38.90939,-77.04272,1,1
35971,25703385,38.92726,-77.01626,1,1
36059,25683132,38.90506,-77.06783,1,1
36194,25687911,38.90374,-77.04001,1,1
36204,25683419,38.91448,-77.07277,1,1
36223,25686551,38.90525,-77.0533,1,1
36301,25683414,38.91259,-77.07268,1,1
36349,25705027,38.93825,-77.01693,1,1
36394,25690283,38.93734,-77.03366,1,1
36400,287991526,38.91112,-77.01824,1,1
36433,25703254,38.92578,-77.02275,1,1
36472,25683114,38.90464,-77.06887,0,0
36655,25689057,38.94072,-77.05495,1,1
36702,25689210,38.93398,-77.04833,1,1
36704,25687454,38.92554,-77.05268,1,1
36747,25704964,38.93873,-77.02245,1,1
36760,25705051,38.94193,-77.02334,1,1
36808,287990576,38.91774,-77.02962,1,1
36828,25702726,38.90964,-77.0199,1,1
36905,19462754,38.91122,-77.02527,1,1
36938,25688100,38.90566,-77.03149,1,1
36987,25686683,38.909,-77.05157,1,1
37100,25687829,38.91006,-77.04466,1,1
37162,25687811,38.90566,-77.04169,1,1
37282,25703109,38.91261,-77.02397,1,1
37284,25688202,38.91007,-77.02917,1,1
37293,25688252,38.91114,-77.04343,1,1
37304,25703260,38.92635,-77.0259,1,1
37347,25703186,38.91261,-77.0199,1,1
37410,25688735,38.92882,-77.02628,1,1
37454,25690311,38.93175,-77.02664,1,1
37919,287990090,38.90504,-77.06856,1,1
37925,25703203,38.91112,-77.01683,1,1
38019,25688568,38.91261,-77.03193,1,1
38096,287607551,38.90384,-77.0674,0,0
38118,215040157,38.90722,-77.03695,1,1
38144,25688496,38.92353,-77.0414,1,1
38206,25685292,38.94478,-77.07031,1,1
38456,19463224,38.93451,-77.05296,1,1
38484,336677339,38.92321,-77.05754,1,1
38499,322678048,38.90371,-77.01991,1,1
38510,25690325,38.93562,-77.02718,1,1
38547,25688192,38.90917,-77.02993,1,1
38554,25688326,38.91759,-77.04058,1,1
38576,25690326,38.9366,-77.03088,1,1
38696,25703375,38.92817,-77.01743,1,1
38729,25688107,38.90755,-77.03565,1,1
38793,25688851,38.93849,-77.06022,1,1
38921,25687828,38.91014,-77.04489,1,1
38975,25703352,38.9303,-77.01982,1,1
38991,25690344,38.94398,-77.03639,1,1
39082,287990304,38.9413,-77.06827,1,1
39101,25686927,38.91826,-77.05897,1,1
39102,25690403,38.94507,-77.02633,1,1
39127,25704935,38.93632,-77.02126,1,1
39136,287996216,38.90504,-77.0702,1,1
39244,25683448,38.91652,-77.07286,1,1
39271,25690257,38.93675,-77.03463,1,1
39300,25690340,38.94187,-77.0364,1,1
39331,25683420,38.91538,-77.07281,1,1
39375,25683102,38.90415,-77.06896,0,0
39509,25703182,38.91261,-77.02097,1,1
39561,922628622,38.93874,-77.03644,1,1
39562,25690248,38.93822,-77.03644,1,1
39609,25703350,38.92884,-77.01944,1,1
39661,25688688,38.92675,-77.03646,1,1
39707,25688210,38.90965,-77.02893,1,1
39746,25703265,38.92783,-77.02614,1,1
39747,25687402,38.9192,-77.04902,1,1
39846,25688609,38.91188,-77.02963,1,1
39949,25688687,38.92655,-77.03645,1,1
40058,25687881,38.91028,-77.04346,1,1
40098,25688503,38.92426,-77.0403,1,1
40128,25686621,38.90298,-77.05142,1,1
40237,25703106,38.91112,-77.02397,1,1
40583,25685244,38.94083,-77.06782,1,1
40727,25687405,38.9187,-77.04822,1,1
40794,90692741,38.9058,-77.03266,1,1
40795,801657658,38.90633,-77.03388,1,1
40796,90692744,38.90583,-77.03248,1,1
41034,25689208,38.93399,-77.04847,1,1
41139,25690197,38.94736,-77.04027,1,1
41220,25703142,38.91701,-77.02538,1,1
41241,25688234,38.91114,-77.0443,1,1
41284,25690327,38.93684,-77.02971,1,1
41310,25687336,38.91244,-77.05055,1,1
41312,25685950,38.90919,-77.06428,1,1
41332,25690301,38.93636,-77.03001,1,1
41349,25685293,38.94556,-77.071,1,1
41403,25703124,38.91261,-77.02294,1,1
41637,25687823,38.91075,-77.04663,1,1
41670,25687862,38.90965,-77.04424,1,1
41704,25687807,38.90566,-77.04345,1,1
41817,25688317,38.91453,-77.03886,1,1
41822,287991338,38.9354,-77.02505,1,1
41850,25703264,38.92734,-77.02597,1,1
42071,25688177,38.90375,-77.02647,1,1
42097,25688251,38.91114,-77.04417,1,1
42121,25683526,38.91698,-77.06875,1,1
42147,287990577,38.91503,-77.02962,1,1
42164,25705040,38.94188,-77.02551,1,1
42223,25705156,38.94711,-77.01628,1,1
42276,25688239,38.91406,-77.04654,1,1
42388,25690028,38.93255,-77.03879,1,1
42407,25686072,38.90524,-77.05811,1,1
42424,25683465,38.91261,-77.07107,1,1
42561,25688392,38.9211,-77.0437,1,1
42592,25683613,38.92454,-77.06751,1,1
42599,25687927,38.90587,-77.04045,1,1
42690,25703250,38.92234,-77.02226,1,1
42739,25703280,38.93058,-77.02346,1,1
42740,957295269,38.93066,-77.02347,1,1
42775,25688714,38.92476,-77.02971,1,1
42789,25687941,38.90753,-77.03738,1,1
42801,25704970,38.93982,-77.02167,1,1
42834,25689114,38.93339,-77.05067,1,1
42962,25688225,38.91076,-77.02663,1,1
43214,25705136,38.94421,-77.01845,1,1
43344,25687838,38.90726,-77.04196,1,1
43347,25690329,38.93759,-77.02911,1,1
43575,25705039,38.94188,-77.02592,1,1
43640,322677997,38.91274,-77.06626,1,1
43683,25704989,38.93585,-77.0192,1,1
43812,25689191,38.93264,-77.04677,1,1
43888,25690295,38.9313,-77.0297,1,1
43889,25683520,38.91919,-77.0706,1,1
43890,954467902,38.91954,-77.07091,1,1
43894,25687484,38.92278,-77.05107,1,1
44001,25704924,38.9328,-77.02377,1,1
44062,287990902,38.93369,-77.03646,1,1
44197,874983586,38.90526,-77.04833,1,1
44199,874983587,38.90479,-77.04881,1,1
44265,947584820,38.92023,-77.01938,1,1
44266,947584810,38.9202,-77.01967,1,1
44273,947584811,38.92025,-77.01915,1,1
44274,25703234,38.9201,-77.02072,1,1
44277,806582874,38.9192,-77.01965,1,1
44278,947584814,38.91922,-77.01939,1,1
44676,946912837,38.91439,-77.02192,1,1
44677,25703132,38.91409,-77.02191,1,1
45091,807775972,38.91955,-77.03649,1,1
45093,807775974,38.91701,-77.04012,1,1
45094,25688616,38.91195,-77.02829,1,1
45095,807775973,38.9124,-77.02802,1,1
45969,215049904,38.90747,-77.03666,1,1
45970,215049903,38.90702,-77.03666,1,1
46490,25686758,38.9147,-77.0672,1,1
46492,957995157,38.91497,-77.06735,1,1
47340,811044013,38.91278,-77.02049,1,1
47341,25703188,38.91309,-77.0199,1,1
47342,811044014,38.9133,-77.01931,1,1
48098,810394307,38.91417,-77.02703,1,1
48099,25688633,38.9141,-77.02703,1,1
48100,810394306,38.9139,-77.02703,1,1
48103,25688632,38.91355,-77.02703,1,1
48523,810847905,38.93566,-77.05574,1,1
48524,876575732,38.9366,-77.05822,1,1
48818,287990312,38.94072,-77.0541,1,1
48819,25689088,38.9405,-77.05247,1,1
48821,1040130850,38.94087,-77.05276,1,1
49050,810723833,38.94157,-77.0364,1,1
49051,25690271,38.9408,-77.0364,1,1
49053,25690339,38.94187,-77.03647,1,1
49253,25688668,38.92476,-77.03647,1,1
49254,1039841838,38.92561,-77.03646,1,1
49255,1039841839,38.92547,-77.03646,1,1
49504,806675948,38.92685,-77.01557,1,1
49506,818275237,38.90525,-77.05581,1,1
49507,25686514,38.90526,-77.05636,1,1
50060,818275238,38.9047,-77.0563,1,1
50061,25686516,38.90465,-77.05617,1,1
50062,813198543,38.90469,-77.05684,1,1
50066,813198547,38.90415,-77.05673,1,1
50166,25688084,38.90375,-77.03307,1,1
50185,25688241,38.91438,-77.04617,1,1
50258,25686911,38.92008,-77.0615,1,1
50282,25704961,38.93873,-77.02257,1,1
50442,25704901,38.93398,-77.0261,1,1
50478,25688229,38.91261,-77.04663,1,1
50561,25686940,38.91758,-77.05807,1,1
50668,25703338,38.92856,-77.01939,1,1
50724,25688760,38.93814,-77.06638,1,1
50785,25689056,38.9406,-77.05503,1,1
50788,25703655,38.93098,-77.0159,1,1
50824,25689165,38.93399,-77.05018,1,1
50864,25687029,38.92753,-77.06639,1,1
50924,25688566,38.91113,-77.03195,1,1
51108,25687200,38.91558,-77.05536,1,1
51114,25703371,38.92846,-77.01797,1,1
51230,25690415,38.94718,-77.02678,1,1
51242,25688088,38.90513,-77.03211,1,1
51316,954478396,38.90575,-77.05011,1,1
51347,25703233,38.91912,-77.02057,1,1
51430,703917268,38.92748,-77.03321,1,1
51432,25688694,38.92736,-77.03494,1,1
51434,25703104,38.9126,-77.02599,1,1
51492,25703149,38.91811,-77.02471,1,1
51539,25704908,38.93603,-77.02518,1,1
51587,811104384,38.92753,-77.07127,1,1
51588,25683617,38.92753,-77.07168,1,1
51665,25688577,38.91811,-77.0365,1,1
51698,25686526,38.90414,-77.05475,1,1
51703,25688736,38.92982,-77.02642,1,1
51754,25686548,38.90377,-77.0537,1,1
51757,25687224,38.91409,-77.05331,1,1
51918,19462684,38.94087,-77.05769,1,1
51919,25686731,38.90964,-77.04953,1,1
51953,25705020,38.94092,-77.02095,1,1
52308,25689448,38.94332,-77.0492,1,1
52309,25705029,38.93891,-77.0166,1,1
52354,25687883,38.90898,-77.04291,1,1
52369,287990392,38.90425,-77.05011,1,1
52393,25703160,38.91987,-77.02535,1,1
52417,25687046,38.92754,-77.06328,1,1
52505,25686492,38.90349,-77.05641,1,1
52522,25704982,38.93268,-77.01878,1,1
52606,25690247,38.93787,-77.03645,1,1
52734,25688645,38.9205,-77.02968,1,1
52743,25688172,38.90413,-77.02755,1,1
52884,25703103,38.91115,-77.02515,1,1
52985,19462773,38.92888,-77.01763,1,1
53048,25688111,38.90656,-77.03456,1,1
53139,25688245,38.91589,-77.04634,1,1
53161,287196613,38.92758,-77.03139,1,1
53171,25686519,38.90457,-77.05596,1,1
53367,25703134,38.91597,-77.0212,1,1
53399,25687325,38.91269,-77.05139,1,1
53482,287990633,38.92297,-77.04222,1,1
53507,25702717,38.90488,-77.01618,0,0
53534,810847907,38.93263,-77.0476,1,1
53535,25689174,38.93262,-77.04863,1,1
53537,25704917,38.93522,-77.02412,1,1
53573,25689019,38.93495,-77.05379,1,1
53574,25688831,38.93559,-77.05849,1,1
53575,810847906,38.93634,-77.05893,1,1
53576,25688860,38.93681,-77.0592,1,1
53579,810847904,38.93751,-77.05962,1,1
53774,25688552,38.91261,-77.03652,1,1
53872,25702707,38.90408,-77.0185,1,1
53936,25690007,38.93248,-77.03989,1,1
54062,25690404,38.94613,-77.02659,1,1
54233,25703205,38.91112,-77.01617,1,1
54259,25686110,38.91054,-77.05714,1,1
54390,25688977,38.93216,-77.05654,1,1
54486,25690316,38.93345,-77.0265,1,1
54566,25703139,38.91701,-77.02596,1,1
54699,25690270,38.9408,-77.03647,1,1
54771,287990374,38.91823,-77.05698,1,1
54789,287991339,38.93428,-77.02588,1,1
54880,25688092,38.90544,-77.0323,1,1
54884,810848423,38.91743,-77.02962,1,1
54950,25690269,38.93973,-77.0364,1,1
54960,25703346,38.92856,-77.01901,1,1
55236,25688271,38.91555,-77.04407,1,1
55259,25688727,38.93069,-77.02971,1,1
55469,25687353,38.91113,-77.0477,1,1
55643,25703654,38.93088,-77.01586,1,1
55803,25686575,38.91057,-77.05496,1,1
55871,25685298,38.94403,-77.06982,1,1
55900,25688550,38.91113,-77.03652,1,1
55903,25690337,38.93974,-77.02749,1,1
55905,25688899,38.94315,-77.06292,1,1
55906,25702679,38.91086,-77.02597,1,1
55984,25688586,38.91897,-77.03465,1,1
56022,25705016,38.9367,-77.01922,1,1
56033,25686078,38.90497,-77.05706,1,1
56039,25689090,38.94045,-77.0524,1,1
56048,25686652,38.90374,-77.05011,1,1
56132,25704897,38.93368,-77.02623,1,1
56160,25689163,38.93407,-77.05041,1,1
56171,25705134,38.94211,-77.01711,1,1
56305,25703278,38.93001,-77.02338,1,1
56372,25703154,38.91775,-77.02401,1,1
56468,25687836,38.9082,-77.0426,1,1
56574,25688526,38.92882,-77.04128,1,1
56595,25688607,38.91113,-77.03089,1,1
56667,322677933,38.90475,-77.01615,0,0
56679,25704973,38.94014,-77.02152,1,1
56809,25687826,38.90857,-77.04445,1,1
56838,25687849,38.90888,-77.04315,1,1
56927,25687912,38.90565,-77.04028,1,1
56941,25703335,38.92806,-77.0193,1,1
56964,25686105,38.90933,-77.05819,1,1
57057,25688287,38.91837,-77.04522,1,1
57929,968665913,38.92513,-77.03884,1,1
57930,25688506,38.92495,-77.03915,1,1
57931,968665912,38.92585,-77.0376,1,1
57932,25688514,38.92567,-77.03791,1,1
57933,968665907,38.92345,-77.03649,1,1
57934,25688661,38.92325,-77.03649,1,1
57935,968665906,38.92442,-77.03647,1,1
57936,968665904,38.92481,-77.03938,1,1
57937,25688504,38.92437,-77.04013,1,1
58307,287988891,38.93663,-77.06639,1,1
58308,931960629,38.93688,-77.06639,1,1
58709,886981424,38.92785,-77.03646,1,1
58710,968659761,38.9284,-77.03647,1,1
58716,25688698,38.9306,-77.03644,1,1
58717,968659763,38.93121,-77.03645,1,1
58968,848134994,38.9198,-77.03316,1,1
59112,848134951,38.94171,-77.04303,1,1
59151,25688590,38.91934,-77.03425,1,1
59841,25687002,38.92141,-77.06314,1,1
59842,810740240,38.92205,-77.06335,1,1
59843,810740241,38.92407,-77.06538,1,1
59844,25686985,38.92432,-77.06637,1,1
59845,810740242,38.92437,-77.06682,1,1
59847,810740226,38.92305,-77.05253,1,1
59848,25687446,38.92286,-77.05239,1,1
59849,810740227,38.9235,-77.05223,1,1
59851,810740228,38.92343,-77.05338,1,1
60448,287990716,38.93387,-77.04561,1,1
60449,848133996,38.93454,-77.04551,1,1
60450,848133995,38.93512,-77.04549,1,1
60672,810397396,38.92786,-77.02001,1,1
60673,25703324,38.92756,-77.02041,1,1
61227,25703372,38.92846,-77.01797,1,1
61228,917877344,38.92851,-77.01825,1,1
61948,25689936,38.93353,-77.0456,1,1
61949,810843685,38.93299,-77.04492,1,1
62213,971368538,38.93581,-77.02464,1,1
62214,25704904,38.93512,-77.02515,1,1
62291,916271223,38.93953,-77.05132,1,1
62292,25689262,38.93947,-77.05123,1,1
62547,1001267022,38.92153,-77.07229,1,1
62548,25683517,38.92097,-77.07194,1,1
62637,25690341,38.94293,-77.03647,1,1
62639,25690347,38.94507,-77.03647,1,1
62641,968656813,38.94606,-77.03646,1,1
62642,968656814,38.94281,-77.03647,1,1
62643,810723830,38.94223,-77.03647,1,1
62650,968656817,38.93292,-77.03646,1,1
62653,957487380,38.93268,-77.03646,1,1
62663,25690215,38.93497,-77.03646,1,1
62832,1043746622,38.91192,-77.04998,1,1
62928,25704898,38.93302,-77.0238,1,1
62980,287991335,38.92011,-77.02524,1,1
62982,25690111,38.94508,-77.04295,1,1
62986,25690407,38.94719,-77.02971,1,1
63034,25688886,38.94316,-77.06682,1,1
63399,25687812,38.90623,-77.04664,1,1
63438,25703115,38.91558,-77.02615,1,1
63532,25703148,38.91699,-77.02396,1,1
63567,25686932,38.9177,-77.05822,1,1
63570,25687358,38.91261,-77.04755,1,1
63666,25688230,38.91113,-77.04489,1,1
63667,25703129,38.91261,-77.02126,1,1
63714,25705021,38.94092,-77.02084,1,1
63726,25688322,38.91557,-77.03788,1,1
63913,25683099,38.90407,-77.069,1,1
63919,25686752,38.91247,-77.06602,1,1
63943,25685942,38.91039,-77.06492,1,1
64144,287990595,38.91839,-77.03453,1,1
64159,25703415,38.9126,-77.01518,1,1
64161,1059568278,38.92057,-77.01582,1,1
64162,863357778,38.92049,-77.01673,1,1
64163,1059568276,38.92052,-77.01643,1,1
64265,25685877,38.90313,-77.06499,0,0
64289,25703108,38.91168,-77.02397,1,1
64460,25683473,38.91267,-77.06925,1,1
64508,25685899,38.90513,-77.0653,1,1
64620,25687935,38.90793,-77.03849,1,1
64688,25703282,38.93119,-77.02354,1,1
64737,25688242,38.91408,-77.04594,1,1
64746,25688280,38.91676,-77.04671,1,1
64808,25705015,38.93657,-77.01922,1,1
64845,287991588,38.91761,-77.02397,1,1
64885,25703399,38.93056,-77.01826,1,1
64901,25688525,38.92882,-77.04171,1,1
65067,25683125,38.90372,-77.06744,0,0
65068,25683092,38.90392,-77.06908,0,0
65154,25688118,38.90871,-77.03456,1,1
65159,25687225,38.91358,-77.05261,1,1
65169,25703263,38.92733,-77.02606,1,1
65198,25690399,38.94607,-77.0297,1,1
65290,25686487,38.90329,-77.05667,1,1
65358,25687403,38.91928,-77.04906,1,1
65497,25703125,38.91112,-77.02192,1,1
65540,25685304,38.94305,-77.06771,1,1
65541,25687328,38.91223,-77.05105,1,1
65557,25688602,38.917,-77.03195,1,1
65593,25688564,38.91261,-77.03325,1,1
65601,25703396,38.92931,-77.01796,1,1
65623,25688486,38.92969,-77.04411,1,1
65699,25683571,38.92831,-77.07274,1,1
65708,25686054,38.90522,-77.05917,1,1
65746,25685927,38.90564,-77.06282,1,1
65829,25703133,38.91557,-77.02192,1,1
65917,25703207,38.9126,-77.01617,1,1
65957,25690317,38.93339,-77.02645,1,1
65962,25704969,38.93981,-77.02178,1,1
66042,25686095,38.90685,-77.05814,1,1
66081,25688589,38.91919,-77.03439,1,1
66142,808195601,38.9118,-77.02192,1,1
66182,25687110,38.92636,-77.06177,1,1
66217,25704954,38.93764,-77.02339,1,1
66392,25687846,38.90915,-77.04391,1,1
66442,25688649,38.917,-77.02808,1,1
66462,25686938,38.91704,-77.05733,1,1
66493,25686669,38.90375,-77.04897,1,1
66499,25688328,38.91808,-77.04017,1,1
66515,25703404,38.92968,-77.01701,1,1
66644,25688901,38.94426,-77.06356,1,1
66677,25686928,38.91832,-77.05907,1,1
66678,25683620,38.92618,-77.06984,1,1
66709,25686549,38.90364,-77.0533,1,1
66824,287990249,38.91261,-77.03697,1,1
66916,25689939,38.93317,-77.04541,1,1
66917,25703248,38.92588,-77.02574,1,1
66931,25705108,38.94207,-77.01919,1,1
67154,25688179,38.90723,-77.03102,1,1
67190,25688642,38.91811,-77.02962,1,1
67247,25688226,38.91113,-77.04663,1,1
67299,25687835,38.90782,-77.04248,1,1
67402,336677797,38.91992,-77.02513,1,1
67441,25690338,38.9408,-77.02673,1,1
67449,25687460,38.93049,-77.05555,1,1
67485,25703121,38.91112,-77.02295,1,1
67532,25686697,38.91075,-77.05124,1,1
67583,25688072,38.90565,-77.03456,1,1
67625,25683621,38.92753,-77.07087,1,1
67693,215066571,38.90505,-77.06814,1,1
67753,25687352,38.91226,-77.04788,1,1
67781,25683096,38.90418,-77.06909,0,0
67816,25687851,38.90904,-77.04354,1,1
67898,26999943,38.90407,-77.069,1,1
67910,25703123,38.91203,-77.02294,1,1
67946,25685317,38.94709,-77.07235,1,1
67992,25688201,38.91049,-77.02962,1,1
68058,25688622,38.91112,-77.02704,1,1
68095,858720211,38.90646,-77.04151,1,1
68190,287988890,38.93849,-77.06642,1,1
68198,25683610,38.92527,-77.0686,1,1
68296,25688339,38.917,-77.03847,1,1
68356,848136315,38.94272,-77.04721,1,1
68397,25703164,38.92067,-77.02517,1,1
68480,25703337,38.92828,-77.01926,1,1
68549,25688238,38.9126,-77.04487,1,1
68641,25688094,38.90532,-77.03179,1,1
68713,25685955,38.91046,-77.06383,1,1
68755,25690320,38.93596,-77.02851,1,1
68758,25703128,38.91261,-77.02192,1,1
68769,25688605,38.92006,-77.03194,1,1
68814,25702647,38.90357,-77.02598,1,1
68883,25688085,38.90375,-77.03197,1,1
69070,25687028,38.92659,-77.06639,1,1
69191,25705032,38.94101,-77.01791,1,1
69212,25703113,38.91551,-77.02619,1,1
69310,25704896,38.93372,-77.0263,1,1
69349,25690285,38.9371,-77.03275,1,1
69449,25686094,38.90608,-77.05812,1,1
69455,25690209,38.93148,-77.03597,1,1
69576,25687036,38.92996,-77.0664,1,1
69669,25690073,38.94279,-77.04577,1,1
69670,848136103,38.94384,-77.04418,1,1
69697,25688731,38.9287,-77.02751,1,1
69792,25687463,38.92654,-77.05327,1,1
69889,25704975,38.9318,-77.02022,1,1
69947,837136763,38.917,-77.03409,1,1
69955,837136761,38.917,-77.03506,1,1
69956,837136760,38.917,-77.03605,1,1
70084,25688070,38.90565,-77.03654,1,1
70143,25690331,38.93973,-77.0297,1,1
70178,25683616,38.92777,-77.07202,1,1
70213,25703190,38.91331,-77.01893,1,1
70380,322677932,38.90483,-77.01593,0,0
70432,25687837,38.90725,-77.04213,1,1
70506,25703394,38.929,-77.01794,1,1
70770,25683619,38.92694,-77.07087,1,1
70899,25688314,38.91261,-77.03848,1,1
70961,25688513,38.92536,-77.03844,1,1
71163,25686098,38.90768,-77.05815,1,1
71196,1062713836,38.91351,-77.02746,1,1
71202,25685181,38.93553,-77.07285,1,1
71442,25686524,38.90374,-77.05515,1,1
71570,25688746,38.9351,-77.06636,1,1
71627,25686735,38.90643,-77.04881,1,1
71641,215049902,38.90702,-77.0364,1,1
71881,25690313,38.93238,-77.02672,1,1
71936,954472327,38.94688,-77.06509,1,1
71937,25688897,38.94673,-77.065,1,1
71945,25687785,38.90566,-77.0449,1,1
71951,25688732,38.9297,-77.02773,1,1
72001,25688463,38.93127,-77.04552,1,1
72011,336677806,38.92488,-77.06637,1,1
72054,25688654,38.9207,-77.02808,1,1
72204,25689180,38.93273,-77.04921,1,1
72243,25687216,38.91204,-77.05229,1,1
72349,19436631,38.93293,-77.02687,1,1
72372,848135339,38.94409,-77.04971,1,1
72382,25690343,38.94398,-77.03648,1,1
72470,287990343,38.92396,-77.05869,1,1
72475,19462783,38.9119,-77.04469,1,1
72513,25704965,38.93876,-77.02146,1,1
72544,25705054,38.94199,-77.02161,1,1
72567,25688283,38.91788,-77.04553,1,1
72591,287993074,38.90814,-77.04271,1,1
72726,25703368,38.92882,-77.01799,1,1
72913,25688578,38.9181,-77.03549,1,1
73132,848135189,38.90937,-77.04934,1,1
73134,25686712,38.90856,-77.04934,1,1
73166,25686677,38.90725,-77.0501,1,1
73194,287196857,38.91258,-77.05124,1,1
73336,25687925,38.90565,-77.0385,1,1
73357,25703281,38.93104,-77.02352,1,1
73372,25690296,38.93238,-77.02972,1,1
73465,25703267,38.92883,-77.0262,1,1
73481,25687875,38.91038,-77.04372,1,1
73511,858718434,38.91013,-77.04314,1,1
73512,816402879,38.91008,-77.04304,1,1
73514,858718432,38.90965,-77.04274,1,1
73559,858718428,38.9102,-77.0431,1,1
73562,858718429,38.91026,-77.04361,1,1
73563,808039405,38.91021,-77.04377,1,1
74078,968679862,38.94752,-77.01599,1,1
74079,25705519,38.94747,-77.01603,1,1
74243,25703200,38.91542,-77.0199,1,1
74281,19462782,38.91237,-77.04512,1,1
74400,25704990,38.93149,-77.01847,1,1
74509,287196909,38.93305,-77.04575,1,1
74610,25702986,38.90498,-77.01589,0,0
74628,25685948,38.90682,-77.06304,1,1
74684,25688582,38.9181,-77.03454,1,1
74710,25704963,38.9377,-77.02142,1,1
74802,287990603,38.9188,-77.03484,1,1
74835,25689935,38.93275,-77.04649,1,1
74864,25688740,38.93148,-77.06639,1,1
74908,25703252,38.92481,-77.02261,1,1
74928,25688262,38.91154,-77.04167,1,1
75111,25703277,38.92904,-77.02323,1,1
75139,25703334,38.92792,-77.0195,1,1
75149,25688634,38.91463,-77.02703,1,1
75199,25687834,38.90646,-77.04168,1,1
75202,25688771,38.94067,-77.0673,1,1
75380,25688102,38.90695,-77.03568,1,1
75382,287996212,38.90504,-77.06984,0,0
75392,25688099,38.90551,-77.03154,1,1
75397,818313922,38.9057,-77.0321,1,1
75398,818313921,38.9056,-77.03179,1,1
75417,25685949,38.90884,-77.0641,1,1
75431,25685972,38.90519,-77.06118,1,1
75528,25689025,38.93438,-77.05248,1,1
75641,25703245,38.92392,-77.02545,1,1
75670,25688637,38.91515,-77.02639,1,1
75702,25688620,38.91261,-77.02789,1,1
75813,236476433,38.9029,-77.05063,1,1
75931,25688691,38.92705,-77.03552,1,1
76092,25687350,38.91261,-77.04879,1,1
76270,25687476,38.92159,-77.0512,1,1
76415,25705418,38.94218,-77.0154,1,1
76432,25683418,38.91357,-77.07273,1,1
76571,25688137,38.90883,-77.03195,1,1
76616,25704981,38.93204,-77.01861,1,1
76695,1043760100,38.94394,-77.04969,1,1
76696,25689419,38.94348,-77.0496,1,1
76698,1043760101,38.94364,-77.04962,1,1
76727,25690244,38.93679,-77.03644,1,1
76801,25688978,38.9317,-77.05626,1,1
76811,25686680,38.90803,-77.04969,1,1
76938,25703189,38.91261,-77.01893,1,1
77041,25686080,38.90525,-77.05703,1,1
77171,25688702,38.92657,-77.03242,1,1
77268,25703198,38.91343,-77.01893,1,1
77287,25683642,38.92754,-77.06866,1,1
77381,25687874,38.91028,-77.04381,1,1
77558,25690211,38.93329,-77.03646,1,1
77639,25705025,38.9378,-77.01752,1,1
77646,25690246,38.93744,-77.03644,1,1
77702,25686087,38.91048,-77.06195,1,1
77941,287196965,38.92512,-77.06015,1,1
77954,25685947,38.90603,-77.06283,1,1
77969,25688222,38.91051,-77.02704,1,1
78002,25686513,38.90481,-77.05661,1,1
78008,287990616,38.91339,-77.02192,1,1
78051,25690312,38.93234,-77.02681,1,1
78108,25690398,38.94505,-77.0297,1,1
78373,25688556,38.91262,-77.03454,1,1
78487,287991309,38.92823,-77.02206,1,1
78535,25688859,38.93934,-77.0607,1,1
78543,25688849,38.9387,-77.06035,1,1
78628,25688231,38.91229,-77.04507,1,1
78642,826833430,38.90472,-77.07013,0,0
78644,25683073,38.90434,-77.06973,0,0
78689,25703323,38.92752,-77.02052,1,1
78700,25688584,38.92036,-77.03649,1,1
78764,25687035,38.92901,-77.06639,1,1
78906,25690268,38.93973,-77.03647,1,1
78925,25690183,38.94187,-77.04125,1,1
79001,25688745,38.93464,-77.06636,1,1
79131,25703137,38.91593,-77.026,1,1
79158,25703180,38.92096,-77.02206,1,1
79199,25687817,38.90788,-77.04508,1,1
79238,25704958,38.93797,-77.02313,1,1
79301,25687334,38.91203,-77.05029,1,1
79364,25702687,38.90724,-77.02192,1,1
79387,25686639,38.90307,-77.05018,1,1
79389,90692785,38.90677,-77.04168,1,1
79416,25687229,38.9166,-77.05675,1,1
79424,25703241,38.91937,-77.01787,1,1
79476,25704985,38.93493,-77.02104,1,1
79491,25688171,38.90431,-77.02808,1,1
79555,25687099,38.92447,-77.05932,1,1
79572,25687930,38.90591,-77.0403,1,1
79586,25690004,38.93235,-77.04127,1,1
79793,287991317,38.92043,-77.02198,1,1
79834,25703243,38.92488,-77.02569,1,1
79880,25690332,38.94079,-77.02971,1,1
79931,25690300,38.93456,-77.02973,1,1
79990,25685979,38.9052,-77.06016,1,1
80026,25687034,38.92753,-77.06481,1,1
80051,25683528,38.91782,-77.06947,1,1
80095,215034859,38.93626,-77.02441,1,1
80129,25702703,38.90377,-77.01938,1,1
80238,25703270,38.92664,-77.02288,1,1
80266,25688309,38.91409,-77.03928,1,1
80282,25690354,38.94187,-77.03394,1,1
80286,215069464,38.90671,-77.03456,1,1
80303,25705209,38.93977,-77.01526,1,1
80358,25688747,38.93631,-77.06638,1,1
80397,25683583,38.93086,-77.07282,1,1
80436,25703422,38.91454,-77.01574,1,1
80511,874855855,38.9232,-77.04307,1,1
80512,287197150,38.9231,-77.04293,1,1
80569,25683518,38.92013,-77.07144,1,1
80571,25704987,38.93423,-77.01915,1,1
80708,25688850,38.9382,-77.06004,1,1
80785,25704949,38.94081,-77.02522,1,1
80800,25703165,38.91862,-77.02454,1,1
80878,25685900,38.90513,-77.06518,1,1
80942,25687500,38.92345,-77.05021,1,1
80993,25686103,38.91051,-77.05926,1,1
81010,25688715,38.92575,-77.0297,1,1
81068,25688643,38.91918,-77.02962,1,1
81245,25702724,38.90857,-77.0199,1,1
81360,25705111,38.94265,-77.01895,1,1
81423,25688713,38.92377,-77.02971,1,1
81518,25703349,38.93124,-77.02007,1,1
81686,25688557,38.91316,-77.03454,1,1
81815,25703218,38.91424,-77.01714,1,1
81822,1043757266,38.91088,-77.04887,1,1
81867,25688697,38.93042,-77.03644,1,1
81908,25687345,38.91114,-77.0488,1,1
82089,25688492,38.92882,-77.04216,1,1
82160,25685951,38.9084,-77.06387,1,1
82200,25688833,38.93407,-77.05765,1,1
82222,25688254,38.91261,-77.04396,1,1
82277,25685177,38.93462,-77.07247,1,1
82319,25683612,38.92469,-77.06778,1,1
82428,25688244,38.91598,-77.04634,1,1
82437,25703393,38.92961,-77.01805,1,1
82487,25687782,38.90562,-77.04665,1,1
82489,958569017,38.90566,-77.04557,1,1
82644,25688612,38.91409,-77.02962,1,1
82645,25687337,38.91261,-77.05037,1,1
82868,25690330,38.93866,-77.02971,1,1
82901,25685941,38.90982,-77.06462,1,1
82909,25685890,38.90508,-77.06708,1,1
83041,968670665,38.93115,-77.03507,1,1
83046,25688699,38.93105,-77.03482,1,1
83093,25702691,38.90965,-77.02192,1,1
83153,25688243,38.91483,-77.04627,1,1
83170,25688123,38.90579,-77.03237,1,1
83198,25687942,38.90764,-77.03765,1,1
83200,287990667,38.93058,-77.03365,1,1
83237,25686489,38.90342,-77.05665,1,1
83289,25685882,38.90349,-77.06598,0,0
83333,25686732,38.90964,-77.04934,1,1
83476,25703255,38.92614,-77.02281,1,1
83499,25685943,38.91081,-77.06514,1,1
83547,25702706,38.90419,-77.01893,1,1
83584,25686109,38.91053,-77.0582,1,1
83657,25688341,38.91841,-77.03891,1,1
83707,25685891,38.90511,-77.06604,1,1
83723,287991351,38.93424,-77.02581,1,1
83762,25689190,38.93263,-77.04735,1,1
83763,25690214,38.93443,-77.03645,1,1
83804,25703402,38.92962,-77.01723,1,1
83928,25688704,38.92754,-77.03252,1,1
83946,25687390,38.9207,-77.05145,1,1
83980,336677764,38.93724,-77.02139,1,1
84124,25683529,38.91667,-77.0685,1,1
84235,25705014,38.93725,-77.0197,1,1
84249,25686528,38.90525,-77.05572,1,1
84257,25705140,38.94575,-77.01731,1,1
84305,25688561,38.9141,-77.03454,1,1
84436,25688690,38.92633,-77.03549,1,1
84437,25689415,38.94335,-77.04961,1,1
84465,25703107,38.91155,-77.02397,1,1
84653,25704960,38.93795,-77.02304,1,1
84773,25703140,38.91641,-77.02561,1,1
84775,1038227216,38.91649,-77.02557,1,1
84776,1038227217,38.91653,-77.02566,1,1
84777,25703138,38.91646,-77.0257,1,1
84861,25687027,38.92618,-77.06638,1,1
84880,25704902,38.93399,-77.02599,1,1
85039,807630362,38.90373,-77.02191,1,1
85071,25687932,38.90656,-77.0385,1,1
85186,287197206,38.90419,-77.0184,1,1
85353,810726812,38.94021,-77.06758,1,1
85389,25683519,38.92047,-77.07165,1,1
85392,810726820,38.93377,-77.06637,1,1
85395,810726819,38.93438,-77.06636,1,1
85396,810726818,38.93304,-77.06638,1,1
85400,25688741,38.93254,-77.06638,1,1
85401,810726821,38.9328,-77.06638,1,1
85412,25687037,38.93028,-77.0664,1,1
85414,810726816,38.93062,-77.0664,1,1
85415,810726817,38.93104,-77.0664,1,1
85485,25687404,38.91886,-77.04866,1,1
85493,25687033,38.92753,-77.06525,1,1
85540,287990344,38.9236,-77.05821,1,1
85553,837285244,38.90367,-77.06933,0,0
85555,807770993,38.90343,-77.06944,0,0
85579,25688303,38.92074,-77.04385,1,1
85593,25683117,38.90504,-77.06869,0,0
85598,25688134,38.9064,-77.0315,1,1
85648,25686531,38.90525,-77.05558,1,1
85668,25688651,38.91701,-77.027,1,1
85706,25704986,38.9356,-77.02115,1,1
85707,25687885,38.90917,-77.04294,1,1
85803,25688086,38.90437,-77.03196,1,1
85804,810376530,38.90457,-77.03196,1,1
85820,25688729,38.92675,-77.02705,1,1
85865,25690190,38.94187,-77.03853,1,1
85934,25688308,38.91336,-77.03996,1,1
85938,25703215,38.91478,-77.01841,1,1
85962,25685164,38.93187,-77.07265,1,1
86041,25704988,38.93521,-77.01917,1,1
86072,25689115,38.93366,-77.05077,1,1
86186,25690333,38.93865,-77.02833,1,1
118749,818178960,38.90329,-77.05667,0,0
118806,811083855,38.94316,-77.0637,1,1
121613,25705119,38.94367,-77.01927,1,1
123035,813056767,38.90598,-77.03195,1,1
126096,947192854,38.928,-77.01853,1,1
127336,813121162,38.9102,-77.02963,1,1
130932,1053054071,38.9335,-77.05913,1,1
136214,25703147,38.91701,-77.0247,1,1
137769,850460386,38.90326,-77.05639,1,1
139854,25688706,38.92881,-77.03264,1,1
141801,25688261,38.91114,-77.04167,1,1
141972,25687870,38.91014,-77.04373,1,1
143411,1073717156,38.92867,-77.03608,1,1
145796,25689167,38.93416,-77.04973,1,1
145825,25685285,38.94317,-77.07241,1,1
146833,25688656,38.92076,-77.02704,1,1
148586,25688880,38.94103,-77.05771,1,1
148596,25688875,38.9409,-77.05863,1,1
150170,287186731,38.94316,-77.0688,1,1
150580,968691651,38.92881,-77.0388,1,1
150931,25688396,38.92326,-77.04361,1,1
152591,287990879,38.94088,-77.05412,1,1
155207,25690245,38.93679,-77.03614,1,1
157202,25688524,38.92883,-77.03964,1,1
158324,25690012,38.93263,-77.03912,1,1
161905,215049905,38.90747,-77.03638,1,1
164754,1040130853,38.94074,-77.05286,1,1
165442,813198809,38.90526,-77.05622,1,1
166730,25688617,38.91113,-77.02808,1,1
167370,25688625,38.91261,-77.02702,1,1
168413,25686534,38.90526,-77.05475,1,1
181003,958026298,38.90395,-77.06892,0,0
181853,25703202,38.91261,-77.01736,1,1
185176,25683644,38.92755,-77.06751,1,1
192467,25690356,38.94188,-77.03271,1,1
