1469,988983181,38.92296,-76.71745,0,0
3515,900277432,38.90558,-76.67918,1,1
3516,25834293,38.90503,-76.68166,1,1
9522,25828654,38.93733,-76.71803,0,0
10351,875388017,38.93473,-76.71749,0,0
10352,801238098,38.93435,-76.71745,0,0
11890,1046530881,38.91516,-76.71716,0,0
11891,1047081434,38.91534,-76.71714,0,0
14039,1047481687,38.92548,-76.71722,0,0
14040,25827254,38.92357,-76.71739,0,0
14392,1035359985,38.93489,-76.67449,1,1
14393,25835398,38.93353,-76.67323,1,1
14394,1035359958,38.93698,-76.67655,1,1
14395,703999445,38.93657,-76.67625,1,1
15782,287991021,38.91181,-76.7178,0,0
15790,1047369798,38.91223,-76.71776,0,0
16066,25827231,38.91601,-76.7176,0,0
16939,1047079598,38.9164,-76.71762,0,0
16940,1047079599,38.91697,-76.71763,0,0
16941,1047079600,38.91859,-76.71763,0,0
19680,848136180,38.92608,-76.71769,1,1
20539,875474919,38.94754,-76.71778,0,0
20540,875474921,38.94694,-76.71779,0,0
20541,801239688,38.9467,-76.7178,0,0
20542,875474920,38.94722,-76.71779,0,0
20543,875474918,38.94689,-76.71815,0,0
20544,25828674,38.94565,-76.71816,0,0
20545,875474917,38.94748,-76.71812,0,0
20715,25828655,38.93769,-76.71768,0,0
20716,1062768312,38.9386,-76.71771,0,0
20720,1062768294,38.9386,-76.71808,0,0
20721,872645161,38.93766,-76.71804,0,0
22517,801759594,38.94239,-76.67805,1,1
24118,25826854,38.9153,-76.72006,1,1
24307,25827226,38.91592,-76.71708,0,0
24902,25835245,38.94394,-76.67908,1,1
24903,994373323,38.94544,-76.67997,1,1
24915,704035115,38.9269,-76.6683,1,1
24916,994373321,38.92886,-76.66956,1,1
25601,25826269,38.90504,-76.71908,0,0
26394,25828666,38.94188,-76.71813,0,0
27271,25828663,38.94272,-76.71882,1,1
27667,25828669,38.94252,-76.71813,0,0
28325,25828673,38.94338,-76.71813,0,0
29467,273130652,38.94469,-76.71816,0,0
31779,25827882,38.94461,-76.72325,1,1
32104,25826855,38.91576,-76.71913,1,1
32105,1046527416,38.91598,-76.71858,1,1
32386,890223266,38.93742,-76.67697,1,1
32703,25826840,38.91529,-76.72312,1,1
33412,94157196,38.91533,-76.71762,0,0
34071,25827189,38.90595,-76.71715,0,0
36565,25826839,38.91541,-76.72433,1,1
39355,273130662,38.92881,-76.71712,0,0
39473,25828645,38.93528,-76.71792,0,0
41299,25834749,38.90739,-76.6728,1,1
41927,25827186,38.90622,-76.7187,0,0
44086,1047557082,38.93282,-76.71724,0,0
44087,1047557081,38.93574,-76.71758,0,0
44088,1047557083,38.93096,-76.71698,0,0
44089,25827266,38.92959,-76.71676,0,0
44090,25828648,38.9353,-76.71756,0,0
45315,968809431,38.9126,-76.70221,1,1
45316,25834314,38.91232,-76.69653,1,1
45317,968809432,38.91242,-76.69851,1,1
45319,968809430,38.91069,-76.69045,1,1
45320,322684785,38.91054,-76.68999,1,1
45321,968809429,38.91226,-76.69625,1,1
45325,968809428,38.90971,-76.68684,1,1
48380,874975160,38.94285,-76.71936,1,1
53753,25834918,38.93104,-76.6714,1,1
55408,874974519,38.94405,-76.7221,1,1
55409,1046292806,38.94533,-76.7241,1,1
55410,1046292808,38.94436,-76.72258,1,1
55411,1046292807,38.94418,-76.7223,1,1
55418,26953400,38.94482,-76.72328,1,1
55785,25834295,38.90574,-76.67848,1,1
56719,25827256,38.92578,-76.71719,0,0
57887,968788721,38.9161,-76.71507,1,1
57888,848136165,38.91589,-76.71682,1,1
59370,848135073,38.91305,-76.70457,1,1
61211,801238127,38.94307,-76.72054,1,1
61212,1046285387,38.94405,-76.72383,1,1
61213,1046285389,38.94389,-76.72423,1,1
61214,1046285388,38.94426,-76.72272,1,1
61215,1046285390,38.94368,-76.7245,1,1
61216,322684759,38.94335,-76.72497,1,1
61217,1046285391,38.94306,-76.72538,1,1
61219,1046285385,38.94352,-76.72442,1,1
61220,1046285386,38.94376,-76.72413,1,1
61222,25827799,38.94322,-76.72482,1,1
61234,1062828504,38.90866,-76.7181,0,0
61235,1062828502,38.9083,-76.71816,0,0
61236,1062821529,38.90799,-76.71821,0,0
61243,25828659,38.94259,-76.71883,1,1
61244,1047201439,38.94296,-76.72024,1,1
61556,1047200444,38.94473,-76.71782,0,0
61557,801239685,38.94395,-76.71781,0,0
62005,1047200155,38.94085,-76.71775,0,0
62006,801238126,38.94015,-76.71774,0,0
62007,1047200156,38.94063,-76.71775,0,0
62256,968795460,38.9314,-76.71742,0,0
62257,968795461,38.93455,-76.71785,0,0
62258,25827265,38.92956,-76.71717,0,0
62262,25827053,38.92607,-76.71959,1,1
62263,968795457,38.9261,-76.71932,1,1
63352,287979705,38.93492,-76.71789,0,0
63407,236505148,38.90843,-76.66989,1,1
63899,322691519,38.94202,-76.71778,0,0
66539,25828656,38.93908,-76.71809,0,0
67700,25827188,38.9067,-76.71854,0,0
67703,1062821519,38.90737,-76.71835,0,0
68255,236505146,38.93299,-76.67292,1,1
68683,1047411603,38.92576,-76.71621,0,0
68689,25827258,38.92351,-76.71617,0,0
68777,25827257,38.92605,-76.71716,0,0
68778,1047411602,38.92632,-76.71714,0,0
72376,322684786,38.90993,-76.68721,1,1
74522,26967961,38.92622,-76.71626,0,0
74612,25834285,38.91036,-76.6882,1,1
75413,1046297795,38.94508,-76.72402,1,1
75414,1046297794,38.94547,-76.72466,1,1
75415,322684768,38.9447,-76.7234,1,1
75416,25827820,38.9457,-76.72506,1,1
75418,1046297793,38.94585,-76.72543,1,1
75603,25827198,38.90894,-76.71723,0,0
75723,236505185,38.90813,-76.67074,1,1
81371,25834665,38.9065,-76.6754,1,1
81514,25828672,38.94252,-76.7178,0,0
81516,801239687,38.94776,-76.7181,0,0
81517,25828675,38.94565,-76.7178,0,0
81781,25826851,38.91512,-76.72063,1,1
81990,25827190,38.90738,-76.71715,0,0
82065,25826852,38.9152,-76.72032,1,1
82899,25827883,38.94474,-76.72315,1,1
83141,25827195,38.90893,-76.71806,0,0
83191,801238096,38.93709,-76.71802,0,0
83192,287979704,38.93579,-76.71795,0,0
83193,801238097,38.93335,-76.71732,0,0
83720,25834250,38.90328,-76.68933,1,1
84920,25826842,38.91519,-76.7224,1,1
85044,1046530883,38.91253,-76.71735,0,0
85046,1046530880,38.91459,-76.71723,0,0
85048,1046530882,38.91653,-76.71699,0,0
85049,25827221,38.9122,-76.71735,0,0
85075,1046227435,38.92736,-76.71708,0,0
85077,1046227436,38.92711,-76.71709,0,0
85446,25827008,38.92471,-76.72381,1,1
85447,1002616811,38.92563,-76.72118,1,1
85556,25827183,38.9047,-76.71726,0,0
86075,273132544,38.9118,-76.71735,0,0
132002,970937346,38.91607,-76.71789,1,1
135616,849791018,38.92613,-76.71885,1,1
173823,25827240,38.91639,-76.7131,1,1
