292,25866956,38.98362,-76.5611,0,0
293,851568718,38.99116,-76.57978,0,0
294,851568719,38.98409,-76.58676,0,0
295,26988577,38.98129,-76.60494,0,0
296,25867007,38.9833,-76.55719,0,0
300,851568716,38.98804,-76.57827,0,0
301,25865834,38.98772,-76.57811,0,0
1831,875056488,38.98302,-76.56033,0,0
1832,25866984,38.98253,-76.56022,1,1
1833,875056487,38.98282,-76.56034,0,0
1834,25866989,38.98299,-76.56019,0,0
1835,25866987,38.9828,-76.56024,0,0
1836,875056494,38.98912,-76.57878,0,0
1837,851568717,38.98867,-76.57856,0,0
1838,25865838,38.98831,-76.5781,0,0
1839,875056492,38.98408,-76.58706,0,0
1840,851568720,38.98396,-76.59018,0,0
1841,875056491,38.98427,-76.58706,0,0
1842,25865013,38.98143,-76.60507,0,0
1844,851568723,38.98358,-76.55861,0,0
1845,875056489,38.98269,-76.56117,1,1
2122,886973030,38.98461,-76.57068,0,0
2123,851568721,38.98454,-76.56993,0,0
3107,25865640,38.99201,-76.58711,1,1
3191,1050642577,38.98743,-76.58543,1,1
3192,25865757,38.98688,-76.5857,1,1
3193,94165405,38.98766,-76.58678,1,1
3194,1050642578,38.98775,-76.58586,1,1
3195,984146622,38.98838,-76.58535,1,1
3196,1050642579,38.98773,-76.58611,1,1
3197,1050642580,38.98951,-76.58573,1,1
3198,25865785,38.98778,-76.58538,1,1
3199,1050642575,38.98787,-76.58466,1,1
3200,1050642574,38.98784,-76.58493,1,1
3201,1050642576,38.98818,-76.58537,1,1
5314,813240673,38.94857,-76.59357,1,1
6163,852083798,38.98932,-76.57888,0,0
8698,888876823,38.98823,-76.59673,1,1
8964,888876333,38.98924,-76.60219,1,1
8965,703970972,38.98482,-76.61006,1,1
8966,888876332,38.98519,-76.60973,1,1
8981,236499096,38.98685,-76.57008,1,1
8982,888876337,38.98852,-76.57366,1,1
9969,996805334,38.98232,-76.55616,0,0
11997,984151119,38.9891,-76.60074,1,1
11998,25865208,38.98868,-76.59794,1,1
12957,704550150,38.95624,-76.60802,1,1
13148,25866902,38.9726,-76.56293,1,1
13149,993803916,38.97409,-76.56064,1,1
13373,992431989,38.95195,-76.57958,1,1
13374,25862028,38.95179,-76.58018,1,1
14801,1052554995,38.98114,-76.55307,1,1
14803,25867221,38.98096,-76.55264,1,1
17899,25866964,38.98616,-76.56193,1,1
17900,996909322,38.98646,-76.56261,1,1
17912,848899865,38.98544,-76.55883,1,1
17913,996909326,38.9856,-76.55955,1,1
17914,940345959,38.9867,-76.56825,1,1
17915,25866948,38.98661,-76.56394,1,1
21503,810237144,38.98266,-76.55809,0,0
21504,25867306,38.9825,-76.55498,0,0
23968,25863770,38.97201,-76.56367,1,1
23996,996939117,38.95172,-76.58048,1,1
23999,25861631,38.95169,-76.58063,1,1
24017,25866844,38.98383,-76.57138,0,0
24778,215040608,38.98622,-76.58632,1,1
25330,1050577682,38.98907,-76.57648,1,1
25331,888876338,38.98858,-76.57467,1,1
25340,875056493,38.98918,-76.57853,0,0
25851,19462574,38.98424,-76.58311,0,0
25906,25863769,38.97065,-76.56496,1,1
26756,25866938,38.98191,-76.55657,1,1
27402,704579294,38.98261,-76.56725,1,1
27404,704579295,38.98212,-76.56623,1,1
27405,704579292,38.98346,-76.5827,1,1
27406,704579296,38.98131,-76.56165,1,1
27408,25865552,38.98163,-76.58804,1,1
27409,25865749,38.98295,-76.58425,1,1
27411,704579291,38.98236,-76.58591,1,1
28298,25862055,38.9526,-76.57744,1,1
28381,25862038,38.95207,-76.57915,1,1
28652,25866955,38.98284,-76.56044,0,0
29605,25865741,38.98259,-76.58533,1,1
29640,25865839,38.98642,-76.57736,0,0
29814,25865626,38.98515,-76.5873,1,1
30022,25866966,38.98586,-76.56078,1,1
31074,25865829,38.98474,-76.57545,0,0
33202,25863261,38.95372,-76.57509,1,1
35306,25866911,38.9751,-76.55898,1,1
35307,996859466,38.97543,-76.5582,1,1
36411,312350734,38.98509,-76.55622,1,1
37288,25860886,38.95702,-76.60886,1,1
37450,25864375,38.95381,-76.55338,1,1
37524,236505202,38.98357,-76.58094,1,1
37654,25861545,38.95113,-76.58317,1,1
38532,25863243,38.94877,-76.5569,1,1
38600,25866918,38.97609,-76.55553,1,1
38601,704571414,38.97583,-76.55686,1,1
39960,19433391,38.98862,-76.58098,1,1
39961,996764625,38.98899,-76.5795,1,1
40039,19462681,38.9811,-76.55263,1,1
42116,25863245,38.94872,-76.55679,1,1
42332,25863323,38.96078,-76.57145,1,1
42581,19462565,38.98431,-76.58588,0,0
44572,996778179,38.98387,-76.57547,1,1
44573,704579293,38.98348,-76.5697,1,1
47271,1008656396,38.98516,-76.55466,1,1
47272,703989030,38.98509,-76.55518,1,1
47275,1008656397,38.98526,-76.55401,1,1
47276,703989029,38.98521,-76.55433,1,1
49559,703970973,38.98712,-76.60804,1,1
51625,273126201,38.98465,-76.57702,0,0
52020,215051136,38.96554,-76.5698,1,1
52906,25863310,38.95817,-76.57265,1,1
53506,25862054,38.95232,-76.57831,1,1
53901,25862057,38.95298,-76.57636,1,1
54970,25864407,38.95488,-76.55267,1,1
55511,996740209,38.98805,-76.59622,1,1
55512,888876339,38.9873,-76.59134,1,1
55968,25866854,38.98465,-76.57111,0,0
56703,996744444,38.98738,-76.58962,1,1
56705,996744445,38.9876,-76.58743,1,1
56924,25866860,38.9835,-76.56615,0,0
58014,704571415,38.97631,-76.55424,1,1
58015,841725392,38.97657,-76.55336,1,1
59367,968801631,38.98294,-76.56133,0,0
59369,273126484,38.98474,-76.57545,0,0
59372,25865803,38.98443,-76.58309,0,0
59374,968801629,38.98503,-76.57916,0,0
62994,94160824,38.95695,-76.60873,1,1
63219,25867213,38.98232,-76.55445,0,0
63274,25865768,38.9841,-76.58627,0,0
64280,25860869,38.94798,-76.59707,1,1
64282,996866624,38.94815,-76.5963,1,1
64283,996866623,38.95044,-76.58594,1,1
64285,25861283,38.94998,-76.58781,1,1
64296,236505213,38.98167,-76.5884,1,1
64860,940345962,38.98417,-76.56896,0,0
64861,19462577,38.98305,-76.56054,0,0
64862,940345961,38.98442,-76.5689,0,0
64863,851568722,38.98365,-76.56209,0,0
65777,25861553,38.95164,-76.58086,1,1
66360,25865530,38.982,-76.58945,1,1
66371,940346508,38.98465,-76.57527,0,0
66374,940346509,38.98462,-76.57818,0,0
66397,940346513,38.98421,-76.58812,1,1
67388,25861517,38.95066,-76.58508,1,1
67389,996865149,38.95097,-76.58385,1,1
67391,996865150,38.95108,-76.5834,1,1
68103,25863258,38.9533,-76.57569,1,1
69807,996869367,38.97993,-76.55873,1,1
69808,996869366,38.97823,-76.55704,1,1
70172,19461961,38.95484,-76.55253,1,1
70981,25862040,38.95227,-76.57849,1,1
71996,996868268,38.94795,-76.59915,1,1
72000,1049049661,38.94787,-76.59739,1,1
72006,1049049666,38.94818,-76.59963,1,1
73497,996868269,38.9508,-76.60237,1,1
73499,888873776,38.94998,-76.60181,1,1
73506,996868266,38.95305,-76.60392,1,1
73507,704550151,38.95284,-76.60355,1,1
73725,19433414,38.9851,-76.55637,1,1
73726,1008656554,38.9852,-76.55716,1,1
74516,703988362,38.98524,-76.55739,1,1
75304,25863324,38.96117,-76.57129,1,1
75378,25861218,38.94891,-76.59205,1,1
75621,25861269,38.94973,-76.58879,1,1
77440,94165422,38.98807,-76.58337,1,1
80925,26990202,38.95637,-76.57354,1,1
81069,19462575,38.98459,-76.57899,0,0
81498,25863493,38.96761,-76.56804,1,1
81968,25863497,38.97022,-76.56535,1,1
82125,25863266,38.95421,-76.57465,1,1
82315,25864381,38.95374,-76.55329,1,1
82509,25865804,38.98441,-76.57898,0,0
83105,940342996,38.9515,-76.6023,1,1
83106,25860845,38.95107,-76.6026,1,1
84972,25863457,38.96445,-76.57017,1,1
85421,25861265,38.94933,-76.59042,1,1
117779,875056490,38.98363,-76.56027,0,0
124900,801764846,38.98933,-76.60299,1,1
133850,996909327,38.98679,-76.56581,1,1
141266,852083799,38.98943,-76.57865,1,1
144588,273126027,38.98449,-76.57701,0,0
153460,25865817,38.98395,-76.57733,1,1
157458,886216120,38.98302,-76.55795,1,1
175305,968801630,38.98475,-76.57369,0,0
