304,851568724,38.98272,-76.55167,0,0
305,25867318,38.98268,-76.55197,0,0
588,25864721,38.97047,-76.54436,1,1
589,1051073727,38.97067,-76.54458,1,1
590,25864705,38.96777,-76.54457,1,1
591,1051073728,38.96853,-76.54421,1,1
592,25864739,38.97016,-76.54345,1,1
597,1051073732,38.97202,-76.54494,1,1
598,801765907,38.9715,-76.54484,1,1
599,1051073731,38.97092,-76.54309,1,1
600,1051073729,38.97063,-76.54322,1,1
601,1051073730,38.97115,-76.54298,1,1
701,25867587,38.98509,-76.53972,0,0
702,26954698,38.98871,-76.53791,1,1
703,875060231,38.98843,-76.52877,0,0
704,875060233,38.98882,-76.53735,1,1
705,875060228,38.98542,-76.53922,0,0
706,875060227,38.98522,-76.53914,0,0
707,19462224,38.98528,-76.53986,0,0
708,875060230,38.98859,-76.52887,0,0
709,26961317,38.98797,-76.52981,0,0
710,875060229,38.98413,-76.53532,1,1
711,810237150,38.98837,-76.52939,0,0
782,25875646,38.98697,-76.53227,0,0
783,851569304,38.99228,-76.5196,0,0
785,851569306,38.98764,-76.53057,0,0
1224,704655586,38.9728,-76.52766,1,1
1687,841625993,38.982,-76.54346,1,1
1688,971162520,38.98243,-76.54274,1,1
1906,994165555,38.95265,-76.50084,1,1
1907,25872502,38.9524,-76.50037,1,1
1912,994165554,38.95523,-76.505,1,1
1913,25872249,38.95485,-76.50439,1,1
2147,875057934,38.97994,-76.54773,1,1
2148,25867328,38.98309,-76.54958,0,0
2149,25867329,38.9829,-76.54954,0,0
2150,875057931,38.98336,-76.54839,0,0
2151,25867220,38.97757,-76.5515,1,1
2152,875057932,38.98316,-76.54834,0,0
2153,25867293,38.97968,-76.54828,1,1
2154,875057933,38.97826,-76.55043,1,1
2528,704653533,38.96664,-76.54492,1,1
4284,1050706967,38.97988,-76.52256,1,1
4285,1050706968,38.97989,-76.52279,1,1
4286,25875844,38.97989,-76.52199,1,1
4287,1050706969,38.98026,-76.52193,1,1
5365,25875764,38.99016,-76.52606,1,1
5366,94163636,38.98894,-76.53277,1,1
5418,875061521,38.99164,-76.50983,1,1
5419,25876902,38.99071,-76.50858,1,1
5420,875061520,38.99158,-76.50991,1,1
5421,25876900,38.99064,-76.50864,1,1
5427,864853567,38.99166,-76.52162,0,0
5428,875061528,38.99203,-76.52075,0,0
5429,851569305,38.98908,-76.52728,0,0
5430,875061529,38.99142,-76.52171,0,0
6281,852084202,38.98402,-76.5454,0,0
6284,25867330,38.98366,-76.54706,0,0
6302,852084122,38.98792,-76.53141,1,1
6304,25875986,38.99247,-76.5197,0,0
6496,25871500,38.96995,-76.5207,1,1
6497,848947373,38.97162,-76.52285,1,1
6780,25875767,38.99245,-76.52639,1,1
7504,25867405,38.97286,-76.54439,1,1
7505,996807642,38.97404,-76.54564,1,1
7924,996809138,38.97132,-76.53874,1,1
7925,19461967,38.9713,-76.53788,1,1
8699,26949193,38.98581,-76.4955,1,1
8700,888876825,38.97976,-76.5059,1,1
8804,25875634,38.98259,-76.53344,1,1
8805,1033875509,38.98267,-76.53375,1,1
11117,25875596,38.97474,-76.52472,1,1
11496,888872383,38.9877,-76.49778,1,1
11497,888872382,38.98813,-76.49828,1,1
14802,1052554994,38.97876,-76.54803,1,1
14817,25867252,38.97697,-76.54707,1,1
14819,998895732,38.97802,-76.5475,1,1
14820,1052554993,38.9773,-76.54722,1,1
14889,322689604,38.98179,-76.53686,1,1
14890,1051334861,38.98205,-76.53668,1,1
14891,1051334859,38.98291,-76.53483,1,1
14892,1051334860,38.98243,-76.53642,1,1
14893,25867606,38.98456,-76.53507,1,1
14894,1051334857,38.98805,-76.53593,1,1
14895,1051334856,38.98776,-76.53582,1,1
14896,322689480,38.98732,-76.53565,1,1
16052,25867536,38.98385,-76.5413,1,1
16053,996926091,38.98392,-76.54181,1,1
16083,994236629,38.95248,-76.5003,1,1
16084,994236628,38.95121,-76.49585,1,1
16365,25877206,38.98421,-76.49849,1,1
17439,25864544,38.96405,-76.54607,1,1
17440,996908516,38.96478,-76.54576,1,1
17869,25867517,38.98136,-76.53713,1,1
17901,996909325,38.98946,-76.5489,1,1
17902,996909324,38.98983,-76.54903,1,1
17903,25867378,38.98867,-76.54873,1,1
17904,25867385,38.99109,-76.54955,1,1
17905,996909323,38.99174,-76.55017,1,1
18018,25872140,38.95112,-76.49588,1,1
18020,704636372,38.95136,-76.49689,1,1
18219,90697138,38.97643,-76.50492,1,1
19324,1052251372,38.98285,-76.53452,1,1
19325,25867581,38.98358,-76.53801,1,1
19326,1052251373,38.98368,-76.53865,1,1
19327,25867600,38.98314,-76.53591,1,1
19328,25875628,38.98278,-76.53416,1,1
19329,1052251374,38.98355,-76.53566,1,1
19330,1052251375,38.98379,-76.53552,1,1
19331,1051334858,38.98499,-76.53493,1,1
19332,1052251376,38.98577,-76.53509,1,1
19671,25876718,38.97497,-76.50784,1,1
19672,992440996,38.97514,-76.50742,1,1
20231,19440807,38.97143,-76.53554,1,1
20232,25864862,38.97127,-76.53554,1,1
20233,993801252,38.97156,-76.53438,1,1
20234,993801250,38.97178,-76.53424,1,1
20595,888876824,38.98635,-76.49636,1,1
20596,1050387777,38.98723,-76.49749,1,1
20597,1050387780,38.98884,-76.49646,1,1
20598,1050387779,38.98873,-76.49674,1,1
20599,1050387778,38.98855,-76.49719,1,1
20600,25877259,38.98819,-76.49809,1,1
20601,1050387781,38.98798,-76.49945,1,1
21215,1035462934,38.98139,-76.4949,1,1
21497,25875679,38.98814,-76.52994,0,0
21835,897179642,38.98925,-76.49544,1,1
21836,25877304,38.98903,-76.49597,1,1
21904,828727174,38.97738,-76.50492,1,1
21905,994225047,38.97783,-76.50478,1,1
21920,25877145,38.98709,-76.50282,1,1
21921,994225044,38.98769,-76.50213,1,1
22637,997186714,38.98288,-76.50553,1,1
22638,25876885,38.98315,-76.50546,1,1
22639,25876763,38.98233,-76.50567,1,1
22640,997186713,38.9833,-76.50542,1,1
22903,25867271,38.97925,-76.54901,1,1
22937,25867268,38.97889,-76.54903,1,1
22980,25872226,38.9566,-76.50729,1,1
23928,25877004,38.97749,-76.49927,1,1
24663,25864747,38.97201,-76.54319,1,1
24753,25872413,38.96857,-76.51203,1,1
25250,25867561,38.99239,-76.5447,1,1
25288,25872499,38.95287,-76.50121,1,1
25294,25867331,38.98595,-76.54984,1,1
25351,25867354,38.98413,-76.54495,0,0
25612,25867301,38.98047,-76.54655,1,1
25767,312351218,38.97324,-76.52472,1,1
26079,996855892,38.97615,-76.54045,1,1
26080,25867462,38.97582,-76.54064,1,1
26361,25875590,38.97276,-76.52483,1,1
26376,25872209,38.9601,-76.51025,1,1
26447,25877188,38.98825,-76.49984,1,1
26619,25864749,38.97139,-76.54287,1,1
26661,25875529,38.98232,-76.53234,1,1
26926,25867357,38.98488,-76.54497,1,1
26985,19440787,38.97221,-76.52381,1,1
27834,25875755,38.98889,-76.52643,1,1
28601,25867323,38.98565,-76.55161,1,1
28638,25867245,38.97429,-76.54607,1,1
28789,25877160,38.98539,-76.50031,1,1
29082,94253888,38.97206,-76.52338,1,1
29306,25867222,38.98061,-76.55191,1,1
30072,25875615,38.98116,-76.5282,1,1
30074,25867629,38.98893,-76.53676,1,1
30084,25877162,38.98545,-76.50041,1,1
30198,25867368,38.98497,-76.54525,1,1
30259,25867223,38.98049,-76.55139,1,1
30470,25867365,38.9851,-76.54559,1,1
30868,25867628,38.98865,-76.53613,1,1
30930,25867247,38.97436,-76.54586,1,1
31050,25867548,38.98411,-76.54047,1,1
31136,215050787,38.9856,-76.55196,1,1
31262,25864477,38.96086,-76.54734,1,1
31437,25875588,38.97258,-76.52486,1,1
31439,25875548,38.97259,-76.52898,1,1
31748,25875635,38.9825,-76.53307,1,1
31762,25867353,38.98475,-76.54566,1,1
31842,312351234,38.97283,-76.52539,1,1
31862,25872488,38.95416,-76.50324,1,1
31863,25864706,38.96931,-76.54383,1,1
31890,1050576002,38.97824,-76.53918,1,1
31891,1050576001,38.97785,-76.53943,1,1
31892,25867488,38.97752,-76.53965,1,1
32146,25876706,38.97428,-76.50892,1,1
32223,25876715,38.97484,-76.50811,1,1
32318,996858279,38.98853,-76.53884,1,1
32320,215050721,38.98841,-76.5395,1,1
32363,25867259,38.9794,-76.55003,1,1
32967,25877176,38.98822,-76.50157,1,1
33112,25867540,38.98381,-76.54048,1,1
33134,25875831,38.97995,-76.52338,1,1
33135,801656211,38.98013,-76.52472,1,1
33542,25872552,38.96154,-76.50024,1,1
33825,19462215,38.98535,-76.53855,0,0
33955,25875830,38.97916,-76.52378,1,1
34063,19461968,38.97735,-76.54742,1,1
34095,25867562,38.99251,-76.54475,1,1
34209,19462227,38.98347,-76.54696,0,0
34309,25872253,38.95836,-76.50932,1,1
34470,25867550,38.98382,-76.54005,1,1
34782,25872225,38.95669,-76.50742,1,1
35303,25876761,38.9807,-76.50603,1,1
35650,25875713,38.98422,-76.52445,1,1
35657,25867358,38.98574,-76.54739,1,1
35813,25875671,38.98896,-76.53342,1,1
35815,25867437,38.97345,-76.54121,1,1
35936,25867367,38.9855,-76.54537,1,1
36024,19461969,38.98017,-76.55106,1,1
36172,25876760,38.98057,-76.50602,1,1
36217,312351219,38.97255,-76.52415,1,1
36652,25867251,38.97687,-76.54725,1,1
36713,19461970,38.98066,-76.55174,1,1
36880,25876956,38.97666,-76.50205,1,1
37117,25867342,38.98677,-76.54849,1,1
37163,25875729,38.98546,-76.52482,1,1
37398,19433490,38.99267,-76.5436,1,1
37403,25867757,38.99278,-76.54369,1,1
37509,25867352,38.98481,-76.54581,1,1
37744,25872560,38.95349,-76.49803,1,1
37879,25867269,38.97917,-76.54912,1,1
37922,25872206,38.96173,-76.51103,1,1
38013,25875765,38.9906,-76.52579,1,1
38057,25877092,38.9779,-76.49748,1,1
38283,25876762,38.98147,-76.50591,1,1
38375,25864539,38.963,-76.54646,1,1
38595,704571413,38.98271,-76.54227,1,1
38724,336668819,38.97977,-76.52057,1,1
38748,26961298,38.98251,-76.5519,0,0
39212,25877163,38.98558,-76.50031,1,1
39531,322689621,38.98086,-76.53745,1,1
39695,25864778,38.97172,-76.54157,1,1
39955,25864787,38.97135,-76.54011,1,1
40438,841625994,38.98195,-76.54355,1,1
40485,25872557,38.96153,-76.49902,1,1
40673,25875900,38.97863,-76.5168,1,1
40700,25877116,38.9783,-76.49576,1,1
41124,25864748,38.97222,-76.54321,1,1
41411,25875595,38.97426,-76.52467,1,1
41490,25864846,38.97149,-76.53785,1,1
41527,886216121,38.9859,-76.5352,1,1
41803,25876683,38.97661,-76.50948,1,1
42172,25876738,38.97579,-76.50545,1,1
42387,19462225,38.98482,-76.5418,0,0
42456,25875528,38.9824,-76.53267,1,1
42511,25875884,38.97933,-76.51871,1,1
42974,25877122,38.97973,-76.49481,1,1
43497,19461966,38.97155,-76.54013,1,1
43878,25877203,38.98396,-76.49818,1,1
44630,968099696,38.97349,-76.54196,1,1
44631,25867432,38.97326,-76.54206,1,1
44638,968099732,38.97343,-76.54173,1,1
44639,19461963,38.97318,-76.54185,1,1
45687,25872373,38.96503,-76.51281,1,1
45689,704086058,38.96599,-76.51287,1,1
46722,25867531,38.98729,-76.54402,1,1
46723,996851630,38.98741,-76.54383,1,1
46730,996851629,38.99194,-76.54696,1,1
46731,25867400,38.99178,-76.54762,1,1
46732,19462590,38.99167,-76.54757,1,1
46733,996851628,38.99183,-76.54694,1,1
47505,971046338,38.97466,-76.5414,1,1
47507,25867445,38.97385,-76.54156,1,1
47508,971046339,38.97462,-76.54125,1,1
47586,25876048,38.99269,-76.51861,0,0
47665,996853293,38.98357,-76.50534,1,1
48415,25872379,38.96688,-76.5129,1,1
48417,704085297,38.96707,-76.51321,1,1
49338,1050409972,38.96627,-76.51549,1,1
49345,25871509,38.96766,-76.51738,1,1
49346,25871510,38.96753,-76.51721,1,1
49347,1050409966,38.96824,-76.51815,1,1
49348,25871507,38.96838,-76.51834,1,1
49349,1050409967,38.96763,-76.51628,1,1
49350,1050409969,38.96909,-76.5194,1,1
49351,1050409968,38.96896,-76.5192,1,1
49352,1050409970,38.96959,-76.52013,1,1
49353,25871496,38.96933,-76.51974,1,1
49354,25871506,38.96595,-76.51504,1,1
49355,1050409971,38.9697,-76.5203,1,1
49875,850878580,38.99279,-76.53141,1,1
49876,841728628,38.99247,-76.53022,1,1
50196,25864707,38.9693,-76.54365,1,1
50278,25867250,38.97582,-76.54656,1,1
50475,312350733,38.9919,-76.54666,1,1
50509,841727893,38.96844,-76.51214,1,1
50510,801760197,38.96725,-76.51287,1,1
50591,25864543,38.96363,-76.54638,1,1
50702,25867363,38.98524,-76.54593,1,1
50730,19440806,38.97142,-76.53578,1,1
50817,25876716,38.97653,-76.50813,1,1
50911,25872438,38.96483,-76.50897,1,1
50973,25867588,38.98556,-76.53862,0,0
51138,25876737,38.97558,-76.50621,1,1
51210,25871490,38.97227,-76.52362,1,1
51474,841727490,38.96589,-76.54525,1,1
51699,25876677,38.97336,-76.50956,1,1
51819,25867440,38.97362,-76.54189,1,1
51824,25867537,38.98466,-76.54166,0,0
52492,25867275,38.97958,-76.54922,1,1
52507,25867332,38.9861,-76.54904,1,1
53217,25872247,38.95561,-76.50564,1,1
53427,25867388,38.99123,-76.5494,1,1
53456,94251196,38.97575,-76.54677,1,1
54041,25872445,38.96305,-76.50602,1,1
54102,25876955,38.97659,-76.50233,1,1
54274,90697147,38.97613,-76.50483,1,1
54617,25872400,38.96579,-76.51082,1,1
54787,19440786,38.97126,-76.53579,1,1
55101,25864471,38.96089,-76.54748,1,1
55215,25864413,38.95655,-76.55174,1,1
55340,90697150,38.97637,-76.50466,1,1
55406,25867590,38.9833,-76.53666,1,1
55415,25864704,38.96771,-76.5444,1,1
55676,25867375,38.98813,-76.54869,1,1
55725,25872427,38.96888,-76.51178,1,1
55869,25872493,38.95332,-76.50186,1,1
55962,25872431,38.97063,-76.51072,1,1
56429,25876921,38.98881,-76.50559,1,1
56501,25867303,38.98117,-76.54493,1,1
56502,996883955,38.98162,-76.54411,1,1
56514,25867494,38.97876,-76.53883,1,1
56515,996883942,38.97985,-76.53812,1,1
56533,322689625,38.98854,-76.53611,1,1
56708,25876969,38.977,-76.50093,1,1
56837,25864465,38.95911,-76.54927,1,1
56929,94165598,38.97619,-76.50419,1,1
57011,25867248,38.97467,-76.54605,1,1
57083,25864538,38.96303,-76.5466,1,1
57407,25867253,38.97752,-76.54732,1,1
57609,25867579,38.98377,-76.5392,1,1
57610,25872527,38.96175,-76.50316,1,1
59272,996886858,38.96253,-76.50507,1,1
59273,25872526,38.96194,-76.50382,1,1
59365,968801632,38.98246,-76.55106,1,1
59366,26961302,38.98114,-76.55212,1,1
59449,996886197,38.97823,-76.51574,1,1
59450,996886195,38.97804,-76.51524,1,1
59451,996886192,38.97817,-76.51559,1,1
59454,25875901,38.97785,-76.51474,1,1
60613,25867545,38.98434,-76.54062,1,1
62050,704067738,38.97038,-76.51082,1,1
62051,25872430,38.96979,-76.5111,1,1
63303,25867260,38.97895,-76.54941,1,1
63331,25877246,38.98566,-76.49528,1,1
63575,25877115,38.97827,-76.49588,1,1
63691,25867243,38.97275,-76.54448,1,1
63888,25877129,38.98226,-76.49612,1,1
64189,90697144,38.97624,-76.50509,1,1
64196,25875898,38.97841,-76.51622,1,1
64779,25872250,38.95795,-76.50899,1,1
64782,25875544,38.98199,-76.53057,1,1
64911,25876680,38.97381,-76.50931,1,1
65040,25867603,38.983,-76.53527,1,1
65390,25875839,38.98172,-76.52226,1,1
65976,19462226,38.98392,-76.54493,0,0
65993,25876951,38.97631,-76.50352,1,1
66095,25867290,38.97901,-76.54827,1,1
66216,25867442,38.97356,-76.54167,1,1
66318,25867333,38.98616,-76.54878,1,1
66322,994171863,38.96657,-76.51589,1,1
66363,940346506,38.97193,-76.5424,1,1
66365,940346507,38.97174,-76.5425,1,1
66367,25864777,38.97153,-76.5416,1,1
66370,25875594,38.97387,-76.52467,1,1
66891,90697141,38.97636,-76.50508,1,1
67672,25875848,38.98112,-76.52191,1,1
68267,25867465,38.97587,-76.54079,1,1
68835,25875645,38.98716,-76.53235,0,0
69242,25876751,38.97825,-76.50463,1,1
69244,987893619,38.97945,-76.50589,1,1
69928,273126195,38.98664,-76.53398,0,0
70062,25877144,38.987,-76.50294,1,1
70501,25867341,38.98631,-76.5483,1,1
71073,25867246,38.97459,-76.54626,1,1
71126,25875617,38.97738,-76.52459,1,1
71137,25876681,38.97692,-76.51119,1,1
71301,25876890,38.98541,-76.50447,1,1
71302,704060786,38.98638,-76.50367,1,1
71400,25875886,38.97903,-76.51791,1,1
71970,25867266,38.97923,-76.54922,1,1
72181,322689454,38.98648,-76.53535,1,1
72271,1051272385,38.97289,-76.54035,1,1
72272,1051272382,38.9727,-76.54206,1,1
72275,25867431,38.97236,-76.54221,1,1
72276,1051272381,38.97442,-76.54151,1,1
72277,25867444,38.974,-76.54172,1,1
72280,1051272384,38.97168,-76.54253,1,1
72281,19461965,38.97139,-76.54267,1,1
72282,1051272383,38.972,-76.54237,1,1
72540,25875829,38.97826,-76.5242,1,1
72646,25867387,38.99113,-76.54933,1,1
72770,25876675,38.9772,-76.51232,1,1
73028,25867232,38.98025,-76.55093,1,1
73029,1074197032,38.98037,-76.55115,1,1
73265,25875603,38.97642,-76.52485,1,1
73694,25875847,38.97984,-76.52098,1,1
74510,25877133,38.98016,-76.49495,1,1
74778,25877097,38.97818,-76.4963,1,1
75161,25876862,38.99193,-76.51041,1,1
75197,25875541,38.98221,-76.53176,1,1
75331,25875887,38.97887,-76.51745,1,1
75381,25877095,38.97811,-76.49659,1,1
75550,25864740,38.9701,-76.54327,1,1
75640,25867258,38.97858,-76.54997,1,1
75843,997060113,38.98419,-76.5428,1,1
75844,25867535,38.98404,-76.54227,1,1
75996,25864446,38.95857,-76.54992,1,1
76045,25867291,38.97948,-76.54859,1,1
76254,19461964,38.97245,-76.54242,1,1
76705,25867533,38.98323,-76.54144,1,1
77042,25864440,38.95706,-76.55143,1,1
77673,287233972,38.98609,-76.53521,1,1
77778,25876720,38.97539,-76.5068,1,1
78134,25867631,38.98901,-76.5362,1,1
78443,25872402,38.96535,-76.50981,1,1
78839,287975523,38.9632,-76.54638,1,1
78867,25864466,38.95903,-76.54914,1,1
78917,25864464,38.95849,-76.54984,1,1
79171,322689513,38.98645,-76.53393,0,0
79202,25864414,38.9565,-76.55161,1,1
79229,25867589,38.98341,-76.53712,1,1
79404,987893030,38.98748,-76.50343,1,1
79406,987893028,38.98737,-76.50354,1,1
79490,25872491,38.9537,-76.50249,1,1
79550,25877005,38.9776,-76.49885,1,1
79709,25867403,38.99201,-76.54665,1,1
80079,841727901,38.96595,-76.54541,1,1
80080,996745929,38.96688,-76.545,1,1
80190,19461962,38.95702,-76.55129,1,1
81448,25867459,38.97525,-76.54096,1,1
81652,25877131,38.98197,-76.49577,1,1
82362,25876916,38.98869,-76.50568,1,1
82474,25875545,38.98168,-76.52966,1,1
82477,25867402,38.99193,-76.54653,1,1
82739,25872506,38.95221,-76.49994,1,1
83125,25876676,38.97706,-76.51179,1,1
83569,25872366,38.96389,-76.51274,1,1
83583,19461971,38.98038,-76.55146,1,1
83656,19462593,38.99199,-76.51029,1,1
83739,25875616,38.98075,-76.52711,1,1
84208,25875908,38.98386,-76.52416,1,1
85083,25872630,38.96092,-76.49651,1,1
85323,25876685,38.97751,-76.51361,1,1
85568,25872545,38.96157,-76.5014,1,1
85714,25867568,38.98798,-76.54175,1,1
85778,25876721,38.97654,-76.50777,1,1
85779,25876739,38.97649,-76.50622,1,1
85880,864853563,38.98799,-76.53184,1,1
85882,864853564,38.98803,-76.53213,1,1
85883,25875669,38.98807,-76.53241,1,1
85884,864853565,38.98845,-76.53324,1,1
85886,864853566,38.98794,-76.53497,1,1
85887,852084120,38.98917,-76.52749,0,0
121301,994160145,38.99017,-76.52726,1,1
142383,25877184,38.98899,-76.50075,1,1
146804,25867644,38.98905,-76.53559,1,1
147373,704773837,38.97266,-76.52665,1,1
149478,25872555,38.96154,-76.49959,1,1
153680,25872575,38.95353,-76.49627,1,1
153815,25867273,38.97921,-76.54895,1,1
164353,25871539,38.96769,-76.51493,1,1
176549,848134061,38.98466,-76.54154,1,1
201714,871894922,38.97654,-76.50708,1,1
