86297,1000025096,38.99369,-77.41794,1,1
86299,1000025097,38.99361,-77.41774,1,1
86544,1002907457,38.99966,-77.40653,1,1
86545,90694228,38.99947,-77.40649,1,1
86546,25558750,38.99962,-77.4066,1,1
86547,1002907458,38.99952,-77.4064,1,1
86648,25560022,39.03059,-77.40149,1,1
86649,25560011,39.03075,-77.40209,1,1
86650,25560023,39.03092,-77.40157,1,1
87688,90695552,39.01307,-77.36831,1,1
87690,983914761,39.03008,-77.40045,1,1
88367,704842960,39.00703,-77.38673,1,1
88368,983886254,39.00726,-77.38746,1,1
88763,25562368,39.00396,-77.37502,1,1
88764,967705215,39.00515,-77.37462,1,1
88765,94156630,39.00393,-77.37489,1,1
88766,967705214,39.00514,-77.37448,1,1
88868,983882718,39.00807,-77.40305,1,1
89261,1050836034,39.0122,-77.36725,1,1
89316,1050835763,39.01016,-77.36281,1,1
89548,25558699,38.99697,-77.40947,1,1
89549,1053835925,38.99753,-77.40978,1,1
89550,1013176499,38.99667,-77.41288,1,1
89551,1053835923,38.9977,-77.41076,1,1
89552,25558606,38.99667,-77.41325,1,1
89553,1053835924,38.99706,-77.41254,1,1
89554,1053835922,38.99779,-77.41051,1,1
90038,965990506,38.99429,-77.37718,1,1
90039,25562056,38.99386,-77.37906,1,1
90190,25558736,38.99795,-77.41005,1,1
90235,25557873,38.99414,-77.41699,1,1
90301,25560578,39.03475,-77.40067,1,1
90363,25559150,39.00802,-77.39683,1,1
90411,25559944,39.02731,-77.40227,1,1
90581,219839047,38.99771,-77.36353,1,1
90657,94156641,39.00924,-77.37449,1,1
90690,1013177200,39.02304,-77.38794,1,1
90691,704842961,39.00707,-77.3927,1,1
90692,1013177199,39.00734,-77.3939,1,1
90694,25563672,39.01527,-77.38685,1,1
90695,1013177191,39.01567,-77.3875,1,1
90696,25563958,39.01784,-77.3782,1,1
90697,1013177190,39.01859,-77.3796,1,1
90699,25558773,39.00719,-77.41458,1,1
90700,1013177189,39.00751,-77.41697,1,1
90749,25558607,38.99653,-77.41313,1,1
90820,25558714,38.99513,-77.40664,1,1
90889,25560591,39.03653,-77.4002,1,1
90893,1013176422,38.99481,-77.40396,1,1
91039,19457481,39.03093,-77.40142,1,1
91413,983958301,39.00752,-77.38827,1,1
91416,25561841,39.00741,-77.38792,1,1
91422,25560576,39.03387,-77.40084,1,1
91434,19460650,38.99491,-77.41586,1,1
91502,303903105,39.01015,-77.36227,1,1
91506,1050745875,39.0159,-77.36257,1,1
91507,1050659344,39.01403,-77.36253,1,1
91508,303903118,39.01166,-77.36336,1,1
91509,1050745874,39.01075,-77.36307,1,1
91510,1050745876,39.01294,-77.36279,1,1
91511,25563528,39.01233,-77.36304,1,1
91582,25563962,39.01641,-77.37539,1,1
91757,26988593,39.01114,-77.36371,1,1
91836,25559152,39.00794,-77.39637,1,1
91877,25560138,39.03724,-77.41523,1,1
92026,25561772,39.00528,-77.39124,1,1
92119,94155266,39.01706,-77.37665,1,1
92177,25559762,39.02051,-77.40887,1,1
92474,25559941,39.02679,-77.40216,1,1
92644,25563710,39.02073,-77.38563,1,1
92789,25563733,39.0252,-77.39143,1,1
92803,303903307,39.00487,-77.36534,1,1
92920,25565439,39.02857,-77.36269,1,1
92942,25563711,39.02067,-77.38551,1,1
93059,19454711,39.02405,-77.38927,1,1
93061,19457479,39.02953,-77.40182,1,1
93182,26988595,39.01186,-77.36326,1,1
93256,303903306,39.00513,-77.36493,1,1
93359,25563642,39.01593,-77.38794,1,1
93372,19457478,39.02729,-77.40207,1,1
93375,25560142,39.03739,-77.41486,1,1
93618,25563647,39.01643,-77.38938,1,1
93848,19457482,39.03301,-77.4012,1,1
93920,94156627,38.99633,-77.37666,1,1
93947,25565070,39.01412,-77.37097,1,1
94023,25565067,39.01428,-77.37129,1,1
94048,25561859,39.00684,-77.38596,1,1
94087,25562280,39.0083,-77.38074,1,1
94382,25562085,38.99431,-77.37682,1,1
94556,94255824,39.00528,-77.3655,1,1
94586,248166453,38.99836,-77.40887,1,1
94697,25560008,39.02955,-77.40168,1,1
94840,25563721,39.02141,-77.38488,1,1
94965,25561795,39.01112,-77.39448,1,1
94969,25560024,39.02979,-77.40096,1,1
95019,25558594,38.9957,-77.41461,1,1
95134,25565411,39.02518,-77.36328,1,1
95149,1050563504,39.01364,-77.37005,1,1
95150,25563365,39.01264,-77.37147,1,1
95151,1050563505,39.01324,-77.37134,1,1
95153,1050563499,39.01357,-77.3711,1,1
95155,1050563498,39.01334,-77.37115,1,1
95156,1050563497,39.01312,-77.37119,1,1
95157,94156656,39.01263,-77.3713,1,1
95158,90697615,39.0129,-77.36862,1,1
95159,1050563503,39.01383,-77.3712,1,1
95161,1050563502,39.01539,-77.37345,1,1
95162,303903120,39.01501,-77.37268,1,1
95163,1050563501,39.01415,-77.37045,1,1
95164,1050563500,39.01386,-77.36987,1,1
95165,983914760,39.01351,-77.36919,1,1
95219,25559073,39.00821,-77.40502,1,1
95221,25563717,39.02146,-77.38498,1,1
95269,25560016,39.03012,-77.40159,1,1
95270,248166416,39.00789,-77.37996,1,1
95284,25558739,38.99835,-77.40944,1,1
95307,25563401,39.00536,-77.36576,1,1
95510,19457373,39.0306,-77.40243,1,1
95519,25560015,39.03034,-77.40195,1,1
95636,25560574,39.03408,-77.40102,1,1
95718,25563334,39.00622,-77.37471,1,1
96080,25565366,39.02068,-77.36253,1,1
96081,848140675,39.02244,-77.36251,1,1
96202,25559474,39.03759,-77.41591,1,1
96312,94156636,39.00623,-77.37457,1,1
96314,25561800,39.01156,-77.39389,1,1
96318,25557871,38.99427,-77.41714,1,1
96360,25563966,39.01658,-77.3752,1,1
96591,19457364,39.03497,-77.41086,1,1
96600,25565071,39.01433,-77.3708,1,1
96829,25559872,39.03325,-77.40756,1,1
96920,94155265,39.01726,-77.37647,1,1
96930,26965284,39.02248,-77.40737,1,1
97100,25558595,38.99585,-77.41473,1,1
97152,26965291,39.02413,-77.40496,1,1
97328,25561619,38.99547,-77.39202,1,1
97360,25563646,39.01653,-77.38953,1,1
97404,26965222,39.02057,-77.40896,1,1
97436,25562150,38.99951,-77.37669,1,1
97445,19457480,39.03071,-77.40161,1,1
97567,19453100,39.01466,-77.372,1,1
97681,25558978,38.99418,-77.39931,1,1
97683,25562271,39.00984,-77.38153,1,1
97735,25558702,38.99592,-77.40851,1,1
97777,25559151,39.00798,-77.3966,1,1
98101,25563480,39.00454,-77.36275,1,1
98239,705317035,38.99815,-77.40946,1,1
98268,966145571,38.99474,-77.37681,1,1
98270,966145570,38.99393,-77.37682,1,1
98271,25562080,38.99303,-77.37682,1,1
98272,966145569,38.99393,-77.37668,1,1
98273,94156626,38.99303,-77.37669,1,1
98274,966145568,38.99474,-77.37666,1,1
98276,94156625,38.99432,-77.37667,1,1
98370,25561976,38.99363,-77.38084,1,1
98473,25562352,39.00715,-77.37836,1,1
98700,25559981,39.03189,-77.40494,1,1
98912,25562312,39.01212,-77.3817,1,1
98917,25560089,39.02822,-77.39794,1,1
98923,25565410,39.02516,-77.36343,1,1
99009,303926344,39.012,-77.36588,1,1
99406,94255815,39.01104,-77.36349,1,1
99470,94255814,39.01018,-77.36425,1,1
99473,25558737,38.99811,-77.41014,1,1
99704,25561593,38.99288,-77.39317,1,1
99717,19457374,39.03006,-77.40078,1,1
100071,983773932,39.01154,-77.36406,1,1
100072,976969803,39.01154,-77.36441,1,1
100092,19457375,39.0287,-77.39878,1,1
100230,25559074,39.00811,-77.40388,1,1
100268,25560100,39.02893,-77.39857,1,1
100526,19457488,39.03012,-77.40159,1,1
100598,25563964,39.01622,-77.37505,1,1
100683,25561754,39.00653,-77.39444,1,1
100750,25560030,39.03045,-77.40151,1,1
100908,25562198,39.00817,-77.38311,1,1
100909,25559874,39.03343,-77.40726,1,1
100927,25558754,39.00003,-77.4059,1,1
100935,25560012,39.03,-77.40173,1,1
101177,25558752,38.99989,-77.40577,1,1
101296,25562355,39.00676,-77.37751,1,1
101537,25565069,39.01449,-77.37111,1,1
101538,801195145,39.01485,-77.37183,1,1
101606,94156628,38.99947,-77.37654,1,1
101873,1050540470,38.99567,-77.36483,1,1
101874,1050540467,38.99401,-77.36531,1,1
101875,1050540469,38.99329,-77.36518,1,1
101876,1050540468,38.99375,-77.36529,1,1
101880,1050540471,38.99353,-77.36501,1,1
101884,1050540473,38.99312,-77.36512,1,1
101920,25559873,39.03351,-77.40742,1,1
101929,248166525,39.00861,-77.41795,1,1
101930,26965224,39.00865,-77.41814,1,1
101931,26965229,39.01242,-77.41537,1,1
101932,25558816,39.01255,-77.41505,1,1
101935,26965220,39.00976,-77.41739,1,1
101936,25558089,39.00972,-77.41725,1,1
102371,25558815,39.01235,-77.41526,1,1
102391,19457385,39.01524,-77.37261,1,1
102496,25562222,39.00909,-77.38226,1,1
102549,25561946,38.99334,-77.38317,1,1
102680,25558722,38.99493,-77.4059,1,1
102713,19457376,39.02846,-77.3977,1,1
102745,25558795,39.00714,-77.41202,1,1
102791,19457367,39.03247,-77.40607,1,1
102828,94150047,39.03527,-77.4007,1,1
102934,25560139,39.03748,-77.41505,1,1
102935,25560163,39.0352,-77.41068,1,1
102937,706011880,39.03702,-77.41416,1,1
102977,25560020,39.03051,-77.40163,1,1
102985,25561653,38.99844,-77.39111,1,1
103081,25561624,38.99671,-77.39148,1,1
103141,25559104,39.00839,-77.40149,1,1
103185,25559778,39.02246,-77.40717,1,1
103290,25561970,38.99349,-77.38199,1,1
103356,19457368,39.03205,-77.40461,1,1
103448,25561587,38.99311,-77.39398,1,1
103678,25561796,39.01103,-77.3943,1,1
103850,25565370,39.02299,-77.36265,1,1
104115,311286826,39.03431,-77.40096,1,1
104366,838864170,39.02746,-77.39643,1,1
104367,25560097,39.02668,-77.39488,1,1
104555,94255822,39.00923,-77.36543,1,1
104556,967819514,39.01037,-77.36504,1,1
104557,94255823,39.00917,-77.36514,1,1
104558,967819517,39.00964,-77.36445,1,1
104559,967819516,39.01007,-77.36435,1,1
104560,967819515,39.01019,-77.36457,1,1
106084,25563608,39.01611,-77.38998,1,1
106085,1053882379,39.01625,-77.38983,1,1
106087,1053882382,39.01745,-77.3885,1,1
106088,25563652,39.01611,-77.38868,1,1
106089,1053882380,39.0162,-77.38893,1,1
106090,25563645,39.01664,-77.38969,1,1
106091,1053882381,39.01691,-77.38938,1,1
106258,25558981,38.99399,-77.39833,1,1
106308,94285562,38.99535,-77.40719,1,1
106431,25560590,39.03637,-77.40027,1,1
106524,25565372,39.02313,-77.3625,1,1
106571,25558956,39.00182,-77.40341,1,1
106651,25562091,38.99633,-77.37679,1,1
106669,25557883,38.99505,-77.41602,1,1
106826,25563959,39.01808,-77.37802,1,1
106878,25559875,39.03273,-77.40587,1,1
106890,25560606,39.03651,-77.4,1,1
106903,25558989,38.99377,-77.39725,1,1
106985,25563679,39.01453,-77.3856,1,1
107245,303903106,39.01141,-77.36323,1,1
107350,25563732,39.02531,-77.39165,1,1
107405,25563609,39.01623,-77.39016,1,1
107408,219838949,38.9989,-77.3632,1,1
107550,25559917,39.02401,-77.40489,1,1
107571,303229017,39.01202,-77.36294,1,1
107588,25560605,39.03635,-77.4001,1,1
107680,25563706,39.02002,-77.38608,1,1
107772,25560137,39.03716,-77.41506,1,1
107789,90700111,39.0097,-77.36341,1,1
107832,25562210,39.00785,-77.37987,1,1
108027,90695556,39.0103,-77.36447,1,1
108066,287922412,39.02751,-77.39587,1,1
108111,25563727,39.02689,-77.39467,1,1
108169,25561784,39.00709,-77.39183,1,1
108358,219838950,38.99895,-77.36343,1,1
108444,25558742,38.99881,-77.40781,1,1
108453,25561658,39.0015,-77.39026,1,1
108552,25563742,39.02383,-77.38943,1,1
108576,25558723,38.99488,-77.40507,1,1
108622,25562349,39.0075,-77.37911,1,1
108654,25559926,39.02514,-77.40286,1,1
108816,25563705,39.02008,-77.3862,1,1
108825,25563313,38.99777,-77.36375,1,1
108829,705866369,39.00763,-77.41855,1,1
108999,25562181,39.00252,-77.37556,1,1
109164,19457381,39.01642,-77.37492,1,1
109371,26965223,39.00777,-77.41869,1,1
109478,25558066,39.00761,-77.41879,1,1
109493,90695568,39.01159,-77.36474,1,1
109513,25560067,39.03319,-77.40095,1,1
109653,26965217,39.00776,-77.41848,1,1
109682,25558741,38.99896,-77.40792,1,1
109710,25558885,38.99485,-77.40292,1,1
109711,25563731,39.02502,-77.39169,1,1
109740,25560143,39.03685,-77.41448,1,1
110370,1053903503,39.02109,-77.38368,1,1
110371,1053903502,39.0212,-77.38388,1,1
110372,1053903504,39.02095,-77.38342,1,1
110373,25563950,39.01947,-77.38063,1,1
110374,25563949,39.01924,-77.38083,1,1
110375,1053903508,39.01986,-77.382,1,1
110376,1053903507,39.02175,-77.38553,1,1
110377,1053903509,39.02255,-77.38702,1,1
110378,1053903505,39.01971,-77.38634,1,1
110379,25563660,39.01778,-77.38813,1,1
110380,1053903506,39.01853,-77.38735,1,1
110382,25563722,39.02164,-77.38472,1,1
110383,1053903510,39.02242,-77.3862,1,1
110622,248166480,38.99852,-77.40898,1,1
110645,25561778,39.00482,-77.39008,1,1
110648,19457477,39.02681,-77.40236,1,1
111035,25561982,38.99376,-77.37966,1,1
111087,26965278,39.02522,-77.40302,1,1
111273,26965232,39.01422,-77.41387,1,1
111274,25559755,39.01416,-77.41374,1,1
111275,1002865511,39.01457,-77.4136,1,1
111276,1002865512,39.01452,-77.41346,1,1
111512,1002865342,39.01865,-77.41044,1,1
111513,1002865343,39.0186,-77.41033,1,1
111514,1002865345,39.01745,-77.41121,1,1
111515,26965221,39.01603,-77.41246,1,1
111516,1002865344,39.01751,-77.41132,1,1
111517,25559759,39.01597,-77.41234,1,1
111605,1053845652,39.00762,-77.39688,1,1
111606,1053845651,39.00816,-77.39756,1,1
111607,25559149,39.00804,-77.39698,1,1
111608,1053845650,39.00844,-77.39652,1,1
111609,1053845655,39.00606,-77.39809,1,1
111610,25559088,39.0038,-77.40046,1,1
111611,1053845654,39.00722,-77.39718,1,1
111612,1053845653,39.00744,-77.39701,1,1
111613,1053845645,39.00786,-77.39606,1,1
111615,1053845648,39.01048,-77.39471,1,1
111616,1053845649,39.0087,-77.39632,1,1
111618,25559157,39.0077,-77.39543,1,1
111619,1053845646,39.00779,-77.3958,1,1
111620,25561761,39.00745,-77.39437,1,1
111621,1053845647,39.00755,-77.39481,1,1
111821,1050662033,39.01081,-77.36401,1,1
111823,1050662032,39.01051,-77.36396,1,1
112184,1050659538,39.00947,-77.36491,1,1
112185,1050535585,39.00645,-77.3659,1,1
112253,983879831,39.00367,-77.40063,1,1
112254,25558954,39.00168,-77.40326,1,1
112275,1050659995,39.00956,-77.3631,1,1
112276,1050659994,39.00874,-77.36544,1,1
112277,976969801,39.00929,-77.36224,1,1
112278,1050659537,39.00806,-77.36577,1,1
112436,25561942,38.99316,-77.38475,1,1
112437,983878002,39.01195,-77.3815,1,1
112438,25562307,39.01116,-77.38099,1,1
112439,983878001,39.00408,-77.40045,1,1
112440,25559087,39.00393,-77.40063,1,1
112441,25561799,39.01166,-77.39407,1,1
112442,983878000,39.01184,-77.39393,1,1
112443,983877998,38.99322,-77.38425,1,1
112444,983877999,39.01766,-77.38826,1,1
112445,25563852,39.01378,-77.38437,1,1
112446,983878007,39.01437,-77.38533,1,1
112447,25563659,39.01788,-77.3883,1,1
112448,983878006,39.01807,-77.3881,1,1
112449,983878004,39.01364,-77.38416,1,1
112450,25562248,39.01312,-77.38338,1,1
112453,25562265,39.01259,-77.38246,1,1
112454,983878003,39.01294,-77.38306,1,1
112458,983878008,38.99305,-77.38509,1,1
112460,983878009,39.01086,-77.38098,1,1
112461,25562277,39.01046,-77.38105,1,1
112651,983864351,39.00757,-77.41742,1,1
112750,976969802,39.00984,-77.36502,1,1
112766,976969424,39.03213,-77.40437,1,1
112768,976969421,39.02274,-77.36265,1,1
112769,25565365,39.0207,-77.36267,1,1
112774,976969428,39.01907,-77.36249,1,1
112775,94255829,39.01227,-77.36284,1,1
112776,976969429,39.01294,-77.3626,1,1
112894,94156631,39.00249,-77.37544,1,1
112895,976970921,39.00298,-77.37525,1,1
113253,1050659291,39.01211,-77.36737,1,1
113254,221992984,39.01103,-77.36572,1,1
113385,983867999,39.03181,-77.40077,1,1
113386,983867998,39.02857,-77.40147,1,1
113388,983867997,39.02853,-77.40246,1,1
113391,983867996,39.00621,-77.37556,1,1
113589,25565438,39.02863,-77.3628,1,1
113831,25563354,39.0093,-77.3746,1,1
113832,976981723,39.01228,-77.37158,1,1
114519,1050535581,39.00456,-77.36521,1,1
114520,219838951,39.00009,-77.36314,1,1
114521,1050535582,39.00402,-77.36495,1,1
114522,219838952,39.0001,-77.36338,1,1
114523,1050535583,39.00259,-77.36396,1,1
114525,1050535584,39.00408,-77.36524,1,1
114526,1050535580,39.0065,-77.36617,1,1
114527,25563477,39.00472,-77.36344,1,1
114528,1050535586,39.0067,-77.36619,1,1
114529,1050535587,39.0049,-77.36409,1,1
114530,1050535588,39.00481,-77.36376,1,1
114531,1050535589,39.00502,-77.36452,1,1
114532,303903308,39.00594,-77.36598,1,1
114533,1050535590,39.0063,-77.36612,1,1
115364,25562191,39.00723,-77.38453,1,1
115365,704842966,39.00735,-77.38421,1,1
115373,25559167,39.00825,-77.39799,1,1
115374,25559106,39.00859,-77.40057,1,1
202584,983911686,39.03128,-77.40105,1,1
202585,983911687,39.03157,-77.40306,1,1
207349,25561790,39.0078,-77.39024,1,1
211155,25558869,39.00836,-77.40889,1,1
213617,25558908,38.99512,-77.40209,1,1
228679,976969797,39.03047,-77.40258,1,1
228681,976969798,39.0286,-77.39904,1,1
231309,704842959,39.00863,-77.40001,1,1
