164,25614285,39.00359,-77.17976,1,1
165,977174808,39.00534,-77.17605,1,1
988,25620559,39.02217,-77.1427,0,0
989,806166254,39.02401,-77.14206,0,0
1572,215044941,39.03192,-77.13145,1,1
1573,968757520,39.03224,-77.13353,1,1
1797,939077378,39.02285,-77.17496,1,1
1798,25615929,39.02279,-77.17466,1,1
1801,25615764,39.02363,-77.18466,1,1
1802,939077380,39.02367,-77.18343,1,1
1876,19462061,39.02711,-77.14155,0,0
1881,968756955,39.0235,-77.14141,1,1
2066,703403828,39.02221,-77.14757,1,1
2067,25620471,39.02207,-77.14678,1,1
2631,25615469,39.0082,-77.15973,1,1
2632,977075235,39.00833,-77.15974,1,1
3148,939459191,39.00261,-77.18046,1,1
3804,939460004,39.01042,-77.16466,1,1
3805,25615369,39.0097,-77.16727,1,1
3807,939460005,39.01122,-77.16289,1,1
3808,939460006,39.01163,-77.16185,1,1
3809,25615445,39.01049,-77.16431,1,1
4796,875062791,39.03772,-77.14568,0,0
4797,824719535,39.03721,-77.1454,0,0
4798,875062790,39.0378,-77.14535,0,0
4799,25620988,39.03702,-77.14489,0,0
6107,939946455,39.01343,-77.13326,1,1
6110,977019781,39.01413,-77.13327,1,1
6340,977019210,39.01973,-77.14426,0,0
6341,25620475,39.01927,-77.14477,0,0
6597,25620503,39.02181,-77.14458,1,1
6598,25618768,39.00681,-77.14806,1,1
6599,940130140,39.00731,-77.14875,1,1
7859,851955100,39.03203,-77.13354,0,0
7860,215044939,39.03168,-77.13152,0,0
7861,25620908,39.03257,-77.13789,0,0
7882,886312939,38.99822,-77.16038,1,1
7885,25615285,38.99622,-77.16049,1,1
8203,851954495,39.03311,-77.14334,0,0
8204,25620647,39.02712,-77.14187,0,0
8561,25617767,39.03687,-77.15898,1,1
8899,25620668,39.03332,-77.14245,0,0
8904,824719534,39.03508,-77.1443,0,0
8905,19462059,39.03687,-77.14523,0,0
9450,25620426,39.01648,-77.14827,0,0
9451,976926098,39.01698,-77.14783,0,0
9761,942805486,39.02201,-77.16228,1,1
9762,977072860,39.02221,-77.16231,1,1
9959,942806012,39.01151,-77.16006,1,1
9960,977073444,39.01189,-77.16011,1,1
9977,977073438,39.01686,-77.16051,1,1
9978,25616900,39.01584,-77.16041,1,1
10987,942800034,39.02254,-77.14434,1,1
10988,942800031,39.0217,-77.14269,1,1
10989,19462090,39.02168,-77.14227,1,1
10990,940130139,39.02221,-77.14455,1,1
10991,942800033,39.02289,-77.14379,1,1
10992,703886230,39.02275,-77.14406,1,1
10993,942800032,39.02387,-77.14234,1,1
11143,25615632,39.0093,-77.15199,0,0
11259,941851453,39.02166,-77.14191,1,1
11261,941851451,39.02031,-77.14163,1,1
11262,25620590,39.02162,-77.14117,1,1
11263,941851452,39.01991,-77.14334,1,1
11697,25620824,39.02283,-77.13218,1,1
12605,25620730,39.02152,-77.13844,1,1
12606,976933265,39.02164,-77.13889,1,1
12906,25619034,39.00445,-77.13431,1,1
12907,25619029,39.00324,-77.13498,1,1
12908,939727808,39.00553,-77.13321,1,1
12909,25619085,39.00801,-77.13327,1,1
12910,939727807,39.00503,-77.13372,1,1
12911,25619072,39.00534,-77.1332,1,1
12912,939727809,39.00832,-77.13327,1,1
13080,914100710,39.01032,-77.15122,0,0
13081,983982558,39.01141,-77.15041,0,0
13594,25617057,39.02358,-77.16246,1,1
13595,976938377,39.0239,-77.16251,1,1
14374,976937196,39.01711,-77.16055,1,1
14375,25616901,39.01694,-77.16052,1,1
14492,977025882,39.0229,-77.13179,1,1
14493,940013079,39.02286,-77.132,1,1
15228,25615472,38.99458,-77.15816,0,0
15229,851865080,38.99491,-77.15821,0,0
15937,976939957,39.02053,-77.14312,1,1
15948,940015867,39.02689,-77.13177,1,1
15951,940015868,39.02679,-77.13182,1,1
16913,25620551,39.02171,-77.14294,1,1
16914,25620541,39.02157,-77.14356,1,1
16915,940013953,39.02173,-77.14322,1,1
16916,916277143,39.02155,-77.14307,1,1
16917,940013955,39.02325,-77.15492,1,1
16918,25617216,39.02324,-77.15393,1,1
17483,977044368,38.99812,-77.13105,1,1
17484,25618991,38.99803,-77.13098,1,1
17668,25617106,39.0304,-77.16167,1,1
17669,976946190,39.03054,-77.16165,1,1
17764,977045596,39.01196,-77.16039,1,1
17765,25615602,39.01207,-77.15585,1,1
17766,942806013,39.01185,-77.16096,1,1
17767,848134970,39.01225,-77.15907,1,1
17771,977045597,39.0275,-77.16182,1,1
17772,25617070,39.0269,-77.1619,1,1
18574,976945124,39.00684,-77.15963,1,1
18575,25615436,39.00667,-77.15962,1,1
18579,976945123,39.00708,-77.15965,1,1
18596,976945122,39.03266,-77.16118,1,1
18955,939457635,39.01176,-77.1506,0,0
18957,939457634,39.01297,-77.14922,0,0
18958,25615653,39.01284,-77.14949,0,0
19408,939948736,39.02239,-77.14932,1,1
19409,939948735,39.02064,-77.13459,1,1
19410,25620744,39.01981,-77.13441,1,1
19421,939948737,39.0228,-77.13231,1,1
19538,851479185,38.99678,-77.15836,0,0
19539,883449301,38.99703,-77.15834,0,0
19540,883449302,38.99884,-77.15801,0,0
19662,983993492,39.02118,-77.14381,1,1
19663,25620483,39.02054,-77.14423,1,1
20348,1002464952,39.03662,-77.15049,1,1
20349,1002464951,39.03661,-77.15086,1,1
20361,977037577,39.01644,-77.13319,1,1
20362,25620764,39.01591,-77.13322,1,1
20939,916169789,39.01325,-77.13326,1,1
20940,939946456,39.0128,-77.13327,1,1
20941,336667416,39.01239,-77.13328,1,1
20942,25620751,39.02102,-77.13468,1,1
21276,940022754,39.03684,-77.14928,1,1
21393,25621297,39.03694,-77.13828,1,1
21394,940023173,39.03716,-77.13995,1,1
21395,848135058,39.03696,-77.13546,1,1
21398,940023174,39.03703,-77.13575,1,1
21861,25617107,39.03112,-77.16155,1,1
21862,977041866,39.03119,-77.16154,1,1
21873,977041865,39.00139,-77.13246,1,1
21874,25618989,39.00126,-77.13242,1,1
22904,25617274,39.02258,-77.14951,1,1
23327,25615639,39.01045,-77.1508,0,0
23328,25620545,39.02142,-77.14284,0,0
23331,26974344,38.99637,-77.18714,1,1
24034,25617824,39.03743,-77.15402,1,1
24239,902114655,39.02367,-77.18782,1,1
25495,25620664,39.03154,-77.14195,0,0
25662,19462244,38.99508,-77.15789,0,0
26136,851476095,39.01382,-77.14928,0,0
26137,25615652,39.01284,-77.14949,0,0
26138,851476096,39.01382,-77.14949,0,0
26142,25615633,39.0093,-77.15199,1,1
26144,851476100,39.00958,-77.15256,1,1
26145,273125225,39.007,-77.15296,0,0
26146,851476099,39.00826,-77.15227,0,0
26148,25615517,39.00213,-77.15633,0,0
26150,851476098,39.00836,-77.15258,0,0
26151,25618792,39.01241,-77.14909,0,0
26153,851476097,39.01289,-77.1481,0,0
26157,851476101,39.00885,-77.15109,1,1
26651,215044946,39.03123,-77.13165,1,1
26671,25619033,39.00431,-77.13442,1,1
26845,25615326,38.9993,-77.16009,1,1
27056,25620640,39.02648,-77.14188,0,0
27593,25615426,39.00393,-77.15966,1,1
27738,25615432,39.00526,-77.15957,1,1
27886,25618687,39.00103,-77.14422,1,1
27962,25614348,39.00805,-77.17227,1,1
27993,25614382,39.00878,-77.17104,1,1
28326,25619116,39.01043,-77.13328,1,1
28388,25619115,39.00958,-77.13327,1,1
28391,25615186,38.99615,-77.16792,1,1
28436,25620933,39.02703,-77.13223,1,1
28518,273136191,39.02046,-77.14143,1,1
28725,25620466,39.02225,-77.14857,1,1
28786,25616839,39.02204,-77.16917,1,1
28980,273125055,39.01322,-77.14172,0,0
29466,25620771,39.01824,-77.13333,1,1
29701,25620759,39.01507,-77.13328,1,1
29772,336667413,39.00896,-77.13327,1,1
29855,25614268,38.99817,-77.17167,1,1
29914,19462089,39.02145,-77.14118,1,1
30122,942794512,39.02165,-77.13704,1,1
30126,287993967,39.02159,-77.13746,1,1
30358,273125224,39.00374,-77.15474,0,0
30484,25617265,39.02254,-77.15012,1,1
30705,25616909,39.02308,-77.16446,1,1
30718,25620931,39.02708,-77.13236,1,1
30840,25615327,39.00012,-77.15988,1,1
31216,25616886,39.01538,-77.16036,1,1
31235,25615946,39.02363,-77.17927,1,1
31933,25620932,39.02694,-77.13228,1,1
32131,25619083,39.00591,-77.13325,1,1
32232,25620977,39.03716,-77.14823,1,1
32383,25620557,39.0215,-77.14227,1,1
33399,25620733,39.02154,-77.13804,1,1
34492,25620980,39.03553,-77.14448,0,0
34812,25614123,38.9938,-77.18443,1,1
34873,336667421,39.0096,-77.13154,1,1
35017,19462063,39.0224,-77.14853,1,1
35121,19462088,39.02155,-77.13951,1,1
35128,25617126,39.03342,-77.1607,1,1
35236,336665924,39.01381,-77.16024,1,1
35939,25620832,39.02312,-77.13147,1,1
35948,25614103,38.99456,-77.18521,1,1
35995,25620930,39.02698,-77.13241,1,1
36244,25620548,39.02153,-77.14279,0,0
36543,25620504,39.02164,-77.14458,1,1
37361,336667412,39.00914,-77.13327,1,1
37799,273130552,39.03144,-77.1416,0,0
37966,25620769,39.01722,-77.13314,1,1
38062,25620831,39.02297,-77.13144,1,1
38610,25620752,39.02195,-77.13489,1,1
38973,25620753,39.02208,-77.13504,1,1
39019,336667925,39.00478,-77.13317,1,1
39046,25615185,38.99698,-77.16941,1,1
39081,25620492,39.02173,-77.1454,1,1
39246,976960387,39.01348,-77.14958,0,0
39250,26967947,39.02187,-77.14519,1,1
39253,976960385,39.022,-77.1448,1,1
39254,25615650,39.01265,-77.14979,0,0
39255,976960386,39.02163,-77.14509,1,1
39526,215044937,39.03153,-77.13156,0,0
39619,336667422,39.00961,-77.13128,1,1
39700,25621047,39.03748,-77.14136,1,1
39716,25617202,39.02327,-77.15638,1,1
39984,25620473,39.01916,-77.14522,0,0
40295,25620556,39.02209,-77.14248,0,0
40855,25620637,39.02479,-77.14197,0,0
40856,25620636,39.02473,-77.14168,0,0
40857,874993944,39.02558,-77.14192,0,0
40858,874993943,39.02557,-77.14161,0,0
40863,287967749,39.03247,-77.13709,0,0
40864,874993939,39.03248,-77.13718,0,0
41324,215044954,39.0323,-77.13712,0,0
41325,874994032,39.03231,-77.13721,0,0
41494,19462087,39.02138,-77.13844,1,1
42193,968756957,39.02856,-77.14153,0,0
42194,976962323,39.02931,-77.14152,0,0
42205,25620682,39.03282,-77.13956,0,0
42622,25620732,39.02139,-77.13803,1,1
42733,25617179,39.02328,-77.15756,1,1
42842,976962469,39.02326,-77.15562,1,1
43377,25615480,38.99543,-77.15793,0,0
43378,25615478,38.99576,-77.15831,0,0
43465,336667417,39.01223,-77.13328,1,1
43552,19462062,39.03233,-77.13739,0,0
43553,851479117,39.03169,-77.13385,1,1
43554,851479116,39.03238,-77.13796,0,0
43555,851479118,39.03144,-77.13272,1,1
43556,215044945,39.03132,-77.13206,1,1
44061,25616842,39.0223,-77.16768,1,1
45843,940462817,38.99335,-77.16305,1,1
46619,939946457,39.02122,-77.13471,1,1
46620,942791713,39.02139,-77.13475,1,1
46919,336679886,39.02227,-77.14868,1,1
46920,967784149,39.02234,-77.14908,1,1
46921,336679884,39.02244,-77.14873,1,1
46922,967784147,39.02249,-77.14904,1,1
47079,940463614,38.99413,-77.16148,1,1
47948,942790998,39.02236,-77.13372,1,1
47950,942790997,39.02185,-77.13528,1,1
47951,942790994,39.02162,-77.13625,1,1
47952,942790995,39.0217,-77.1367,1,1
47953,25620736,39.02154,-77.1367,1,1
47954,942790993,39.02238,-77.13409,1,1
47955,312345991,39.02228,-77.13438,1,1
47956,942790992,39.02255,-77.13363,1,1
47957,942790991,39.02282,-77.13282,1,1
49657,851479184,38.99704,-77.15801,0,0
49658,882172566,39.0028,-77.15545,0,0
50768,273130557,39.03254,-77.13965,0,0
50771,810292339,39.03317,-77.14221,0,0
50842,312346001,39.03081,-77.13179,1,1
51018,25614150,39.00353,-77.18437,1,1
51043,25618982,38.99865,-77.13141,1,1
52261,25620542,39.02175,-77.14349,1,1
53620,25618739,39.00182,-77.14355,1,1
53950,25617061,39.02497,-77.16256,1,1
54083,25614119,38.99988,-77.18533,1,1
54506,25614088,38.99711,-77.18792,1,1
54530,25615336,39.00226,-77.15975,1,1
54544,25614089,38.99739,-77.18824,1,1
54700,336676703,38.99302,-77.15752,0,0
55550,942805488,39.02331,-77.16119,1,1
55551,25616915,39.0233,-77.16242,1,1
55553,942805487,39.02279,-77.16238,1,1
55554,273153626,39.02178,-77.16225,1,1
55556,942805485,39.02137,-77.16214,1,1
55557,25616918,39.01954,-77.16143,1,1
55560,942805492,39.02423,-77.16254,1,1
55561,942805491,39.02443,-77.16256,1,1
55562,942805490,39.02317,-77.16337,1,1
55563,25616913,39.02316,-77.16397,1,1
55564,942805489,39.02331,-77.15954,1,1
55567,942805493,39.02242,-77.16234,1,1
56386,25619018,39.00376,-77.13729,1,1
56556,25620549,39.02153,-77.14279,1,1
56569,25620978,39.03754,-77.14703,1,1
56797,939587985,39.00471,-77.13942,1,1
56802,25619015,39.00401,-77.13805,1,1
57172,939588170,39.00614,-77.14716,1,1
57173,25618777,39.00516,-77.14538,1,1
57174,939588169,39.00505,-77.14491,1,1
58843,848134834,39.03275,-77.1391,0,0
58845,848134835,39.03262,-77.13827,0,0
58958,25620472,39.02188,-77.14658,1,1
58959,704072608,39.02207,-77.1476,1,1
59314,25621319,39.03688,-77.13508,1,1
59390,939489772,38.99374,-77.16344,1,1
59391,939489773,38.99381,-77.16384,1,1
59392,25615221,38.99404,-77.16409,1,1
59393,939489771,38.9944,-77.16478,1,1
60534,848134006,39.01323,-77.14845,0,0
61642,940474320,39.00246,-77.18055,1,1
61643,25614130,39.0003,-77.18444,1,1
61644,940474318,39.00235,-77.18153,1,1
61645,25614131,39.00206,-77.18089,1,1
61646,940474319,39.00182,-77.18131,1,1
61647,940474317,39.00149,-77.17949,1,1
61648,940474316,39.00169,-77.17998,1,1
61649,940474312,39.00126,-77.17893,1,1
61650,940474315,39.001,-77.1783,1,1
61651,940474311,39.00158,-77.17971,1,1
61652,26988150,39.00004,-77.176,1,1
61653,940474314,39.00044,-77.17696,1,1
61654,940474313,39.00114,-77.17864,1,1
62141,939484415,39.00246,-77.18176,1,1
62142,939484416,39.00298,-77.18297,1,1
62430,942806011,39.0129,-77.16017,1,1
62431,25615470,39.01108,-77.16,1,1
62432,942806010,39.01312,-77.16019,1,1
62434,942806014,39.01213,-77.15954,1,1
62435,848134605,39.01171,-77.16156,1,1
62436,25615471,39.012,-77.16012,1,1
62654,940557510,39.00417,-77.13452,1,1
62655,939727806,39.00356,-77.13487,1,1
62762,976986233,39.02935,-77.16183,1,1
62958,215044940,39.03168,-77.13152,1,1
64102,25617125,39.03299,-77.16102,1,1
64117,25614118,38.99892,-77.18734,1,1
64172,25617762,39.03602,-77.15902,1,1
64565,25619124,39.0096,-77.13209,1,1
64904,25615334,39.00126,-77.1597,1,1
64926,25620606,39.02141,-77.13955,1,1
64953,19462091,39.0227,-77.15096,1,1
64959,25615651,39.01265,-77.14979,0,0
65336,25620734,39.02144,-77.13743,1,1
65449,215044938,39.03153,-77.13156,1,1
65548,25617067,39.02616,-77.16219,1,1
65755,25616916,39.02318,-77.16241,1,1
65846,939583499,38.99444,-77.16129,1,1
65847,939583498,38.99487,-77.16098,1,1
65848,287182210,38.99425,-77.16141,1,1
65903,25614134,39.00508,-77.18795,1,1
66167,25620642,39.02642,-77.14157,0,0
66659,25614247,38.9993,-77.17429,1,1
67002,25617514,39.03386,-77.16028,1,1
67272,942802781,39.03183,-77.13094,1,1
67274,942802780,39.03056,-77.13187,1,1
67275,312346005,39.03005,-77.13205,1,1
67412,25620828,39.02296,-77.13223,1,1
67456,25620644,39.02654,-77.14157,0,0
68123,25617250,39.02276,-77.15049,1,1
68319,25617201,39.02312,-77.15638,1,1
68321,25617215,39.02309,-77.15393,1,1
68332,1002514534,39.02314,-77.1576,1,1
68378,25621021,39.0341,-77.14285,0,0
68696,25620754,39.02213,-77.13487,1,1
70184,25620546,39.02155,-77.14307,0,0
70664,19462064,39.01951,-77.14481,0,0
70740,25620605,39.02136,-77.13984,1,1
71216,261457744,39.02964,-77.13219,1,1
71509,939492721,39.01062,-77.15996,1,1
72030,848135481,39.02142,-77.14198,1,1
72456,851955099,39.03265,-77.13814,0,0
72457,939582325,39.03334,-77.14041,0,0
72914,25620765,39.0166,-77.13318,1,1
72915,25616925,39.02317,-77.16055,1,1
74581,848135748,39.01117,-77.1547,1,1
74734,25618823,39.00544,-77.14043,1,1
75140,848135649,39.00359,-77.13668,1,1
75318,25619067,39.00406,-77.13259,1,1
75458,19462065,39.01899,-77.14511,0,0
76291,25617104,39.02943,-77.16182,1,1
76333,25615939,39.02208,-77.17083,1,1
76395,25614124,38.99325,-77.18374,1,1
76593,25615635,39.00915,-77.15169,0,0
76598,25619070,39.0052,-77.13335,1,1
76869,25617251,39.02284,-77.15092,1,1
77335,287181704,39.02266,-77.16622,1,1
78578,977179668,39.00211,-77.18099,1,1
78766,940787745,38.99303,-77.16231,1,1
79197,25616911,39.02312,-77.16423,1,1
79973,25615601,39.01193,-77.15565,1,1
80267,25614241,38.9973,-77.16996,1,1
80814,25620979,39.0363,-77.14494,0,0
81178,939500843,39.00081,-77.14441,1,1
81179,939500842,39.00069,-77.14451,1,1
81180,939500841,38.99975,-77.1453,1,1
81181,939500840,38.99963,-77.1454,1,1
81182,939500846,39.00424,-77.1415,1,1
81183,939500845,39.00315,-77.14245,1,1
81185,939500844,39.00302,-77.14255,1,1
81186,25618740,39.00202,-77.14338,1,1
81187,939500848,39.005,-77.14082,1,1
81188,939500847,39.00438,-77.14138,1,1
81193,25618683,38.99937,-77.14562,1,1
81194,939500839,38.99853,-77.14638,1,1
81196,939500838,38.99836,-77.14653,1,1
81197,939500837,38.99707,-77.14762,1,1
81198,939500836,38.99693,-77.14774,1,1
81199,25618666,38.99579,-77.14859,1,1
81200,939500835,38.99475,-77.14936,1,1
81201,939500834,38.99453,-77.14951,1,1
81202,939500833,38.99373,-77.1501,1,1
81203,25615521,38.99353,-77.15025,1,1
81359,25615280,38.99537,-77.16065,1,1
81409,25615364,39.00927,-77.16944,1,1
81499,215044953,39.03235,-77.13588,0,0
82435,336676706,38.99299,-77.15784,0,0
83013,25621398,39.03626,-77.13239,1,1
83038,25615425,39.00308,-77.15975,1,1
83408,25620667,39.03332,-77.14245,0,0
83676,25614248,38.99919,-77.17402,1,1
83943,25620748,39.02193,-77.13561,1,1
84024,287967748,39.03216,-77.13591,0,0
84511,336667415,39.01075,-77.13328,1,1
84783,939458764,39.00915,-77.15169,1,1
85141,25617266,39.02268,-77.15006,1,1
85256,977182006,39.01268,-77.16016,1,1
85643,25614332,39.00704,-77.174,1,1
85838,25620825,39.02294,-77.13235,1,1
86071,336667414,39.01099,-77.13328,1,1
117738,25615772,39.02368,-77.18308,1,1
132850,940013954,39.02157,-77.14347,1,1
132853,25617207,39.02326,-77.15535,1,1
133701,977045595,39.01251,-77.15709,1,1
137334,25621304,39.03707,-77.13734,1,1
144916,273125109,39.01324,-77.14308,0,0
158669,25617176,39.02331,-77.15924,1,1
171486,25616926,39.02332,-77.16054,1,1
173113,25618818,39.00549,-77.14219,1,1
184253,1002514531,39.02327,-77.15615,1,1
184255,1002514533,39.02312,-77.15614,1,1
