86372,905172363,39.03486,-77.52411,1,1
86373,100733444,39.0345,-77.52429,1,1
86374,905172365,39.03054,-77.5269,1,1
86375,905172367,39.02969,-77.52732,1,1
86376,905172366,39.02922,-77.52814,1,1
86377,905172368,39.03367,-77.52478,1,1
86378,704842955,39.03271,-77.52535,1,1
86382,905172755,39.03015,-77.52721,1,1
86553,1002907453,38.99396,-77.52822,1,1
86556,1002907454,38.99396,-77.52809,1,1
86655,905174006,39.0345,-77.52444,1,1
86656,905172754,39.03389,-77.52495,1,1
87564,100733133,39.02048,-77.53194,1,1
87565,804298934,39.02326,-77.53139,1,1
87619,25536570,39.00686,-77.49326,0,0
87620,100746830,39.00701,-77.49295,0,0
87621,890517269,39.01011,-77.49823,1,1
87622,890517267,39.00991,-77.49888,1,1
87623,890517270,39.0107,-77.49613,1,1
87625,890517268,39.01097,-77.49513,1,1
87909,890518818,38.99715,-77.52911,1,1
87914,890518815,38.99776,-77.53036,1,1
87915,890518816,38.99783,-77.53061,1,1
88801,100732814,39.00582,-77.53027,1,1
88802,999118685,39.00848,-77.531,1,1
89645,100734700,39.03088,-77.51048,1,1
89695,100734735,39.03222,-77.50966,1,1
89696,828322370,39.03235,-77.50989,1,1
89794,844608880,39.01187,-77.49266,1,1
89795,100734552,39.01116,-77.49532,1,1
89796,844608879,39.01162,-77.49273,1,1
90025,906675725,39.01694,-77.48366,1,1
90266,983858548,38.99691,-77.47935,1,1
90268,25536642,38.99777,-77.47888,0,0
90271,100733515,39.03694,-77.52042,1,1
90272,100734698,39.03049,-77.51041,1,1
90430,19460526,39.03493,-77.51745,0,0
90544,100735009,39.03422,-77.51428,0,0
90673,100734726,39.03025,-77.50847,1,1
90971,25537598,39.02385,-77.47793,1,1
91293,100734733,39.03098,-77.50763,1,1
91600,19460527,39.0349,-77.51634,0,0
91620,25537330,39.03144,-77.49215,1,1
91665,25536611,38.9999,-77.48244,0,0
91826,100734485,39.01273,-77.50055,0,0
91842,221993171,38.99547,-77.48267,1,1
92058,100735008,39.03397,-77.51451,0,0
92207,100735015,39.03611,-77.513,1,1
92246,100734701,39.03314,-77.5124,0,0
92510,100735436,39.03731,-77.50357,1,1
92614,19460528,39.03343,-77.51227,0,0
92792,219866361,38.99462,-77.48931,1,1
93106,100735428,39.03631,-77.50424,1,1
93150,100735407,39.03616,-77.50434,1,1
93819,94256546,39.02176,-77.48053,1,1
93845,25536649,38.99788,-77.48072,1,1
93898,94256514,38.99705,-77.47862,1,1
94029,25536651,38.99849,-77.48098,1,1
94067,100733481,39.03681,-77.52296,1,1
94220,100735016,39.03625,-77.51298,1,1
94386,25537589,39.02385,-77.4783,1,1
94445,25536641,38.99715,-77.47886,1,1
94461,100734732,39.03109,-77.5078,1,1
94557,100735412,39.03624,-77.50406,1,1
94663,25536657,38.99925,-77.47964,1,1
94893,983969793,38.99465,-77.50276,1,1
94894,844898883,38.99396,-77.5035,1,1
94896,983969794,39.02161,-77.48077,1,1
94897,958062426,39.019,-77.48249,1,1
95026,100734737,39.03194,-77.50922,1,1
95034,100732817,39.0107,-77.53159,1,1
95216,219866351,38.99484,-77.48581,1,1
95329,221996160,39.00585,-77.49874,1,1
95331,983971376,38.99425,-77.49584,1,1
95490,983971377,39.0068,-77.49817,1,1
95491,983972004,39.00929,-77.49834,1,1
95961,100734502,39.01039,-77.49796,1,1
95974,25536619,38.9964,-77.48014,1,1
96361,25536623,38.99653,-77.4798,1,1
96533,25536618,38.99605,-77.48042,1,1
96561,100734503,39.0114,-77.49984,1,1
96577,25536633,38.99673,-77.48009,1,1
96611,19453213,39.02375,-77.478,1,1
96742,100734854,39.03327,-77.50559,1,1
96801,19453214,39.02297,-77.47885,1,1
96937,94256507,38.99638,-77.4796,1,1
97008,100734856,39.03319,-77.50544,1,1
97090,100734990,39.03521,-77.51727,0,0
97137,25537411,39.03146,-77.49199,1,1
97659,100734993,39.03461,-77.51646,0,0
98652,100734487,39.01006,-77.49898,1,1
98999,268739115,38.99962,-77.48196,0,0
99018,100734813,39.02501,-77.50571,0,0
99101,25537377,39.02756,-77.48726,1,1
99360,268739714,39.02298,-77.50612,0,0
99441,268739114,38.99981,-77.4817,0,0
99902,100735411,39.03609,-77.50414,1,1
99955,19460639,38.99788,-77.47847,0,0
100180,303921177,39.01447,-77.48466,1,1
100255,25537077,39.03371,-77.49839,1,1
100367,100735435,39.03725,-77.50339,1,1
100530,19460525,39.0358,-77.51908,0,0
101007,25537378,39.02766,-77.48717,1,1
101179,268739713,39.02299,-77.50574,0,0
101288,219866364,38.99428,-77.49213,1,1
101429,94256515,38.99619,-77.48066,1,1
101515,222027914,39.02165,-77.48038,1,1
101744,100734538,39.01096,-77.497,0,0
102056,287951075,39.00395,-77.49985,1,1
102057,888412842,39.00498,-77.49925,1,1
102114,902148303,39.00135,-77.52909,1,1
103378,94257109,38.99464,-77.48577,1,1
103568,25537078,39.03386,-77.49839,1,1
103762,221993172,38.99528,-77.48257,1,1
104252,100734504,39.01097,-77.49956,1,1
104612,925691437,39.00145,-77.5014,1,1
105102,828652677,39.01201,-77.49722,1,1
105442,94257110,38.99533,-77.48243,1,1
105443,825086807,38.99575,-77.48126,1,1
105444,825086804,38.99594,-77.48135,1,1
105445,94257144,38.99552,-77.48254,1,1
106022,902158694,38.99327,-77.50238,1,1
106389,219860024,39.03659,-77.50533,1,1
106436,824856888,39.00084,-77.5291,1,1
106437,19457433,39.01245,-77.50065,0,0
106440,100734718,39.02888,-77.5096,1,1
106551,25537507,39.02632,-77.48468,1,1
106909,100733457,39.03527,-77.52385,1,1
106928,25537590,39.02396,-77.47825,1,1
106944,19457401,39.02275,-77.47878,1,1
106947,902149817,39.03046,-77.52669,1,1
107042,219860023,39.03672,-77.50525,1,1
107278,100734812,39.0249,-77.50612,0,0
107366,100734475,39.00309,-77.50035,1,1
107454,219866355,38.99431,-77.49488,1,1
107583,100734724,39.03013,-77.50836,1,1
107646,19457434,39.01126,-77.49689,0,0
107979,100733477,39.03649,-77.52314,1,1
108041,100735533,39.03449,-77.50136,1,1
108116,25537367,39.02847,-77.48944,1,1
108157,100734540,39.01075,-77.49672,1,1
108193,100732818,39.01245,-77.53168,1,1
108223,221993310,38.9941,-77.49482,1,1
108404,303921494,39.01192,-77.49029,1,1
108582,100733519,39.03552,-77.51925,0,0
108591,219866359,38.99448,-77.49215,1,1
108638,100735534,39.03461,-77.50124,1,1
109260,303921495,39.01176,-77.4903,1,1
109382,902149818,39.03056,-77.52663,1,1
109384,100734768,39.01379,-77.50348,0,0
110302,958062425,39.01699,-77.48386,1,1
110303,947735690,39.01893,-77.48227,1,1
110304,94256545,39.01447,-77.48442,1,1
110575,100734717,39.02875,-77.50946,1,1
110744,25537430,39.02861,-77.48937,1,1
111650,100734766,39.01359,-77.50376,0,0
111651,983872016,39.01714,-77.50617,0,0
111652,983872017,39.00287,-77.48861,0,0
111653,25536612,39.00007,-77.48213,0,0
112387,983877948,39.00904,-77.4955,1,1
112392,983877946,39.03646,-77.52248,1,1
112402,983877940,39.03139,-77.52641,1,1
112403,905172364,39.03064,-77.52684,1,1
112429,983877954,39.02704,-77.50717,1,1
112474,824856887,38.9979,-77.53029,1,1
112475,824856889,38.99799,-77.53053,1,1
112476,706143931,38.99734,-77.52915,1,1
112649,983864352,39.02724,-77.48686,1,1
112650,25537506,39.02621,-77.48472,1,1
112907,1037682605,38.99685,-77.52883,1,1
112908,901358597,38.99562,-77.52832,1,1
112909,1037682606,38.99691,-77.52871,1,1
112910,901358598,38.99562,-77.5282,1,1
113358,704842956,39.02705,-77.52977,1,1
113359,1037682575,39.0286,-77.52886,1,1
113416,25537384,39.02958,-77.49146,1,1
113417,1002862973,39.03005,-77.49178,1,1
113418,1002862974,39.03059,-77.49202,1,1
113419,1002862972,39.0301,-77.49163,1,1
113420,1002862975,39.03067,-77.49186,1,1
113421,25537386,39.02966,-77.49131,1,1
113454,25537337,39.03327,-77.49342,1,1
113455,1002861523,39.03352,-77.49435,1,1
113456,1002861522,39.03366,-77.49426,1,1
113457,25537329,39.03316,-77.49353,1,1
113466,100735005,39.03718,-77.51544,1,1
113468,100735006,39.03727,-77.5153,1,1
113469,100735120,39.03664,-77.51025,1,1
113470,100735121,39.03677,-77.51035,1,1
113471,1002861505,39.03676,-77.50991,1,1
113472,1002861506,39.0369,-77.50998,1,1
113473,100735373,39.03713,-77.50713,1,1
113474,1002861507,39.0371,-77.50869,1,1
113475,100735374,39.03726,-77.5071,1,1
113476,1002861508,39.03724,-77.50874,1,1
114195,219866366,38.99441,-77.48929,1,1
114196,706118006,38.99453,-77.48732,1,1
114231,828375300,39.01209,-77.49764,1,1
114232,828375301,39.01223,-77.4983,1,1
114326,828374831,38.99914,-77.47923,1,1
115370,236100307,39.02623,-77.53017,1,1
205730,90694265,39.01194,-77.4905,1,1
205732,94155312,39.01178,-77.49051,1,1
206202,983960501,38.99798,-77.47985,1,1
217680,984081757,39.01142,-77.49818,1,1
217681,983860899,38.99629,-77.47951,1,1
219003,26952163,39.03373,-77.49614,1,1
229409,1002861510,39.03716,-77.50811,1,1
229411,1002861509,39.03731,-77.50807,1,1
