880,945792957,39.08211,-76.9607,1,1
881,941850309,39.081,-76.95865,1,1
882,945792958,39.08119,-76.95848,1,1
2143,939662808,39.0492,-76.99319,1,1
2144,25717205,39.04827,-76.9929,1,1
2145,26965629,39.04824,-76.99306,1,1
2146,939662807,39.04921,-76.99303,1,1
2757,25734983,39.07409,-77.00254,1,1
2758,939661524,39.07453,-77.00241,1,1
3035,1038435653,39.03855,-76.99018,1,1
3036,25717139,39.03825,-76.99003,1,1
3039,25717140,39.03832,-76.98982,1,1
3040,1038435671,39.03865,-76.98998,1,1
4414,25737441,39.07642,-76.97186,1,1
6562,940129943,39.06698,-76.96004,1,1
7665,940130303,39.04616,-76.98765,1,1
7666,25717265,39.04494,-76.98955,1,1
9478,939467255,39.07403,-77.00666,1,1
9479,25734319,39.07316,-77.00829,1,1
11391,942051014,39.07634,-77.00191,1,1
11392,942051013,39.07565,-77.00062,1,1
11393,25735422,39.07564,-77.00034,1,1
11394,942051017,39.07476,-77.00214,1,1
11395,942051016,39.07448,-77.00222,1,1
11396,19463582,39.07402,-77.00236,1,1
11397,942051015,39.07663,-77.00184,1,1
11398,942051012,39.07568,-77.00109,1,1
11399,942051010,39.07562,-77.0034,1,1
11965,25717066,39.03979,-76.99054,1,1
11966,942869337,39.04087,-76.99102,1,1
12023,942060261,39.06195,-76.99866,1,1
12024,25734879,39.06156,-76.99851,1,1
12025,25734880,39.0616,-76.99835,1,1
12028,942060260,39.06239,-76.99884,1,1
12029,942060259,39.06395,-76.9993,1,1
12091,1045031468,39.07605,-77.00178,1,1
12092,25735395,39.07575,-77.00205,1,1
12093,1045031467,39.07633,-77.00171,1,1
12094,19463580,39.07573,-77.00185,1,1
12095,1045031463,39.07573,-77.00266,1,1
12096,1045031465,39.07575,-77.00233,1,1
12097,939665471,39.07667,-77.00164,1,1
12098,1045031471,39.07737,-77.00153,1,1
12099,1045031469,39.07608,-77.00197,1,1
12100,942051011,39.07571,-77.00292,1,1
12101,1045031442,39.07739,-77.00172,1,1
12102,1045031441,39.07548,-77.00383,1,1
12103,25735375,39.07543,-77.00399,1,1
12104,939665472,39.07702,-77.00177,1,1
12105,1045031444,39.07556,-77.0036,1,1
13955,939730513,39.06484,-76.98103,1,1
13956,25736674,39.0645,-76.98135,1,1
17573,25737424,39.07647,-76.97256,1,1
17877,942055987,39.07548,-76.99704,1,1
17878,942055986,39.07545,-76.99604,1,1
17880,942055984,39.0756,-76.99489,1,1
17881,25735554,39.07548,-76.99397,1,1
17882,942055991,39.0761,-76.99352,1,1
17884,942055989,39.0751,-76.99323,1,1
17885,942055988,39.07478,-76.99268,1,1
17886,25735239,39.0746,-76.99226,1,1
18243,916165617,39.05053,-76.98034,1,1
19681,19463578,39.07316,-77.00264,1,1
19682,1045020865,39.07378,-77.00244,1,1
19683,1045020874,39.07381,-77.00262,1,1
19684,25734982,39.07323,-77.00279,1,1
20529,26982449,39.04452,-76.99205,1,1
20546,25717193,39.04559,-76.99228,1,1
20547,25717191,39.04571,-76.99249,1,1
20548,931969869,39.04652,-76.99267,1,1
20549,25717194,39.04581,-76.99233,1,1
20550,931969870,39.04628,-76.99244,1,1
20659,1038079853,39.04078,-76.99122,1,1
20660,25717063,39.03969,-76.99073,1,1
21637,25734991,39.06567,-77.00028,1,1
21638,1045023886,39.06608,-77.00059,1,1
21639,25734989,39.06563,-77.00044,1,1
21640,1045023884,39.06601,-77.00072,1,1
23048,25735368,39.07486,-77.00509,1,1
23873,25734894,39.05952,-76.99791,1,1
23917,25717035,39.04209,-76.99409,1,1
24014,940262435,39.04786,-76.98463,1,1
24016,25717289,39.04727,-76.98561,1,1
25044,25735404,39.07919,-77.00151,1,1
25298,25734993,39.06508,-76.99988,1,1
25763,25734875,39.05854,-76.99772,1,1
26436,25737495,39.0776,-76.96627,1,1
26865,25736903,39.06344,-76.96586,1,1
27004,25717288,39.04738,-76.98574,1,1
27427,19463583,39.07918,-77.00132,1,1
27563,942143483,39.06364,-76.96164,1,1
27565,704887835,39.06283,-76.96225,1,1
27566,942143482,39.06223,-76.96119,1,1
27574,942143481,39.06233,-76.96156,1,1
27575,25737671,39.06208,-76.96058,1,1
27732,25736884,39.058,-76.96861,1,1
27991,25716875,39.04098,-76.99585,1,1
28132,288029522,39.05983,-76.98533,1,1
28463,25735075,39.05518,-76.99554,1,1
28501,336662044,39.06026,-76.96465,1,1
29418,336663336,39.04291,-76.99258,1,1
29665,26966471,39.05563,-76.97197,1,1
30177,25737792,39.0678,-76.9595,1,1
30223,336663339,39.04367,-76.99157,1,1
30303,25734872,39.05678,-76.997,1,1
31040,941853330,39.08235,-76.96061,1,1
31087,25737499,39.07779,-76.9656,1,1
31446,25736743,39.06524,-76.97827,1,1
31447,939507388,39.06526,-76.9788,1,1
31454,939507389,39.06532,-76.97776,1,1
31466,939507390,39.06531,-76.97241,1,1
31467,25736960,39.06493,-76.97117,1,1
31471,939507391,39.06594,-76.97575,1,1
31776,336663894,39.04102,-76.99579,1,1
32278,25720401,39.05202,-76.97789,1,1
32586,25717217,39.05363,-76.9943,1,1
32877,336663337,39.04315,-76.9924,1,1
33677,25735117,39.06171,-76.9925,1,1
33687,25734955,39.07136,-77.00332,1,1
34241,25734949,39.07029,-77.00324,1,1
34573,25734919,39.06945,-77.00324,1,1
35603,25734932,39.06948,-77.00305,1,1
35736,25735302,39.06778,-76.98579,1,1
36420,25735182,39.05981,-76.98544,1,1
36734,336662075,39.05921,-76.96614,1,1
36735,942140651,39.05888,-76.96666,1,1
36736,336663849,39.06121,-76.96353,1,1
36737,942140652,39.05965,-76.96546,1,1
36739,942140653,39.06185,-76.96299,1,1
36742,25736885,39.05781,-76.96843,1,1
37280,25717216,39.05359,-76.99445,1,1
37404,25735329,39.07358,-76.99001,1,1
37775,25716877,39.04079,-76.99589,1,1
37988,939960790,39.06161,-76.9589,1,1
37989,25737692,39.06113,-76.95775,1,1
38550,25717097,39.04126,-76.99119,1,1
38816,26965626,39.07132,-77.00316,1,1
39085,25717223,39.05205,-76.99365,1,1
39552,287626283,39.06967,-76.98747,1,1
39758,25734990,39.06504,-77.00005,1,1
40003,25736549,39.05988,-76.98427,1,1
40191,336662076,39.06551,-76.96067,1,1
40226,25736823,39.05629,-76.97139,1,1
40992,25734248,39.07063,-77.01253,1,1
41147,25734876,39.05856,-76.99753,1,1
41170,25735152,39.06125,-76.99033,1,1
41336,25734992,39.06445,-76.99972,1,1
41391,25734196,39.06883,-77.01496,1,1
41727,26965628,39.06069,-76.99805,1,1
41810,25734888,39.06421,-76.99959,1,1
42514,25717089,39.04331,-76.99194,1,1
42743,25737659,39.06262,-76.96269,1,1
43382,25717266,39.04482,-76.9895,1,1
43637,25734895,39.05952,-76.99774,1,1
43705,25720316,39.05071,-76.9805,1,1
44036,336663852,39.06405,-76.96232,1,1
46363,704887837,39.06283,-76.96351,1,1
46364,942139337,39.06303,-76.96431,1,1
47113,336662046,39.06256,-76.96244,1,1
47122,704887840,39.06236,-76.96257,1,1
47124,704887838,39.06252,-76.96341,1,1
47126,704887836,39.06245,-76.96203,1,1
47127,273136165,39.06275,-76.96322,1,1
50220,25734893,39.06425,-76.99942,1,1
50551,940298672,39.07332,-76.98971,1,1
50552,25735333,39.07219,-76.98879,1,1
50555,939499781,39.0665,-76.98363,1,1
50556,940298673,39.0666,-76.98393,1,1
50965,336663497,39.06149,-76.98423,1,1
51603,942073322,39.04388,-76.99189,1,1
51605,942073323,39.04383,-76.99328,1,1
51607,25717092,39.04353,-76.9918,1,1
51894,336663498,39.06306,-76.98272,1,1
51931,25738261,39.076,-76.95771,1,1
52364,336663361,39.06328,-76.98251,1,1
52398,25737658,39.06268,-76.96297,1,1
53424,287625184,39.07732,-76.95912,1,1
53727,25738260,39.07643,-76.95801,1,1
54783,25734873,39.05687,-76.99682,1,1
54878,25735339,39.07015,-76.98773,1,1
54940,287625249,39.07791,-76.98775,1,1
55257,287626914,39.05946,-76.96624,1,1
56260,336662043,39.06497,-76.96136,1,1
56513,336663360,39.06162,-76.98411,1,1
56631,25735571,39.0772,-76.99118,1,1
59768,336663893,39.04091,-76.99569,1,1
59769,942071423,39.04116,-76.99529,1,1
60159,940035067,39.07643,-76.97123,1,1
60160,979530342,39.0765,-76.97061,1,1
60312,25717044,39.0418,-76.99429,1,1
60313,977095525,39.04497,-76.99249,1,1
60315,977095527,39.0416,-76.99174,1,1
60317,977095523,39.04181,-76.99122,1,1
60318,25717187,39.04439,-76.99282,1,1
60319,977095524,39.04497,-76.99157,1,1
60320,977095521,39.04527,-76.99206,1,1
60322,977095519,39.0428,-76.99077,1,1
60323,977095520,39.04282,-76.99146,1,1
60324,977095518,39.04231,-76.99183,1,1
60326,977095517,39.0437,-76.99205,1,1
60328,977095515,39.04395,-76.99311,1,1
60329,25717085,39.04266,-76.99177,1,1
60331,25717087,39.04381,-76.99208,1,1
60332,931969871,39.04483,-76.99212,1,1
60333,977095514,39.04521,-76.9922,1,1
60335,977095513,39.04239,-76.9934,1,1
60337,977095530,39.03938,-76.99763,1,1
60338,25716857,39.03932,-76.99769,1,1
60339,977095529,39.03952,-76.99774,1,1
60340,25716856,39.03941,-76.99785,1,1
60341,25717204,39.0477,-76.99278,1,1
60342,977095528,39.04777,-76.99279,1,1
60732,848134131,39.06733,-76.98521,1,1
60749,977095757,39.04135,-76.99153,1,1
60750,25717070,39.04101,-76.99132,1,1
63159,25734244,39.07075,-77.01266,1,1
63365,25736924,39.06576,-76.97366,1,1
63448,25717182,39.04768,-76.99292,1,1
63988,25717213,39.05059,-76.99338,1,1
64677,25737501,39.07786,-76.96535,1,1
64879,25720408,39.05399,-76.97516,1,1
65224,336662042,39.06476,-76.96116,1,1
66068,25735078,39.05526,-76.99538,1,1
67035,25737503,39.07791,-76.96517,1,1
67188,25717220,39.05199,-76.99381,1,1
67197,940020232,39.07662,-76.97349,1,1
67198,940183407,39.07718,-76.97546,1,1
67199,940183408,39.0776,-76.97685,1,1
67346,25717282,39.04658,-76.98701,1,1
67525,25736818,39.05585,-76.97213,1,1
67856,25735321,39.07066,-76.98797,1,1
68327,25734924,39.06664,-77.00125,1,1
68704,336662059,39.06561,-76.96095,1,1
68718,942134058,39.06316,-76.9648,1,1
68719,942134056,39.06377,-76.96255,1,1
68721,942134057,39.06326,-76.96518,1,1
68722,942134055,39.06602,-76.96068,1,1
68762,336663500,39.06423,-76.9816,1,1
68792,25735615,39.07797,-76.98644,1,1
68824,25735441,39.0827,-77.00068,1,1
69456,25735427,39.07555,-76.99818,1,1
70013,25734929,39.06877,-77.00295,1,1
70249,25717190,39.0454,-76.99243,1,1
70655,25737282,39.07815,-76.97959,1,1
71070,25734252,39.07149,-77.01138,1,1
71235,25735426,39.07557,-76.99861,1,1
71403,26966541,39.04553,-76.99245,1,1
71756,25737288,39.07777,-76.97754,1,1
72514,25736738,39.0658,-76.98009,1,1
72515,848135381,39.06616,-76.98099,1,1
72909,25717086,39.04319,-76.99173,1,1
73271,25738236,39.07772,-76.96118,1,1
73384,25717214,39.05065,-76.99321,1,1
74007,336663499,39.06409,-76.98174,1,1
74175,26982450,39.04452,-76.99225,1,1
74294,848135835,39.06553,-76.97304,1,1
74800,19463640,39.08047,-77.00113,1,1
74801,939665473,39.0821,-77.00069,1,1
75022,25734948,39.07029,-77.0034,1,1
75340,26966544,39.041,-76.99108,1,1
75479,25735151,39.06065,-76.98959,1,1
75848,336663851,39.06154,-76.96416,1,1
75849,940180079,39.06185,-76.96392,1,1
76570,25735417,39.08049,-77.00133,1,1
76831,25735157,39.06046,-76.98934,1,1
77130,25720387,39.05109,-76.97942,1,1
78043,25736822,39.0561,-76.97122,1,1
78068,25734925,39.06671,-77.0011,1,1
78146,25717269,39.04646,-76.9869,1,1
78418,26966543,39.04122,-76.99138,1,1
79092,25737185,39.07805,-76.98512,1,1
79299,25736897,39.06437,-76.9691,1,1
79764,1045052431,39.078,-77.00165,1,1
79765,25735399,39.07752,-77.0017,1,1
79766,19463584,39.07752,-77.00151,1,1
79767,1045052432,39.07798,-77.00145,1,1
79968,25734930,39.06883,-77.00278,1,1
80024,25737455,39.07651,-76.9705,1,1
80214,19463638,39.08267,-77.0005,1,1
80620,848136041,39.06565,-76.97669,1,1
80621,1002429250,39.06571,-76.9765,1,1
80649,25735156,39.05966,-76.98875,1,1
81509,25737793,39.06775,-76.95923,1,1
81786,287626915,39.06044,-76.96487,1,1
81936,25736568,39.06216,-76.98357,1,1
82682,25736652,39.06633,-76.98287,1,1
82691,939499782,39.06628,-76.98236,1,1
82692,848135382,39.06626,-76.98183,1,1
82796,25717091,39.04341,-76.99197,1,1
82970,336662039,39.06262,-76.96269,1,1
83087,25736552,39.06084,-76.98482,1,1
83666,336663338,39.04365,-76.99137,1,1
83736,25737482,39.07713,-76.96791,1,1
85577,25734878,39.06066,-76.99822,1,1
85877,25736736,39.06555,-76.97965,1,1
86074,336662040,39.06268,-76.96297,1,1
133816,942055985,39.0756,-76.9945,1,1
147407,25736918,39.06594,-76.97424,1,1
149613,25734903,39.06187,-76.99671,1,1
176248,977095526,39.04198,-76.99268,1,1
176264,977095516,39.04415,-76.99231,1,1
182971,25738230,39.07807,-76.96392,1,1
186591,25737207,39.07823,-76.98143,1,1
