434,25780823,39.07806,-76.82485,1,1
2678,889176036,39.03785,-76.8192,1,1
3161,25768531,39.04438,-76.80074,1,1
3162,976914063,39.04668,-76.80496,1,1
3893,25780646,39.07324,-76.83088,1,1
3894,984127820,39.07524,-76.82737,1,1
3895,984127819,39.07299,-76.83169,1,1
3896,901154110,39.07267,-76.83272,1,1
4154,850832180,39.05556,-76.83831,1,1
4155,850832179,39.05457,-76.83903,1,1
4156,287978251,39.05292,-76.84027,1,1
4158,25766487,39.05279,-76.83706,1,1
4159,850832178,39.0529,-76.83784,1,1
4161,25780281,39.0515,-76.84142,0,0
4162,850832176,39.05264,-76.8405,1,1
4313,940217684,39.06897,-76.83147,0,0
5532,25780409,39.0675,-76.8407,1,1
8663,848135018,39.04786,-76.80866,1,1
11005,25780496,39.06669,-76.8332,0,0
11006,1045040256,39.06871,-76.83192,0,0
11007,1045040255,39.06864,-76.83174,0,0
11008,25780495,39.06691,-76.83332,0,0
11010,25780607,39.06926,-76.83149,0,0
11011,25780611,39.06921,-76.83129,0,0
11012,1045040253,39.06964,-76.83119,0,0
11013,1045040254,39.06957,-76.83101,0,0
11380,1046266861,39.05321,-76.83743,1,1
20320,25780420,39.06976,-76.84105,1,1
20321,889293529,39.07316,-76.83113,1,1
22023,848136296,39.07221,-76.83525,1,1
23223,25766485,39.05343,-76.83762,1,1
23618,704775792,39.0812,-76.82364,1,1
24079,806133088,39.05484,-76.83801,1,1
24149,25766521,39.04803,-76.83033,1,1
24828,90700070,39.06203,-76.83942,1,1
26500,25780436,39.07173,-76.83789,1,1
28107,983957249,39.08052,-76.82379,1,1
28109,983905938,39.07925,-76.82425,1,1
29870,25780305,39.0565,-76.83791,1,1
31170,916166834,39.05679,-76.83961,1,1
31171,916166833,39.05874,-76.83862,1,1
33768,25780407,39.0696,-76.84131,1,1
40423,287978247,39.05962,-76.83957,1,1
42447,916316633,39.05587,-76.83929,1,1
42448,916316632,39.05587,-76.83929,0,0
42449,806133087,39.05539,-76.83901,1,1
42451,916316631,39.05801,-76.83825,1,1
42453,19457683,39.05375,-76.84035,0,0
42455,916316630,39.05801,-76.83825,0,0
42728,25780515,39.06903,-76.83167,0,0
43257,94251284,39.07219,-76.82911,0,0
47884,968815275,39.07046,-76.83031,0,0
49244,704775793,39.08217,-76.82361,1,1
49245,996241410,39.08245,-76.82366,1,1
49802,983965294,39.07681,-76.82594,1,1
50579,25780648,39.07211,-76.82892,0,0
51629,322682146,39.04771,-76.81984,1,1
51995,848135019,39.04816,-76.81634,1,1
51998,976912719,39.04514,-76.81608,1,1
51999,1046202391,39.04727,-76.81636,1,1
52000,988182132,39.04808,-76.81006,1,1
52002,1046202392,39.04668,-76.81625,1,1
55646,25766501,39.0502,-76.83324,1,1
55930,875033988,39.06251,-76.83943,1,1
55932,875033987,39.06251,-76.83926,1,1
55940,25780386,39.06333,-76.83543,0,0
55942,875033985,39.06424,-76.83486,0,0
55943,25780351,39.0635,-76.83579,0,0
55944,875033986,39.06435,-76.8352,0,0
55945,25780342,39.06204,-76.83927,1,1
55950,25766503,39.05192,-76.83603,1,1
55951,875033981,39.05241,-76.8366,1,1
56152,26997737,39.04636,-76.82506,1,1
57977,25780404,39.06819,-76.84098,1,1
58187,996266132,39.07192,-76.83738,1,1
58188,25780439,39.07184,-76.83758,1,1
58191,889293530,39.07017,-76.8405,1,1
58192,996266131,39.07163,-76.83809,1,1
58863,25780338,39.06018,-76.83918,1,1
58973,848135023,39.04213,-76.79717,1,1
58974,848135021,39.04047,-76.79547,1,1
58975,848135024,39.04399,-76.80002,1,1
58976,25768502,39.04303,-76.79834,1,1
58977,848135020,39.04028,-76.79533,1,1
58978,25768254,39.04813,-76.81655,1,1
58979,848135022,39.03999,-76.79512,1,1
58980,25768511,39.03875,-76.79455,1,1
60806,988258760,39.06235,-76.83717,1,1
61833,1062703179,39.06499,-76.83948,1,1
61834,25780416,39.06466,-76.83941,1,1
61835,1062703181,39.06486,-76.83945,1,1
61839,1062703172,39.06311,-76.83925,1,1
61840,1062703174,39.06336,-76.83926,1,1
61841,90700071,39.06294,-76.83925,1,1
61843,1062703152,39.06353,-76.83927,1,1
61844,1062703222,39.06482,-76.83963,1,1
61845,25780396,39.06464,-76.83959,1,1
61846,1062703223,39.06497,-76.83967,1,1
61847,1062703219,39.06348,-76.83946,1,1
61848,1062703220,39.06336,-76.83946,1,1
61849,90700020,39.06294,-76.83944,1,1
61850,1062703221,39.0631,-76.83945,1,1
62952,90700026,39.05964,-76.83905,1,1
63077,336677777,39.04792,-76.8165,1,1
64235,25780398,39.06533,-76.83956,1,1
65206,25780401,39.06594,-76.83975,1,1
65342,25780313,39.0567,-76.8379,1,1
67195,322682145,39.05096,-76.83459,1,1
67414,287978249,39.06002,-76.83953,1,1
69015,848136295,39.07212,-76.83623,1,1
71610,25766566,39.04633,-76.82528,1,1
72359,19457684,39.06038,-76.83772,0,0
74321,287978241,39.05795,-76.83974,1,1
75896,25780411,39.06763,-76.84058,1,1
77098,968786987,39.05734,-76.83782,1,1
77099,968786989,39.0593,-76.83745,1,1
77100,848134822,39.06036,-76.83917,1,1
77102,968786986,39.05733,-76.838,1,1
77103,25780314,39.05682,-76.83791,1,1
77104,25780304,39.05548,-76.838,1,1
77105,968786988,39.05576,-76.83798,1,1
77106,968786984,39.05421,-76.8393,1,1
77107,25780283,39.05371,-76.84098,0,0
77108,968786985,39.0545,-76.84074,1,1
77125,968786991,39.06119,-76.83929,1,1
80754,25780347,39.05988,-76.83733,0,0
82967,273147405,39.06023,-76.83716,0,0
83474,287630088,39.06007,-76.83789,0,0
120092,850832177,39.0534,-76.83974,1,1
167931,1046202393,39.04836,-76.81423,1,1
193036,968786990,39.06123,-76.83912,1,1
