2083,25888916,39.12163,-76.55301,1,1
2086,983909722,39.1224,-76.57726,1,1
3118,1062251041,39.12341,-76.60239,1,1
3119,25885378,39.12302,-76.60122,1,1
6162,705993127,39.11677,-76.59651,1,1
6671,705656690,39.12459,-76.60593,1,1
8364,983921762,39.09907,-76.57743,1,1
8366,25885644,39.09898,-76.57745,1,1
10296,966439570,39.10714,-76.58856,1,1
10298,801772122,39.10703,-76.59166,1,1
10302,25885607,39.10713,-76.59166,1,1
10303,966439571,39.10723,-76.58857,1,1
10674,983915215,39.08559,-76.55301,1,1
10881,998847392,39.08737,-76.5549,1,1
10882,1050696068,39.08779,-76.55526,1,1
10883,25887396,39.08646,-76.55409,1,1
10884,1050696074,39.08792,-76.55512,1,1
10885,998847393,39.08719,-76.55443,1,1
10886,1050696073,39.08713,-76.55469,1,1
11434,996717667,39.10816,-76.58355,1,1
11435,215045937,39.10782,-76.58328,1,1
11438,983975562,39.11336,-76.58767,1,1
11439,996717669,39.1142,-76.58799,1,1
12041,25885633,39.0956,-76.57863,1,1
12042,983978458,39.09695,-76.57795,1,1
12044,25888285,39.11593,-76.56063,1,1
12045,983978461,39.11691,-76.56075,1,1
13046,984180850,39.08328,-76.59066,1,1
14611,25887975,39.11085,-76.57578,1,1
14612,1050479330,39.11182,-76.57665,1,1
14641,983883956,39.09922,-76.56559,1,1
14642,25888047,39.09586,-76.56253,1,1
14779,966433090,39.09758,-76.56938,1,1
14972,26975816,39.11522,-76.57794,1,1
14973,1050478222,39.11485,-76.57827,1,1
14974,1050478224,39.11389,-76.57852,1,1
14975,1050478223,39.11613,-76.57754,1,1
14976,1050478225,39.11373,-76.57837,1,1
14977,25885742,39.11317,-76.57788,1,1
14978,1050478219,39.11484,-76.57966,1,1
14979,25885732,39.11421,-76.5791,1,1
14980,19462693,39.11535,-76.58012,1,1
14981,1050478220,39.11519,-76.57998,1,1
14982,25885734,39.1144,-76.57898,1,1
14983,1050478221,39.11635,-76.58103,1,1
15489,25885662,39.09998,-76.57721,1,1
15490,983882898,39.10029,-76.57718,1,1
15495,25887899,39.09599,-76.57125,1,1
15496,706030673,39.10673,-76.59414,1,1
15497,983882899,39.10686,-76.59314,1,1
15504,25885773,39.1216,-76.58974,1,1
15505,983882901,39.12166,-76.58975,1,1
15575,1052025441,39.12742,-76.59071,1,1
15910,1053789414,39.09699,-76.57008,1,1
15911,983882900,39.0968,-76.5703,1,1
16910,997103447,39.08602,-76.55369,1,1
17000,25884938,39.10622,-76.60827,1,1
17870,984453849,39.10978,-76.5713,1,1
17871,25887970,39.10973,-76.57206,1,1
18014,996836161,39.09804,-76.57766,1,1
18015,25885639,39.09762,-76.57776,1,1
18024,889298676,39.11582,-76.60254,1,1
18098,25884208,39.08378,-76.59295,1,1
18099,852163960,39.0843,-76.59537,1,1
18201,25888051,39.09941,-76.56191,1,1
18202,1048669662,39.09952,-76.56414,1,1
18215,25888152,39.11067,-76.56184,1,1
18216,996683564,39.11098,-76.55816,1,1
18223,996683587,39.11421,-76.55818,1,1
18224,25888209,39.1135,-76.55741,1,1
18225,996683588,39.11404,-76.55791,1,1
18226,983927626,39.11501,-76.55957,1,1
18228,996683580,39.11507,-76.55966,1,1
19139,996833711,39.10613,-76.60472,1,1
19141,984456522,39.10727,-76.58273,1,1
19142,996833719,39.10733,-76.58279,1,1
19143,996833713,39.10623,-76.60471,1,1
19144,215045972,39.10622,-76.60217,1,1
19190,1050592459,39.11658,-76.58096,1,1
19191,25885731,39.11542,-76.57992,1,1
19214,1050592634,39.12375,-76.58996,1,1
19215,25885772,39.12263,-76.58988,1,1
19216,705661655,39.12492,-76.58984,1,1
19217,1050592632,39.12705,-76.59072,1,1
19218,1050592631,39.12685,-76.59054,1,1
19219,1050592630,39.12666,-76.59037,1,1
19220,1050592626,39.12494,-76.58847,1,1
19221,287989832,39.12405,-76.58768,1,1
19223,1050592627,39.12685,-76.5893,1,1
19224,996717666,39.12675,-76.58935,1,1
19925,25885888,39.1259,-76.58967,1,1
19926,1050680715,39.12568,-76.58972,1,1
19927,1050680712,39.1254,-76.58976,1,1
19928,1050592633,39.12514,-76.5898,1,1
19929,1050680749,39.12648,-76.5902,1,1
19930,1050680714,39.12618,-76.58993,1,1
19931,1050680751,39.12766,-76.59128,1,1
19933,1050592629,39.12725,-76.5909,1,1
20178,925831806,39.09843,-76.56808,1,1
20179,25887933,39.09798,-76.56881,1,1
21959,1050985059,39.10889,-76.57633,1,1
21960,25885717,39.10874,-76.57682,1,1
21961,25887956,39.10823,-76.57341,1,1
21962,1050985054,39.10897,-76.57408,1,1
21963,94149140,39.10952,-76.57422,1,1
21964,1050985055,39.10862,-76.57375,1,1
21965,1050985057,39.10966,-76.57345,1,1
21966,1050985056,39.10963,-76.57372,1,1
21967,1050985058,39.10923,-76.57521,1,1
21968,236500050,39.10907,-76.57573,1,1
21969,25887952,39.11001,-76.57528,1,1
21970,1050985051,39.11018,-76.57543,1,1
21971,1050985052,39.11045,-76.57568,1,1
21972,26975905,39.10837,-76.57383,1,1
21973,1050985053,39.10892,-76.57432,1,1
22944,25885733,39.11427,-76.57886,1,1
22966,215045964,39.10683,-76.59415,1,1
23179,882974094,39.11485,-76.55932,1,1
23994,996621118,39.10706,-76.58242,1,1
23997,705661656,39.10681,-76.58134,1,1
24552,25887974,39.10979,-76.57098,1,1
24914,25888083,39.09993,-76.55695,1,1
24955,25885749,39.11529,-76.57772,1,1
24962,25885985,39.11871,-76.58288,1,1
24963,25885984,39.11873,-76.58317,1,1
24995,882974074,39.11773,-76.57686,1,1
24996,882974073,39.11774,-76.57671,1,1
25001,882974075,39.11853,-76.59066,1,1
26490,90692418,39.09438,-76.57767,1,1
26782,25887940,39.0993,-76.56566,1,1
26852,287989835,39.12367,-76.58733,1,1
26886,25885757,39.11809,-76.59217,1,1
27239,25883422,39.08975,-76.60994,1,1
27451,19462732,39.11893,-76.57622,1,1
28230,26975765,39.12191,-76.55297,1,1
29257,25885889,39.1262,-76.5896,1,1
29258,1054331085,39.1263,-76.58969,1,1
29261,1053426604,39.12637,-76.58976,1,1
29263,1054331084,39.12736,-76.59066,1,1
30701,236500018,39.11881,-76.59071,1,1
31660,25884865,39.10309,-76.60758,1,1
32426,26973713,39.10944,-76.57452,1,1
32658,25884695,39.09274,-76.57995,1,1
33440,19462694,39.11242,-76.5772,1,1
33700,215045944,39.10741,-76.58287,1,1
33916,25883444,39.0883,-76.60743,1,1
34009,25886928,39.09139,-76.55824,1,1
34633,996162749,39.10763,-76.5827,1,1
34635,1050995601,39.10822,-76.57824,1,1
34636,215045923,39.1082,-76.57876,1,1
34637,1050995602,39.10779,-76.58019,1,1
34638,996162750,39.10809,-76.5787,1,1
34639,1050995600,39.10855,-76.57727,1,1
34640,1050995603,39.1084,-76.57813,1,1
35396,25887960,39.10669,-76.57231,1,1
36364,25888233,39.12311,-76.57232,1,1
36871,25887951,39.10939,-76.57471,1,1
37697,90692447,39.09501,-76.57282,1,1
38400,25883438,39.0887,-76.60811,1,1
39371,19462709,39.09509,-76.56184,1,1
40901,889200033,39.10692,-76.55371,1,1
40902,25888475,39.10657,-76.55366,1,1
40988,25888205,39.11277,-76.55686,1,1
41392,25883570,39.08468,-76.60092,1,1
42378,1061951700,39.12248,-76.5996,1,1
42379,25885396,39.12217,-76.59858,1,1
42671,19462710,39.0945,-76.56104,1,1
42684,25887964,39.10694,-76.57224,1,1
42855,287989814,39.09064,-76.55784,1,1
43403,287989834,39.12389,-76.58784,1,1
43633,19439906,39.09441,-76.56123,1,1
44032,25885707,39.10632,-76.5796,1,1
44131,984225762,39.08363,-76.5844,1,1
44894,25885754,39.11685,-76.59465,1,1
44904,983975557,39.11741,-76.59352,1,1
44908,94171970,39.11114,-76.58594,1,1
44909,983975563,39.11233,-76.58693,1,1
45303,215045949,39.1068,-76.58063,1,1
45409,25888287,39.11856,-76.56099,1,1
45410,987818413,39.11931,-76.56114,1,1
46145,25884961,39.11459,-76.60694,1,1
46146,983970194,39.1147,-76.60665,1,1
46147,983970196,39.11675,-76.59755,1,1
46148,312345667,39.11664,-76.60071,1,1
47907,995941105,39.08745,-76.60606,1,1
47908,25883589,39.08668,-76.60483,1,1
49251,25883437,39.08849,-76.60827,1,1
50384,1050723285,39.08474,-76.55251,1,1
50385,1050723284,39.08581,-76.55349,1,1
50387,19462712,39.08515,-76.55288,1,1
51006,25885761,39.12128,-76.5934,1,1
51717,25885380,39.11656,-76.60092,1,1
51827,25884282,39.0833,-76.59074,1,1
52888,19462721,39.12352,-76.57851,1,1
53021,25885395,39.12196,-76.59768,1,1
53563,1050858183,39.08704,-76.5543,1,1
53564,25887398,39.08646,-76.55379,1,1
53565,1050858182,39.0868,-76.55326,1,1
54879,25885739,39.11231,-76.57737,1,1
55264,25883600,39.08495,-76.60189,1,1
55581,25887969,39.10972,-76.5723,1,1
55638,25886026,39.12481,-76.5768,1,1
55818,706030416,39.11037,-76.57535,1,1
55819,25887953,39.10978,-76.57482,1,1
55915,25888206,39.11127,-76.55588,1,1
56008,94149334,39.12717,-76.58134,1,1
56009,1050779697,39.12782,-76.5819,1,1
56180,25883587,39.08452,-76.59663,1,1
56618,706030668,39.10757,-76.58338,1,1
56619,25885693,39.10745,-76.58326,1,1
56621,706030672,39.10613,-76.60071,1,1
56622,706030671,39.10613,-76.60216,1,1
56626,25888477,39.10744,-76.55389,1,1
56752,25884442,39.08403,-76.5842,1,1
56755,25884572,39.08779,-76.58237,1,1
56756,801772123,39.08948,-76.5815,1,1
56788,25887932,39.09767,-76.56927,1,1
57361,19462720,39.12508,-76.57708,1,1
57362,1050780545,39.12543,-76.57749,1,1
60414,984227276,39.10624,-76.60654,1,1
61269,25888194,39.11496,-76.55949,1,1
61758,984226101,39.09925,-76.60896,1,1
62073,984226171,39.08374,-76.59277,1,1
62074,25884210,39.08362,-76.59223,1,1
62795,336677762,39.0829,-76.58473,1,1
62799,1050860465,39.08338,-76.58451,1,1
63655,25883445,39.08773,-76.60651,1,1
63841,25883577,39.08458,-76.59982,1,1
65870,996158018,39.12068,-76.58493,1,1
65871,882974072,39.11929,-76.58367,1,1
65875,19462692,39.12203,-76.58617,1,1
65876,996158016,39.12274,-76.58681,1,1
65878,25885792,39.12216,-76.58602,1,1
65879,996158017,39.12292,-76.58664,1,1
66016,25888078,39.09965,-76.55788,1,1
66145,996717668,39.11713,-76.58971,1,1
66146,1000945824,39.11786,-76.59032,1,1
66148,19439776,39.1158,-76.5884,1,1
66149,1000945823,39.11659,-76.58897,1,1
66760,25887961,39.10651,-76.57214,1,1
66961,1048669658,39.09981,-76.56613,1,1
66962,1048669657,39.09965,-76.56598,1,1
66963,25888040,39.09934,-76.5654,1,1
66964,1048669659,39.10095,-76.56715,1,1
66968,25888044,39.09946,-76.56475,1,1
66969,1048669663,39.09886,-76.56497,1,1
66970,1048669664,39.09868,-76.56481,1,1
66972,25888048,39.09596,-76.56235,1,1
66973,1048669660,39.0996,-76.56563,1,1
66976,1048669661,39.09941,-76.565,1,1
66979,1048669665,39.09755,-76.56379,1,1
66980,841970549,39.09885,-76.56719,1,1
66982,1048669666,39.09922,-76.56618,1,1
67171,215045919,39.10774,-76.58272,1,1
67455,25886912,39.0952,-76.56167,1,1
67847,25885653,39.10481,-76.57954,1,1
67918,90692410,39.0946,-76.57914,1,1
68037,19462711,39.0913,-76.55843,1,1
68725,25888041,39.09905,-76.56514,1,1
69444,25884845,39.10098,-76.60833,1,1
70338,983945329,39.10345,-76.57902,1,1
70339,25885664,39.10184,-76.57766,1,1
70429,25887955,39.10814,-76.57362,1,1
70589,236499916,39.11386,-76.60867,1,1
70596,25886002,39.11897,-76.57641,1,1
70739,25883440,39.08902,-76.60865,1,1
71479,25887941,39.10444,-76.57028,1,1
72412,287989813,39.09075,-76.55766,1,1
73071,25887397,39.08614,-76.5535,1,1
75648,984087244,39.12412,-76.58994,1,1
75989,1050766047,39.12649,-76.58947,1,1
75991,1050766045,39.12584,-76.58928,1,1
75992,1050592625,39.12527,-76.58877,1,1
75994,1050592635,39.12521,-76.58907,1,1
75997,1050766048,39.12573,-76.58952,1,1
76375,983942667,39.10868,-76.57704,1,1
77266,26975908,39.10807,-76.57327,1,1
77527,25884683,39.09082,-76.58087,1,1
77562,1050764887,39.12486,-76.58875,1,1
77563,287989833,39.12421,-76.58815,1,1
77740,705661657,39.09754,-76.6098,1,1
77741,1053594916,39.09839,-76.60931,1,1
77742,25884822,39.09931,-76.60894,1,1
77743,1053594915,39.09983,-76.60875,1,1
77818,215045966,39.10623,-76.60071,1,1
78044,25884955,39.1136,-76.60913,1,1
78377,19462696,39.10457,-76.57011,1,1
78503,25887973,39.10978,-76.57123,1,1
78512,996164312,39.10777,-76.58163,1,1
78882,215045924,39.10768,-76.58338,1,1
79360,19439711,39.12401,-76.56209,1,1
79820,19462695,39.11084,-76.57604,1,1
79940,25887965,39.10675,-76.57208,1,1
80195,25888013,39.11007,-76.56806,1,1
80196,983940102,39.11025,-76.56637,1,1
80197,25884696,39.093,-76.57983,1,1
80686,882974071,39.1193,-76.58342,1,1
80687,996159551,39.12074,-76.58473,1,1
80838,25888006,39.10984,-76.57017,1,1
80879,25885689,39.10898,-76.58421,1,1
80920,25885718,39.10901,-76.57594,1,1
81641,25886012,39.12395,-76.5789,1,1
81964,25888102,39.11037,-76.56535,1,1
81965,983939274,39.11057,-76.56301,1,1
82318,25888491,39.11166,-76.55333,1,1
82584,215066578,39.11303,-76.57803,1,1
82675,841970556,39.12689,-76.56266,1,1
82677,25888301,39.12412,-76.56211,1,1
82837,25888107,39.11061,-76.56245,1,1
83324,287989816,39.10405,-76.56964,1,1
83992,25888067,39.09954,-76.55849,1,1
84123,287989815,39.10391,-76.56982,1,1
84982,94251610,39.12481,-76.57955,1,1
85644,983937073,39.12149,-76.58567,1,1
134137,1050483378,39.09954,-76.5638,1,1
135075,25884942,39.10624,-76.60644,1,1
165187,706033852,39.0885,-76.60974,1,1
