3931,25888853,39.10968,-76.53929,1,1
3932,25888721,39.10843,-76.54309,1,1
3933,996166546,39.10946,-76.54179,1,1
5889,983916559,39.08711,-76.55202,1,1
6448,983918776,39.12211,-76.54985,1,1
6449,25888915,39.12191,-76.55207,1,1
6452,983918783,39.12067,-76.53437,1,1
6453,25889116,39.12037,-76.53658,1,1
10673,983910099,39.08378,-76.55137,1,1
17621,1050804587,39.0832,-76.55113,1,1
17623,1050804586,39.08347,-76.55137,1,1
20427,889200037,39.11145,-76.52497,1,1
20428,1038079354,39.11155,-76.52486,1,1
21087,893825766,39.10939,-76.53677,1,1
23118,25888927,39.12009,-76.54853,1,1
23176,26973720,39.11353,-76.55017,1,1
23546,25889181,39.12726,-76.5394,1,1
23725,25887504,39.09301,-76.54805,1,1
25169,25897615,39.11823,-76.5327,1,1
26471,25887452,39.09047,-76.54881,1,1
26688,25888419,39.09607,-76.54863,1,1
26763,25897853,39.11894,-76.52294,1,1
26954,25888523,39.10593,-76.54554,1,1
27288,25888947,39.12077,-76.54899,1,1
27328,25887505,39.0936,-76.54791,1,1
28202,25897706,39.12738,-76.53122,1,1
28973,25889037,39.12731,-76.54672,1,1
32246,25897343,39.10957,-76.53308,1,1
33168,25888858,39.10955,-76.53838,1,1
33176,25887498,39.09064,-76.54876,1,1
33763,25888929,39.12066,-76.54838,1,1
33826,25888412,39.10325,-76.55201,1,1
35374,25888499,39.11224,-76.55081,1,1
35942,25888859,39.10947,-76.53774,1,1
36047,25888965,39.12567,-76.54715,1,1
36755,25888920,39.11716,-76.54927,1,1
37579,25889036,39.12669,-76.54688,1,1
37812,25888955,39.12211,-76.54803,1,1
39446,25888954,39.12232,-76.54851,1,1
39735,25888405,39.10071,-76.55021,1,1
40144,25897545,39.11256,-76.52366,1,1
40885,889200035,39.10982,-76.52892,1,1
40886,25897352,39.10969,-76.53114,1,1
40887,236497100,39.11003,-76.52689,1,1
40895,889200036,39.11541,-76.5497,1,1
40897,882974095,39.11494,-76.54982,1,1
42564,25889035,39.12608,-76.54706,1,1
43005,25897645,39.12213,-76.53235,1,1
43762,25887451,39.08953,-76.54915,1,1
47050,25897838,39.11657,-76.52284,1,1
47051,1050786084,39.11732,-76.52295,1,1
47053,1050786083,39.11705,-76.52281,1,1
47054,1050786086,39.11886,-76.52501,1,1
47055,1050786087,39.11894,-76.52569,1,1
47056,25897845,39.11874,-76.52381,1,1
47057,1050786085,39.11877,-76.52409,1,1
47058,1050786079,39.11952,-76.52294,1,1
47059,1050786078,39.11999,-76.52295,1,1
47060,25897862,39.11979,-76.52294,1,1
47062,1050786081,39.12035,-76.52283,1,1
47063,1050786082,39.11752,-76.52282,1,1
47064,1050786080,39.12017,-76.52296,1,1
47065,25897857,39.11979,-76.52282,1,1
47066,1050786089,39.11916,-76.52487,1,1
47067,25897844,39.11908,-76.52409,1,1
47068,1050786088,39.11915,-76.52757,1,1
49247,25897650,39.1251,-76.53174,1,1
49248,996241375,39.12541,-76.53271,1,1
50467,25897956,39.12686,-76.52002,1,1
50879,287989457,39.12456,-76.54742,1,1
51678,19462687,39.12014,-76.53434,1,1
52362,25897948,39.12599,-76.52091,1,1
53032,1050858199,39.12629,-76.5315,1,1
53033,1050858219,39.12685,-76.53136,1,1
53041,1050858198,39.1247,-76.53036,1,1
53043,1050858203,39.12483,-76.53081,1,1
53047,983935442,39.12385,-76.5265,1,1
53317,25889183,39.12675,-76.53753,1,1
53560,25887450,39.08832,-76.54962,1,1
53561,1050858184,39.08786,-76.54999,1,1
53562,25887418,39.08758,-76.55033,1,1
53567,1050858185,39.08881,-76.54941,1,1
53568,1050858186,39.08909,-76.54931,1,1
54034,25897884,39.12466,-76.52203,1,1
54665,25897640,39.12137,-76.53306,1,1
54807,25897616,39.11986,-76.53438,1,1
56105,25888950,39.12131,-76.54822,1,1
56399,25889143,39.12757,-76.54047,1,1
58115,983931828,39.08814,-76.54973,1,1
58121,983931826,39.1029,-76.55162,1,1
58122,25888409,39.10254,-76.55123,1,1
58350,983943789,39.12367,-76.52384,1,1
58351,1048657645,39.12367,-76.52341,1,1
58354,1048657654,39.12414,-76.52245,1,1
58355,25897881,39.12367,-76.52281,1,1
58356,1048657655,39.12394,-76.5226,1,1
58357,1048657646,39.12368,-76.52416,1,1
58358,1048657647,39.12369,-76.52489,1,1
58359,983935443,39.12371,-76.52549,1,1
58360,1048657648,39.1238,-76.52619,1,1
58361,25897870,39.12098,-76.52287,1,1
58362,1048657650,39.12274,-76.52286,1,1
58363,1048657649,39.12199,-76.52287,1,1
58364,1048657651,39.12253,-76.52286,1,1
60366,983927200,39.1158,-76.52284,1,1
60367,26954159,39.11282,-76.52343,1,1
62996,25897842,39.11802,-76.52294,1,1
63316,25888958,39.12288,-76.54783,1,1
63580,25889195,39.12633,-76.53597,1,1
64136,25897855,39.11893,-76.52283,1,1
64645,25897623,39.1197,-76.53283,1,1
64966,25887500,39.09105,-76.54863,1,1
66379,25897843,39.1179,-76.52283,1,1
67144,25897620,39.11858,-76.53306,1,1
69051,25897642,39.1214,-76.53249,1,1
70458,25888720,39.1081,-76.54333,1,1
71324,25889197,39.12598,-76.53468,1,1
72632,25897625,39.11997,-76.53278,1,1
72797,25889196,39.12603,-76.53487,1,1
72933,25897852,39.11867,-76.52284,1,1
74720,25888868,39.1094,-76.53583,1,1
76366,983942664,39.10734,-76.5439,1,1
76368,25888714,39.10712,-76.54408,1,1
77093,25897850,39.11867,-76.52294,1,1
77565,25888425,39.09954,-76.5498,1,1
77872,25897372,39.11185,-76.5245,1,1
78014,25897646,39.12302,-76.53217,1,1
78177,19462688,39.12009,-76.53661,1,1
81169,25888426,39.09976,-76.54988,1,1
81635,25888410,39.10188,-76.55068,1,1
83653,322678497,39.12443,-76.54745,1,1
84190,25897888,39.12497,-76.52177,1,1
85232,25888952,39.12158,-76.54816,1,1
85263,1050848563,39.08345,-76.55106,1,1
85264,287989811,39.08286,-76.55053,1,1
85477,841968553,39.10942,-76.53727,1,1
85633,25888459,39.10494,-76.5486,1,1
119867,996166547,39.10974,-76.54071,1,1
152418,26975758,39.12165,-76.55205,1,1
