372,964829192,39.20289,-76.84574,1,1
373,25787622,39.20228,-76.84637,1,1
602,844281028,39.21191,-76.84655,1,1
603,984133947,39.21216,-76.84553,1,1
664,25776802,39.17689,-76.87827,1,1
1928,940487589,39.18467,-76.89612,1,1
1929,25777189,39.18381,-76.89175,1,1
1930,940487588,39.18371,-76.89047,1,1
1931,26966408,39.18355,-76.88196,1,1
2011,25779137,39.21766,-76.8663,1,1
2925,964826358,39.19307,-76.86655,0,0
2927,964826359,39.19297,-76.86663,0,0
2928,25778619,39.19203,-76.86739,0,0
2929,964826360,39.19316,-76.86682,0,0
2930,26967872,39.19217,-76.86764,0,0
3329,964821763,39.21166,-76.84736,1,1
4541,25785620,39.17473,-76.84889,1,1
4545,984166031,39.17529,-76.84916,1,1
5655,25787151,39.1942,-76.84196,1,1
5837,844637864,39.21581,-76.87753,1,1
5839,844636674,39.2153,-76.87675,1,1
5840,844637866,39.21535,-76.8778,1,1
5841,844635300,39.21486,-76.87692,1,1
5879,844637809,39.21054,-76.87955,1,1
5880,25778807,39.20954,-76.87845,1,1
6348,984168444,39.18764,-76.89414,1,1
6349,25777158,39.18693,-76.89444,1,1
6785,984266709,39.18951,-76.89328,1,1
6786,25777169,39.18923,-76.89342,1,1
6812,322681189,39.17311,-76.85167,0,0
6814,984166942,39.18312,-76.87755,1,1
6933,1009950035,39.19609,-76.8856,1,1
7403,844636127,39.21622,-76.88027,1,1
7404,25778829,39.21621,-76.88012,1,1
8051,25779058,39.21438,-76.8725,1,1
8066,889414414,39.21751,-76.88785,1,1
8067,889414413,39.2172,-76.88779,1,1
8248,25777113,39.18393,-76.89659,1,1
8249,940420393,39.18434,-76.89617,1,1
8250,25777190,39.18345,-76.89195,1,1
8251,940420392,39.18434,-76.89617,1,1
8690,844637347,39.21648,-76.87976,1,1
8691,25778830,39.21652,-76.88024,1,1
8692,844637343,39.21617,-76.87982,1,1
9155,19439338,39.2072,-76.87292,1,1
9156,964744560,39.2073,-76.87347,1,1
9239,94174688,39.17707,-76.89806,1,1
9240,940327153,39.17934,-76.89853,1,1
9968,25777997,39.21611,-76.88374,1,1
10036,25777942,39.21094,-76.88654,1,1
10037,940831458,39.21096,-76.88572,1,1
10090,25779076,39.21412,-76.86967,1,1
10091,844635077,39.21483,-76.86926,1,1
10092,25779072,39.21436,-76.86985,1,1
10093,844635076,39.21484,-76.86952,1,1
10277,25778851,39.21454,-76.87589,1,1
11189,844675624,39.21583,-76.88752,1,1
11795,25777976,39.21783,-76.88791,1,1
13930,25787560,39.20168,-76.84722,1,1
13931,889378937,39.20185,-76.84698,1,1
14572,25779062,39.21389,-76.87061,1,1
14573,965663082,39.21414,-76.87157,1,1
14574,965663081,39.21131,-76.86602,1,1
15703,844637345,39.21654,-76.88056,1,1
15704,25777988,39.21614,-76.88451,1,1
18048,25777159,39.18698,-76.8946,1,1
18049,1053794217,39.18766,-76.89426,1,1
18052,1053794212,39.18803,-76.89407,1,1
18364,336677864,39.21541,-76.88666,1,1
18365,1008491236,39.21556,-76.88621,1,1
18366,336677865,39.21523,-76.88659,1,1
18367,1008491237,39.21537,-76.88619,1,1
20647,984141271,39.20786,-76.84793,1,1
20648,25787604,39.20689,-76.84766,1,1
20651,25787736,39.21219,-76.84542,1,1
20677,25788761,39.21209,-76.84153,1,1
20690,984141264,39.21524,-76.88739,1,1
20691,25777974,39.21515,-76.88737,1,1
21474,984145521,39.20091,-76.85982,1,1
22914,25777752,39.20445,-76.88594,1,1
23202,25786879,39.17728,-76.84605,1,1
23310,25778838,39.21651,-76.88007,1,1
23409,25787234,39.20158,-76.85974,0,0
23595,25779057,39.21422,-76.87256,1,1
23730,19428452,39.21168,-76.86695,1,1
24306,322681967,39.19161,-76.85185,1,1
24770,25778366,39.17893,-76.86642,0,0
25146,322684581,39.18369,-76.8953,1,1
25281,25778506,39.19025,-76.8687,0,0
26768,25787181,39.19923,-76.86097,1,1
27349,25787069,39.1974,-76.85159,1,1
27528,25777150,39.18646,-76.8947,1,1
27963,25777958,39.211,-76.8829,1,1
28222,25778993,39.20406,-76.8635,1,1
28366,25777147,39.18506,-76.89555,1,1
28467,25787058,39.19107,-76.8467,1,1
28750,25778978,39.2068,-76.86681,1,1
28801,25787447,39.20956,-76.85469,0,0
29039,25786824,39.18354,-76.84907,1,1
29352,287633816,39.20442,-76.86426,1,1
29459,25777110,39.18304,-76.8977,1,1
29716,25787540,39.20004,-76.84851,1,1
29945,25778977,39.20667,-76.86677,1,1
30151,25787416,39.21416,-76.85772,1,1
30312,26966415,39.18655,-76.87111,0,0
30479,940317656,39.21098,-76.88388,1,1
30480,940317657,39.21098,-76.88365,1,1
30481,25777957,39.21097,-76.8849,1,1
31023,26967854,39.20541,-76.85757,0,0
31062,25777133,39.18511,-76.89574,1,1
31156,25778118,39.1813,-76.87434,0,0
31231,25779069,39.21338,-76.86957,1,1
31383,940318425,39.21093,-76.88055,1,1
31386,25778791,39.21091,-76.88047,1,1
31790,287617807,39.20416,-76.86341,1,1
33181,25786784,39.17798,-76.84825,1,1
33409,25778111,39.18133,-76.8748,0,0
33410,26967856,39.19771,-76.86314,0,0
33972,322681975,39.19364,-76.84269,1,1
33973,983953935,39.19412,-76.84213,1,1
34206,322679918,39.18313,-76.89782,1,1
34376,25778402,39.18687,-76.87122,0,0
34377,25787022,39.1915,-76.85185,1,1
34546,25786788,39.17754,-76.8474,1,1
34683,25787397,39.21153,-76.85938,1,1
34704,25778948,39.19761,-76.86288,0,0
34862,25786823,39.1834,-76.84937,1,1
34915,25786782,39.17776,-76.84802,1,1
35033,25778124,39.18193,-76.87414,0,0
35188,25779063,39.21356,-76.87018,1,1
35464,25778121,39.18211,-76.87435,0,0
35596,322684066,39.18525,-76.85072,1,1
35714,940352720,39.18333,-76.89012,1,1
35715,25778033,39.18313,-76.88159,1,1
35974,25777973,39.21497,-76.88733,1,1
36004,25787539,39.20008,-76.84862,1,1
36045,25785647,39.17668,-76.8447,1,1
36443,26967858,39.20181,-76.85852,1,1
37496,25778123,39.18164,-76.874,0,0
37577,25787233,39.20164,-76.85997,0,0
37699,25777117,39.18373,-76.89579,1,1
37968,322684176,39.1802,-76.84743,1,1
38287,25787618,39.20235,-76.84646,1,1
38430,215066584,39.17714,-76.84612,1,1
38538,25787417,39.21417,-76.85751,1,1
38599,25776790,39.1742,-76.88095,1,1
38734,25787070,39.19752,-76.85165,1,1
38785,25777728,39.19976,-76.88463,1,1
38938,25785614,39.17498,-76.84961,1,1
39206,94174347,39.2066,-76.88607,1,1
39294,25777985,39.21577,-76.88503,1,1
39474,322684178,39.18302,-76.84868,1,1
39489,287609746,39.1757,-76.84925,1,1
39505,322683120,39.19845,-76.84945,1,1
39536,25778992,39.20453,-76.86416,1,1
39706,25800424,39.2175,-76.86619,1,1
40164,25787172,39.19867,-76.86235,0,0
40330,25787412,39.21281,-76.85772,1,1
40401,25777725,39.19832,-76.88412,1,1
40449,25785648,39.17681,-76.84464,1,1
40615,25787123,39.19231,-76.84392,1,1
40618,983951487,39.19238,-76.84385,1,1
40672,25779081,39.21341,-76.86911,1,1
40769,25787276,39.20304,-76.86142,1,1
41351,25787208,39.20233,-76.85994,1,1
41400,19427797,39.19851,-76.84956,1,1
42122,25787277,39.2032,-76.86142,1,1
42261,25787406,39.21199,-76.85818,1,1
42631,26967857,39.19895,-76.86182,0,0
42895,26967852,39.20738,-76.85611,0,0
43024,25787076,39.19761,-76.85135,1,1
43025,25787291,39.20279,-76.85916,0,0
43026,26967855,39.2027,-76.85893,0,0
43048,25785371,39.17428,-76.85497,0,0
43829,25787658,39.20573,-76.84695,1,1
44053,25787551,39.20109,-76.84776,1,1
44076,25787329,39.20124,-76.85735,1,1
44576,25777166,39.18827,-76.8939,1,1
44577,1053774984,39.19068,-76.89268,1,1
44578,964597279,39.19012,-76.89299,1,1
44579,1053774982,39.18871,-76.89368,1,1
46353,984056935,39.18544,-76.89627,1,1
46355,984056936,39.18515,-76.89549,1,1
46357,984056941,39.21649,-76.88766,1,1
46358,322683844,39.21612,-76.88759,1,1
46365,984056934,39.20611,-76.86943,1,1
46367,984056933,39.19917,-76.85336,1,1
46457,984141257,39.21226,-76.8415,1,1
46458,995584311,39.21285,-76.8415,1,1
46768,844283846,39.20616,-76.871,1,1
46769,984057475,39.20677,-76.87203,1,1
46771,94174685,39.17972,-76.8989,1,1
48607,25787305,39.20396,-76.85844,1,1
48757,25778114,39.18193,-76.87488,0,0
48758,984063032,39.18023,-76.87489,0,0
48767,984063036,39.20415,-76.86266,1,1
48769,25787242,39.20254,-76.86004,1,1
48771,984063038,39.20298,-76.85841,1,1
49568,844615634,39.20756,-76.87549,1,1
49569,1009673231,39.20807,-76.87677,1,1
49642,969401294,39.17858,-76.86654,0,0
49935,964897366,39.20883,-76.85553,0,0
49936,25787430,39.20799,-76.85603,0,0
49953,984065129,39.21382,-76.86965,1,1
49957,984065130,39.21391,-76.87031,1,1
50179,25778550,39.19143,-76.86821,0,0
50424,25778979,39.20681,-76.86658,1,1
50521,26977513,39.21633,-76.86805,1,1
50569,25787188,39.20172,-76.86176,1,1
51182,25777143,39.18473,-76.89466,1,1
51553,25778967,39.20648,-76.86763,1,1
51664,25787448,39.21033,-76.8542,0,0
51968,25777097,39.18375,-76.89702,1,1
52116,25787348,39.20532,-76.85733,0,0
52449,273135883,39.18946,-76.86922,0,0
52672,25785387,39.17486,-76.85414,0,0
53140,25786820,39.18523,-76.85036,1,1
53532,25777929,39.20808,-76.88619,1,1
53756,25787657,39.20559,-76.84685,1,1
54362,1010050071,39.19833,-76.84979,1,1
54374,19427808,39.19797,-76.8501,1,1
54375,1010050070,39.19818,-76.84978,1,1
54376,25787525,39.19807,-76.85018,1,1
54599,25777086,39.18414,-76.89728,1,1
55285,322681190,39.17379,-76.85123,0,0
55337,25777112,39.18398,-76.89678,1,1
55380,25787537,39.19912,-76.84891,1,1
55449,25778115,39.18124,-76.87457,0,0
55998,25779117,39.21152,-76.86704,1,1
56368,25787025,39.19161,-76.85155,1,1
56369,964740130,39.19541,-76.8511,1,1
56387,25787559,39.20175,-76.84732,1,1
57029,964739794,39.19439,-76.86548,0,0
57169,1050852342,39.19543,-76.88648,1,1
57170,25777277,39.19399,-76.8884,1,1
59214,984226677,39.17603,-76.85749,0,0
59478,997047384,39.18289,-76.84899,1,1
59479,25786796,39.17929,-76.84781,1,1
59480,997047386,39.18257,-76.84874,1,1
59481,983956660,39.18172,-76.84783,1,1
59482,997047385,39.1827,-76.84844,1,1
59617,1053675593,39.18015,-76.87684,1,1
59618,1053675595,39.1819,-76.87817,1,1
59619,983905632,39.17952,-76.87673,1,1
60647,984158386,39.18457,-76.89438,1,1
61165,984226941,39.18087,-76.87185,0,0
61166,969401295,39.17936,-76.86769,0,0
61167,984226942,39.18621,-76.89926,1,1
61168,25777130,39.18552,-76.89717,1,1
61191,984227021,39.18036,-76.87158,0,0
61192,25778423,39.17903,-76.8678,0,0
61194,984227022,39.17677,-76.86195,0,0
61195,1053674047,39.18321,-76.8791,1,1
61196,25785310,39.17626,-76.86063,0,0
61197,25778034,39.18344,-76.88095,1,1
61198,1053674048,39.18347,-76.88118,1,1
61199,984227020,39.18244,-76.87771,1,1
61200,25778092,39.1817,-76.8754,0,0
61655,1053672415,39.18348,-76.88127,1,1
62714,865666328,39.2131,-76.88701,1,1
62715,25777941,39.21187,-76.88677,1,1
63918,25778913,39.20699,-76.87237,1,1
64538,995584310,39.21359,-76.84151,1,1
64542,1009544276,39.21211,-76.84293,1,1
64543,322683605,39.21191,-76.84247,1,1
64628,25787692,39.21013,-76.84784,1,1
64631,1009544289,39.21099,-76.84793,1,1
64916,25779070,39.21349,-76.86994,1,1
65551,25787245,39.20168,-76.85862,1,1
65568,25777724,39.19771,-76.88419,1,1
65715,25776801,39.17675,-76.87811,1,1
66164,25778501,39.1896,-76.86944,0,0
66429,25778971,39.20612,-76.86653,1,1
66461,983948042,39.19111,-76.84769,1,1
66779,25787699,39.21137,-76.84802,1,1
66780,1009544401,39.21156,-76.84765,1,1
67138,26966389,39.21594,-76.88446,1,1
67268,25777333,39.19651,-76.88504,1,1
67601,25786798,39.17929,-76.84748,1,1
67857,1009947254,39.17377,-76.89872,1,1
68232,25778788,39.21101,-76.88192,1,1
68372,25779064,39.21374,-76.8701,1,1
68415,25786783,39.17786,-76.84832,1,1
68492,322681968,39.19116,-76.84604,1,1
68579,25788754,39.21161,-76.84178,1,1
68599,25787338,39.20017,-76.85512,1,1
68816,25777258,39.19141,-76.89191,1,1
68947,26966409,39.18304,-76.88083,1,1
68975,25787691,39.2094,-76.84786,1,1
69274,25786779,39.17714,-76.84836,1,1
69465,26967851,39.21042,-76.8546,0,0
69881,25787421,39.21662,-76.85759,1,1
69982,25787420,39.21659,-76.85784,1,1
70963,25779109,39.2169,-76.86757,1,1
71041,25779119,39.21146,-76.86687,1,1
71044,25785599,39.17353,-76.8505,0,0
71085,25777149,39.18615,-76.89505,1,1
71215,25785333,39.17658,-76.85909,0,0
71901,26966417,39.18586,-76.87187,0,0
72500,25787648,39.20325,-76.84566,1,1
72501,848135389,39.20438,-76.84609,1,1
72687,215045224,39.2119,-76.85807,1,1
72871,25777722,39.20242,-76.88577,1,1
73010,322677199,39.21579,-76.88553,1,1
73348,25787107,39.19113,-76.8462,1,1
73649,26966411,39.18159,-76.87508,0,0
74160,26977509,39.2164,-76.86797,1,1
74534,25787261,39.20112,-76.85741,1,1
74846,848135693,39.20913,-76.85535,0,0
75142,25787396,39.21141,-76.85937,1,1
75351,25778846,39.20876,-76.87774,1,1
75575,26967853,39.20112,-76.85741,1,1
76093,25787649,39.20484,-76.8464,1,1
76247,25778403,39.18645,-76.87117,0,0
76402,26961554,39.18512,-76.85063,1,1
76872,25787446,39.20968,-76.85503,0,0
77039,25777122,39.18461,-76.89592,1,1
77726,25787419,39.21541,-76.85749,1,1
77820,26966410,39.18205,-76.87524,1,1
78601,25777969,39.21365,-76.88711,1,1
78756,25787075,39.19748,-76.85129,1,1
78761,25779071,39.21367,-76.86986,1,1
79094,25787552,39.20116,-76.84788,1,1
79185,287623676,39.19037,-76.86893,0,0
79356,25776797,39.17405,-76.88079,1,1
79870,322677172,39.21563,-76.88545,1,1
80374,25785330,39.17594,-76.85971,0,0
80536,25787024,39.1915,-76.85155,1,1
80538,25787059,39.19121,-76.84815,1,1
80540,25787060,39.19134,-76.84808,1,1
80623,25787326,39.20006,-76.8552,1,1
80700,26967873,39.19128,-76.86799,0,0
80707,19428475,39.20684,-76.85674,0,0
81340,25776763,39.17346,-76.88165,1,1
81437,25779100,39.21648,-76.86818,1,1
82080,25778934,39.2062,-76.86904,1,1
82232,25786817,39.18535,-76.85044,1,1
82258,19428453,39.21162,-76.86678,1,1
82259,983842187,39.21153,-76.86321,1,1
82260,983842188,39.21165,-76.86322,1,1
83131,25786785,39.17789,-76.84794,1,1
83199,25776761,39.17333,-76.88147,1,1
83452,322682699,39.20703,-76.86665,1,1
84515,25785625,39.17651,-76.84899,1,1
84541,25787536,39.19915,-76.84903,1,1
84549,25787418,39.21541,-76.85772,1,1
84781,1009542860,39.20693,-76.84753,1,1
84791,25785624,39.17594,-76.84907,1,1
85026,25785605,39.1755,-76.85064,1,1
85148,844281269,39.20902,-76.84787,1,1
85149,25787689,39.20795,-76.84789,1,1
85574,25776777,39.17383,-76.88131,1,1
85725,25777120,39.18467,-76.89612,1,1
86108,25785313,39.17703,-76.86036,0,0
86128,25787413,39.21281,-76.85753,1,1
122748,984166943,39.17322,-76.85238,1,1
123339,844635373,39.21629,-76.88132,1,1
131639,1012424232,39.21657,-76.88172,1,1
136587,984141273,39.21237,-76.84411,1,1
147319,322680409,39.21101,-76.88152,1,1
151957,26977538,39.2117,-76.86182,1,1
164543,964896076,39.20424,-76.86026,1,1
164693,984063031,39.18297,-76.87414,0,0
164705,984063037,39.20365,-76.85907,1,1
196472,1009540744,39.19158,-76.84936,1,1
196475,1009540742,39.19168,-76.84916,1,1
198195,25787380,39.2116,-76.86182,1,1
