3465,25633737,39.19846,-77.26662,1,1
3466,942930549,39.19964,-77.25971,1,1
3467,25633813,39.19944,-77.26012,1,1
3468,942930553,39.1967,-77.26021,1,1
3469,942930552,39.19706,-77.26013,1,1
3470,942930551,39.19695,-77.26594,1,1
3471,25633450,39.19662,-77.26556,1,1
3472,25633824,39.20023,-77.25793,1,1
3473,942930555,39.20095,-77.25573,1,1
3474,25633646,39.19355,-77.26032,0,0
3475,942930554,39.19474,-77.26055,1,1
3476,25633659,39.19728,-77.26009,1,1
3477,942930556,39.19771,-77.26013,1,1
3584,1003025994,39.18705,-77.27388,1,1
3588,25588753,39.18628,-77.2736,1,1
3589,1003025988,39.18706,-77.27363,1,1
3590,25588750,39.18628,-77.27383,1,1
4243,1056682758,39.21539,-77.25545,1,1
4244,25633982,39.21538,-77.25669,1,1
5608,1056650486,39.21361,-77.28832,1,1
6852,828658695,39.21483,-77.26568,1,1
7677,25634109,39.19081,-77.24784,1,1
7678,943035638,39.19118,-77.24672,1,1
9965,25587841,39.21411,-77.29782,1,1
10194,336672630,39.20464,-77.24659,1,1
10935,936268686,39.19246,-77.27122,1,1
10936,25633320,39.19165,-77.27191,1,1
12779,939174653,39.20486,-77.30253,1,1
12780,25587689,39.2045,-77.30286,1,1
13838,936262107,39.18172,-77.26114,1,1
13839,25633225,39.18122,-77.26231,1,1
14614,940651753,39.1785,-77.28107,1,1
14615,940651752,39.17842,-77.28094,1,1
15395,940648979,39.17694,-77.28224,1,1
15397,215039552,39.17698,-77.28239,1,1
16426,940648978,39.17334,-77.28354,1,1
17133,942870573,39.17401,-77.25048,1,1
17135,942870572,39.17406,-77.24958,1,1
21544,943040497,39.20839,-77.24693,1,1
21545,25634910,39.20879,-77.24726,1,1
21546,943040499,39.20951,-77.24748,1,1
21547,25634771,39.20663,-77.24645,1,1
21548,943040501,39.20797,-77.24682,1,1
21855,936283973,39.2107,-77.24789,1,1
21856,25634911,39.20883,-77.24705,1,1
21857,936283974,39.21003,-77.2475,1,1
23649,25633515,39.18293,-77.25811,1,1
23702,25633514,39.18275,-77.25886,1,1
24091,25587258,39.17908,-77.30155,1,1
24390,25632692,39.17412,-77.24925,1,1
24511,215039527,39.18066,-77.26364,1,1
25182,25633522,39.18323,-77.25707,1,1
26505,940884146,39.17851,-77.26773,1,1
26508,940884143,39.17951,-77.2681,1,1
26510,940884144,39.17968,-77.26825,1,1
26512,940884147,39.17828,-77.26809,1,1
26513,25631306,39.17685,-77.27001,1,1
26526,25633142,39.17896,-77.26734,1,1
26527,940884141,39.17935,-77.26658,1,1
26528,940884142,39.17966,-77.26595,1,1
26529,25633140,39.17885,-77.26753,1,1
26530,336668048,39.17687,-77.26438,1,1
26531,940884140,39.17769,-77.26564,1,1
26532,336668052,39.17791,-77.26609,1,1
26533,940884138,39.1782,-77.26662,1,1
26534,336668905,39.17781,-77.26556,1,1
26535,940884139,39.17809,-77.26609,1,1
26569,25589198,39.21398,-77.28377,1,1
26657,336668069,39.17447,-77.24834,1,1
26732,19461781,39.18534,-77.25376,1,1
26742,976960172,39.18573,-77.25354,1,1
26856,25589201,39.21405,-77.28269,1,1
26908,844872513,39.1786,-77.28096,1,1
26909,844872514,39.17852,-77.28084,1,1
27051,25589011,39.19177,-77.2721,1,1
27202,942940762,39.18236,-77.25971,1,1
27203,25633492,39.1821,-77.26027,1,1
27204,942940758,39.18148,-77.2613,1,1
27205,25633224,39.18105,-77.2623,1,1
27206,942940757,39.18281,-77.25839,1,1
27207,25633493,39.18197,-77.26016,1,1
27208,942940759,39.18175,-77.26067,1,1
27377,25633730,39.20181,-77.26772,0,0
27414,336668044,39.17874,-77.26739,1,1
27509,336668482,39.1782,-77.30124,1,1
27693,25633628,39.19079,-77.25936,0,0
27811,25633612,39.18669,-77.25367,1,1
28111,25589296,39.21418,-77.27835,1,1
28266,25588735,39.18411,-77.27374,1,1
28390,25588737,39.18407,-77.27356,1,1
28691,19464100,39.17902,-77.26689,1,1
28960,1002620350,39.1876,-77.27389,1,1
28964,1002620351,39.18751,-77.27364,1,1
28965,25633548,39.18146,-77.25181,0,0
28971,25633640,39.19082,-77.25906,0,0
29095,25633615,39.1864,-77.25317,1,1
29097,1056575154,39.21401,-77.29611,1,1
29171,1056650479,39.20652,-77.27281,0,0
29172,1056650475,39.20574,-77.27202,0,0
29173,19461777,39.20188,-77.26739,0,0
29616,25633584,39.18461,-77.25505,0,0
29708,25589297,39.21426,-77.27724,1,1
30148,236510175,39.18141,-77.2694,1,1
30301,25633607,39.18597,-77.25301,1,1
30355,336669299,39.21257,-77.24866,1,1
30524,25633527,39.18447,-77.25756,1,1
30530,25634108,39.19066,-77.24775,1,1
31990,25633523,39.18333,-77.25713,1,1
32551,25632705,39.17414,-77.24795,1,1
33080,336668910,39.17468,-77.25265,1,1
34363,25633562,39.18426,-77.25505,1,1
34910,336677502,39.18386,-77.25265,1,1
34911,19461788,39.19744,-77.26357,1,1
35215,215039545,39.18052,-77.26353,1,1
35254,336668035,39.21312,-77.29888,1,1
35368,26988377,39.17534,-77.27209,1,1
35430,25633568,39.18455,-77.25468,1,1
35733,287585979,39.1846,-77.27352,1,1
35830,25633141,39.17884,-77.26723,1,1
36827,25633148,39.1828,-77.27087,1,1
36917,25633616,39.18652,-77.25333,1,1
37064,25633442,39.19564,-77.26685,1,1
37863,336677529,39.18735,-77.25274,1,1
38087,336677512,39.18738,-77.25251,1,1
38238,25633585,39.18488,-77.255,0,0
38252,336668061,39.17489,-77.2592,1,1
38383,25633451,39.19654,-77.26527,1,1
38449,236510194,39.18028,-77.26847,1,1
38520,25587680,39.20304,-77.30413,1,1
38993,25633642,39.19371,-77.2607,0,0
39054,25633419,39.19538,-77.26767,1,1
39129,25631791,39.1749,-77.261,1,1
39411,19461778,39.19734,-77.26314,0,0
40264,25633889,39.20192,-77.2534,1,1
40558,312344978,39.18387,-77.27279,1,1
40911,25589318,39.21428,-77.27693,1,1
40982,215066680,39.19581,-77.26697,1,1
41552,25632690,39.17416,-77.24988,1,1
41912,25633668,39.18857,-77.25176,1,1
41913,942938267,39.18941,-77.25042,1,1
41915,942938266,39.18919,-77.25105,1,1
41916,942938268,39.18894,-77.25137,1,1
41917,942938269,39.19042,-77.24895,1,1
41919,942938263,39.18408,-77.25501,1,1
41920,942938262,39.18378,-77.25551,1,1
41922,942938264,39.18711,-77.25291,1,1
41924,25633626,39.18694,-77.25303,1,1
41926,25633669,39.18848,-77.25157,1,1
42014,19461782,39.18262,-77.25916,1,1
42039,287594075,39.19368,-77.27017,1,1
42040,942938274,39.1949,-77.26843,1,1
42066,287594076,39.19353,-77.27002,1,1
42243,26966245,39.17337,-77.28371,1,1
42478,322677676,39.18005,-77.26506,1,1
42492,25589298,39.21426,-77.27724,0,0
42520,25631957,39.17482,-77.25258,1,1
42839,26988378,39.17545,-77.27221,1,1
43761,25633371,39.19359,-77.27028,1,1
43819,287586678,39.17493,-77.2612,1,1
43821,25633461,39.19746,-77.26395,1,1
43822,968826299,39.1991,-77.26321,1,1
43824,968826298,39.19658,-77.26115,1,1
43828,25633758,39.1979,-77.26364,0,0
43911,25633602,39.185,-77.25425,1,1
43913,968826295,39.18346,-77.25799,1,1
43916,25633546,39.18099,-77.25168,0,0
43917,968826294,39.18262,-77.25429,1,1
43955,25589265,39.20744,-77.27404,0,0
46584,942871286,39.17508,-77.24735,1,1
46585,336668068,39.17522,-77.2468,1,1
46587,25632701,39.17466,-77.24822,1,1
46589,25632713,39.17535,-77.24689,1,1
47027,1056658501,39.21462,-77.26966,1,1
47028,828658702,39.21456,-77.26842,1,1
47030,1056658506,39.21462,-77.27246,1,1
47031,25589322,39.21446,-77.27472,1,1
47226,940895075,39.17995,-77.26818,1,1
47228,940895078,39.17754,-77.26502,1,1
47229,25631447,39.17696,-77.26423,1,1
47230,940884137,39.17834,-77.26655,1,1
47231,940895077,39.17723,-77.2698,1,1
47232,26988335,39.17695,-77.27017,1,1
47233,940895076,39.17749,-77.26946,1,1
48920,940964271,39.20384,-77.24974,1,1
48923,889065722,39.20338,-77.25061,1,1
50587,336672625,39.20445,-77.24657,1,1
50858,25631956,39.17524,-77.25358,1,1
51098,25586113,39.17502,-77.29993,1,1
51932,25633759,39.19799,-77.26335,0,0
52014,25633570,39.18442,-77.25454,1,1
53432,25588734,39.1839,-77.27359,1,1
53880,25633372,39.19344,-77.27014,1,1
53889,19461780,39.18139,-77.25205,0,0
54284,19464101,39.17991,-77.26495,1,1
54620,25588994,39.1896,-77.27318,1,1
54622,1070590323,39.17544,-77.26236,1,1
54624,25631789,39.17511,-77.26138,1,1
54625,1070590321,39.17531,-77.26247,1,1
54628,940797307,39.17521,-77.26224,1,1
54723,25633629,39.18833,-77.25813,0,0
55566,25589291,39.21417,-77.28109,1,1
55770,889065721,39.20253,-77.25211,1,1
55771,25633890,39.20201,-77.25319,1,1
55778,889065707,39.20239,-77.25198,1,1
55779,25633891,39.20185,-77.25309,1,1
56407,25587688,39.20429,-77.30307,1,1
56566,25634032,39.17994,-77.25045,0,0
58059,916277708,39.19784,-77.26321,0,0
58060,25633471,39.19763,-77.26301,0,0
58061,916277707,39.19784,-77.26321,1,1
58062,25633761,39.19771,-77.26347,1,1
59684,336668483,39.18048,-77.30322,1,1
59685,25634915,39.21496,-77.25113,1,1
59686,848134477,39.21501,-77.25123,1,1
60020,25634023,39.21773,-77.25483,1,1
60891,25634918,39.21383,-77.24928,1,1
60892,848134226,39.21491,-77.25103,1,1
60917,1002612209,39.17716,-77.30087,1,1
60919,25586109,39.17636,-77.30058,1,1
62838,942932955,39.19788,-77.26272,1,1
62839,25633463,39.19756,-77.26333,1,1
62840,942932956,39.19757,-77.26374,1,1
62842,215066682,39.20029,-77.25822,1,1
62843,942932952,39.20039,-77.26678,1,1
62844,942932954,39.20102,-77.25611,1,1
62845,942932953,39.20039,-77.25795,1,1
62848,942930550,39.19873,-77.26662,1,1
62934,25587838,39.21393,-77.29816,1,1
63125,25589319,39.21428,-77.27693,0,0
63233,19461789,39.19804,-77.26283,1,1
63744,25632710,39.17589,-77.24726,0,0
63864,25633979,39.2153,-77.25941,1,1
63875,261477463,39.1813,-77.26959,1,1
64112,336677708,39.19757,-77.26639,1,1
64191,25632686,39.17426,-77.25102,1,1
64372,1056575155,39.20966,-77.30058,1,1
64373,25587772,39.20634,-77.30169,1,1
65300,25633804,39.19902,-77.26093,1,1
65564,25633149,39.18295,-77.2707,1,1
65883,25634033,39.18107,-77.25146,0,0
66089,25588591,39.18135,-77.27618,1,1
66111,25633757,39.20057,-77.26596,0,0
66814,25633768,39.198,-77.26249,1,1
67416,25589268,39.20769,-77.27387,0,0
67604,25632685,39.17409,-77.25109,1,1
67818,236510199,39.18019,-77.26866,1,1
67948,25633888,39.20176,-77.25329,1,1
68391,25588667,39.18252,-77.27458,1,1
68511,940795976,39.1741,-77.26158,1,1
68513,940795975,39.17447,-77.26141,1,1
68516,940795972,39.17302,-77.26184,1,1
68518,940795974,39.17403,-77.26138,1,1
68519,940795973,39.17357,-77.26159,1,1
68522,940795980,39.175,-77.25988,1,1
68524,25631807,39.17508,-77.25924,1,1
68525,940795978,39.1752,-77.25838,1,1
68526,940795979,39.17503,-77.25963,1,1
68609,19461779,39.20038,-77.26617,0,0
69121,25633223,39.18116,-77.26246,1,1
69580,25634914,39.21187,-77.24833,1,1
69593,848136090,39.21222,-77.2485,1,1
69975,215066679,39.19951,-77.25959,1,1
70742,940797306,39.17584,-77.26305,1,1
70743,336668909,39.17498,-77.26143,1,1
70745,940797308,39.17511,-77.26196,1,1
70746,940797305,39.17575,-77.2632,1,1
71505,25634770,39.20661,-77.24666,1,1
71920,25633566,39.18426,-77.25474,1,1
72202,25631792,39.17505,-77.26094,1,1
74064,25633806,39.19893,-77.26071,1,1
74547,25633578,39.18689,-77.25574,1,1
74590,848135739,39.21656,-77.25373,1,1
74591,25634027,39.21557,-77.25234,1,1
75191,25588592,39.18158,-77.27607,1,1
75326,336668066,39.1751,-77.24698,1,1
75470,215066681,39.19529,-77.26746,1,1
76398,287239119,39.21377,-77.2489,1,1
77123,19457393,39.17578,-77.24747,0,0
77263,288029553,39.17507,-77.26115,1,1
78076,25633667,39.18774,-77.25223,1,1
78949,25588593,39.18149,-77.2758,1,1
79759,273142883,39.21526,-77.26148,1,1
80281,844872512,39.18147,-77.2763,1,1
81139,25588995,39.18968,-77.27342,1,1
81152,25633635,39.18874,-77.25804,0,0
81526,940948058,39.20338,-77.25018,1,1
81527,940948064,39.20568,-77.24643,1,1
81530,940948066,39.20409,-77.24857,1,1
81551,940948055,39.20439,-77.24699,1,1
81552,940948056,39.20428,-77.24778,1,1
81553,940948057,39.20419,-77.24819,1,1
81554,889065708,39.20305,-77.25078,1,1
82287,287586646,39.17509,-77.25367,1,1
82570,25588713,39.18238,-77.2744,1,1
84300,25588732,39.18394,-77.27378,1,1
84660,287585018,39.17851,-77.26681,1,1
144047,25589294,39.21422,-77.28031,1,1
145032,1056650483,39.21401,-77.29296,1,1
159757,968826300,39.19878,-77.26501,1,1
159847,968826297,39.18617,-77.25389,1,1
159848,968826296,39.18542,-77.25674,1,1
162963,916279464,39.21468,-77.27074,1,1
166794,25631845,39.17533,-77.25745,1,1
197240,336668062,39.17517,-77.2574,1,1
