202,1024896821,39.26234,-76.70615,1,1
203,1024896822,39.26234,-76.70615,1,1
205,1024896108,39.2608,-76.7035,1,1
206,25909923,39.26228,-76.70638,1,1
257,984132982,39.25251,-76.68225,0,0
258,25920281,39.25178,-76.68117,0,0
334,809930717,39.25379,-76.66813,1,1
1081,25921142,39.24701,-76.67171,1,1
1082,984134575,39.24752,-76.67141,1,1
1124,25909986,39.26035,-76.70279,0,0
1220,809930716,39.24905,-76.67046,1,1
1221,984134883,39.25006,-76.66981,1,1
1222,878426471,39.25177,-76.66898,1,1
1223,984134884,39.25216,-76.66882,1,1
1668,810006997,39.248,-76.68292,0,0
1669,25920158,39.24739,-76.68416,0,0
1674,810006995,39.2243,-76.71837,0,0
1693,810006998,39.22613,-76.71672,0,0
2209,875057872,39.24041,-76.66947,0,0
3451,25907247,39.23826,-76.71247,1,1
3452,833193554,39.2403,-76.71335,1,1
3453,833193555,39.23596,-76.71128,1,1
3841,875063825,39.25742,-76.69715,0,0
3842,26967795,39.25708,-76.69595,0,0
3843,875063826,39.25764,-76.69706,0,0
3844,25920021,39.2573,-76.69581,0,0
3845,875063831,39.25401,-76.69153,1,1
3846,25920043,39.25106,-76.69142,1,1
3847,875063829,39.25645,-76.69071,1,1
3848,25920094,39.25598,-76.69085,1,1
3849,875063830,39.25529,-76.69105,1,1
4495,25907566,39.21897,-76.69934,0,0
4496,916281698,39.22184,-76.69373,0,0
4499,25907567,39.21883,-76.69902,0,0
4500,916281699,39.22158,-76.69374,0,0
4568,25920645,39.23611,-76.66864,1,1
4619,26967214,39.25169,-76.68129,0,0
4620,984165897,39.25241,-76.6824,0,0
4695,25920617,39.236,-76.66942,1,1
4876,287612564,39.24484,-76.67386,1,1
4877,833196552,39.24528,-76.67239,1,1
4878,25921123,39.24496,-76.6722,1,1
4879,833196551,39.24407,-76.67538,1,1
4880,25921044,39.24365,-76.67609,1,1
4881,833196550,39.2444,-76.67484,1,1
4886,833196555,39.24623,-76.67235,1,1
4887,833196554,39.24589,-76.67266,1,1
4889,25921118,39.24562,-76.67295,1,1
4890,833196553,39.24524,-76.67326,1,1
4892,833196556,39.24407,-76.6765,1,1
5028,25920167,39.24041,-76.68056,1,1
5029,833196829,39.24181,-76.67867,1,1
5030,25921074,39.24505,-76.67379,1,1
5031,833196830,39.24515,-76.67363,1,1
5452,25907530,39.22097,-76.70211,0,0
5454,875062204,39.2405,-76.66927,0,0
5455,25907509,39.22067,-76.70368,1,1
5635,984132094,39.23217,-76.66858,0,0
5829,833462579,39.23555,-76.71095,1,1
5830,25907259,39.23515,-76.71059,1,1
7758,969085111,39.24286,-76.7118,1,1
7759,336677552,39.2417,-76.71225,1,1
8472,833197267,39.23618,-76.66883,1,1
8473,984170391,39.2364,-76.66807,1,1
11152,810026568,39.25268,-76.66861,1,1
11563,25921144,39.24828,-76.67095,1,1
11564,25921182,39.25334,-76.66834,1,1
11659,25908016,39.25639,-76.71703,1,1
11660,969352318,39.25685,-76.71834,1,1
12710,833161715,39.26243,-76.70581,1,1
12712,833161719,39.26152,-76.70792,1,1
12713,25909857,39.26137,-76.70772,1,1
12715,833161718,39.26128,-76.70749,1,1
12756,833161452,39.23176,-76.70446,0,0
14284,25922642,39.26237,-76.67274,0,0
14365,824738772,39.24739,-76.68416,1,1
15317,25907603,39.22501,-76.70162,0,0
15318,878442415,39.22981,-76.70241,0,0
16017,833408779,39.24461,-76.71901,1,1
16018,25906917,39.24391,-76.71849,1,1
16268,911733273,39.23706,-76.69209,1,1
16285,25919497,39.23186,-76.69218,1,1
17283,810716204,39.22623,-76.71707,0,0
18417,25920191,39.24809,-76.67841,0,0
18418,984144907,39.24782,-76.68236,0,0
18908,916285260,39.23918,-76.66872,0,0
18909,916285261,39.23933,-76.66855,0,0
19164,868795608,39.25675,-76.69469,0,0
19165,25920067,39.25659,-76.69409,0,0
19314,25922643,39.26231,-76.67239,0,0
20268,984142377,39.25428,-76.68433,0,0
20269,25920155,39.24779,-76.68482,0,0
20270,984142376,39.24927,-76.68358,0,0
21078,984139999,39.21826,-76.70439,0,0
21499,25920314,39.25309,-76.67908,0,0
21500,851930163,39.25335,-76.67886,0,0
21506,851930161,39.25076,-76.68328,0,0
21507,25920221,39.25009,-76.68332,0,0
21508,851930162,39.24612,-76.68657,0,0
21509,273134947,39.24571,-76.68727,0,0
22008,288005400,39.22049,-76.7036,1,1
22009,833159744,39.2217,-76.70388,1,1
22010,25907582,39.22266,-76.70016,1,1
22011,833159742,39.22294,-76.69986,1,1
22012,215066579,39.22146,-76.70129,1,1
22013,833159743,39.22182,-76.7009,1,1
22014,25907410,39.21918,-76.70372,1,1
22015,833159740,39.21963,-76.70324,1,1
22016,25907619,39.22335,-76.69943,1,1
22017,833159741,39.22375,-76.69898,1,1
22021,25906918,39.24586,-76.7198,1,1
22022,833159745,39.24657,-76.7202,1,1
22096,984144564,39.21849,-76.70357,1,1
22191,984143837,39.24793,-76.67785,0,0
22192,25921050,39.24686,-76.67592,0,0
22629,25920313,39.25179,-76.68028,0,0
23020,25907620,39.22335,-76.6992,1,1
23204,25907998,39.25203,-76.71415,1,1
23677,287995066,39.24879,-76.7159,1,1
23898,25920229,39.25158,-76.68342,0,0
24038,25907344,39.21833,-76.70671,1,1
24090,26967203,39.24127,-76.71377,1,1
24203,25907883,39.24327,-76.71462,1,1
24299,25906492,39.22283,-76.72077,0,0
24330,25907533,39.22099,-76.70178,1,1
24365,851477678,39.22209,-76.71831,0,0
24373,851477675,39.22359,-76.71923,0,0
24374,273135122,39.22256,-76.72111,0,0
24376,25906495,39.22285,-76.72022,0,0
24377,851477677,39.2223,-76.71808,0,0
24378,273127655,39.22175,-76.71753,0,0
24379,851477676,39.22376,-76.71947,0,0
24380,322679153,39.22194,-76.71744,0,0
24408,25906925,39.24895,-76.72211,1,1
24602,25907918,39.24096,-76.71127,1,1
24961,25919720,39.23456,-76.68729,1,1
25847,90696428,39.25745,-76.71952,1,1
25900,25909985,39.26031,-76.70327,0,0
25922,25907302,39.23509,-76.70896,0,0
26049,25908635,39.26024,-76.72465,1,1
26349,288005385,39.24541,-76.71568,1,1
26431,25907292,39.23563,-76.70959,0,0
26432,983962623,39.23639,-76.70863,0,0
26470,25907211,39.23267,-76.70986,0,0
26602,288010539,39.25293,-76.66851,1,1
26697,25907090,39.21936,-76.71312,0,0
26795,25909946,39.26275,-76.70501,1,1
26806,25907581,39.22254,-76.7001,1,1
27047,25907337,39.23837,-76.70913,1,1
27173,25907908,39.24217,-76.71387,1,1
27244,25909872,39.26227,-76.70831,1,1
27258,25907311,39.23676,-76.71082,1,1
27292,25907846,39.24214,-76.71418,1,1
27578,25907875,39.24532,-76.71607,1,1
27932,25919732,39.23788,-76.68354,1,1
27940,851474706,39.2502,-76.68272,0,0
27942,25921160,39.25177,-76.67703,0,0
27943,851474705,39.25391,-76.67651,0,0
27952,25907737,39.23818,-76.7063,0,0
28268,26967206,39.23251,-76.70628,0,0
28395,26967204,39.23424,-76.70801,0,0
28455,25907842,39.24212,-76.71555,1,1
28724,25919731,39.23725,-76.68423,1,1
28821,25921039,39.24475,-76.6773,1,1
29174,25909936,39.26262,-76.70551,1,1
29246,25909559,39.2592,-76.71792,1,1
29439,25909868,39.26181,-76.70813,1,1
29573,25907308,39.23688,-76.71094,1,1
29739,851475490,39.23886,-76.70415,0,0
29740,273135096,39.23895,-76.7047,0,0
29741,25907736,39.23838,-76.70527,0,0
29744,851475493,39.23143,-76.70399,0,0
29746,851475492,39.23123,-76.7042,0,0
29747,25907601,39.22488,-76.70206,0,0
29748,851475491,39.23912,-76.70423,0,0
29749,851475497,39.22877,-76.71536,0,0
29750,273135141,39.22785,-76.71597,0,0
29752,851475496,39.22862,-76.71506,0,0
29753,273135142,39.22774,-76.71565,0,0
29931,25907663,39.23378,-76.70839,1,1
29932,983958545,39.2342,-76.70845,1,1
29934,25907193,39.23204,-76.71318,0,0
29936,983958546,39.23465,-76.71177,1,1
29955,983958547,39.22083,-76.724,0,0
30562,25907371,39.2182,-76.70602,0,0
30649,25907250,39.23862,-76.71229,1,1
30828,25907497,39.22001,-76.70283,1,1
30856,288010551,39.24556,-76.67279,1,1
30906,25906501,39.22278,-76.71939,0,0
31159,25909947,39.26261,-76.70511,1,1
31569,25907291,39.23563,-76.70959,1,1
31896,25921064,39.24396,-76.67391,1,1
32009,25907660,39.2331,-76.70401,1,1
32564,25907921,39.23896,-76.70961,1,1
32577,25919846,39.24723,-76.6948,1,1
32747,25907340,39.21837,-76.70763,0,0
33042,25909676,39.26241,-76.71044,1,1
33210,851925703,39.24722,-76.67599,0,0
33211,26967211,39.24678,-76.67553,0,0
33212,851925704,39.24836,-76.67718,0,0
33213,25921051,39.24765,-76.67644,0,0
33215,851925705,39.25141,-76.68065,0,0
33286,25919878,39.24016,-76.6916,1,1
33434,287996542,39.25298,-76.71477,1,1
33457,288005298,39.26183,-76.71529,1,1
33471,25922614,39.26126,-76.67308,0,0
33947,90696429,39.25742,-76.71981,1,1
33962,25921119,39.24551,-76.67285,1,1
34197,25907412,39.21926,-76.70383,1,1
35314,25909585,39.26154,-76.71564,1,1
35449,25907888,39.24741,-76.71567,1,1
35545,952425360,39.23766,-76.69204,1,1
35546,984076774,39.23772,-76.69203,1,1
35547,952425369,39.23323,-76.69216,1,1
35548,984076773,39.23334,-76.69216,1,1
35549,215035033,39.22731,-76.6952,1,1
35550,984076772,39.22956,-76.69248,1,1
35551,25919313,39.22739,-76.69512,1,1
35552,984076771,39.22917,-76.69368,1,1
35584,984076775,39.23879,-76.69185,1,1
35585,872980584,39.23873,-76.69186,1,1
35731,25907995,39.25197,-76.7141,1,1
36069,25909682,39.26233,-76.70981,1,1
36116,25907015,39.22257,-76.71866,0,0
36128,25907898,39.24128,-76.71349,1,1
36398,25907285,39.23578,-76.7099,1,1
36477,25907878,39.24573,-76.71608,1,1
36831,25908140,39.24607,-76.7083,1,1
37075,25909681,39.26219,-76.70982,1,1
37343,25907656,39.23275,-76.706,0,0
38492,25909909,39.2611,-76.70613,1,1
38872,25909580,39.26046,-76.7166,1,1
39069,25908027,39.25622,-76.71652,1,1
39214,25919852,39.24726,-76.69397,1,1
39914,25907617,39.22318,-76.70091,1,1
39915,984074557,39.22362,-76.70135,1,1
39937,26967274,39.2208,-76.72362,0,0
40213,25909593,39.26151,-76.71548,1,1
40253,25908238,39.23972,-76.69974,0,0
40342,25907978,39.25114,-76.71504,1,1
40372,25907403,39.21853,-76.70457,1,1
40483,25907270,39.23498,-76.71016,1,1
40588,26967804,39.26079,-76.70414,0,0
40793,25907487,39.218,-76.70362,1,1
40865,25907767,39.2327,-76.70339,1,1
40985,25920619,39.23542,-76.66914,1,1
41187,26967794,39.25682,-76.69397,0,0
41196,25906958,39.24921,-76.72249,1,1
41283,25919835,39.24729,-76.69807,1,1
41484,25920052,39.2492,-76.68869,1,1
41513,1074660246,39.23904,-76.66865,0,0
41515,25921097,39.23898,-76.66862,0,0
41516,1074660247,39.2392,-76.66848,0,0
41517,25921104,39.23911,-76.66844,0,0
41776,25919722,39.23545,-76.68629,1,1
42108,25909582,39.26087,-76.71617,1,1
42214,25921052,39.24418,-76.67492,1,1
42232,25919839,39.24727,-76.69627,1,1
42271,25907579,39.22257,-76.70026,1,1
43035,25907336,39.23738,-76.70898,0,0
43345,25907717,39.23412,-76.70552,1,1
43687,25919853,39.24726,-76.69379,1,1
43848,25920164,39.24009,-76.681,1,1
44011,25907979,39.25096,-76.71498,1,1
44038,287987009,39.24922,-76.68766,1,1
44046,25919500,39.23313,-76.68891,1,1
44491,878426472,39.25074,-76.66943,1,1
44497,838198923,39.25112,-76.66924,1,1
44861,273130441,39.22051,-76.71533,0,0
44862,964587623,39.22114,-76.71644,0,0
45794,833070684,39.25147,-76.72526,1,1
45795,833070685,39.25127,-76.72512,1,1
45797,25906957,39.24978,-76.72333,1,1
45800,833070686,39.25005,-76.72373,1,1
45803,833070687,39.25127,-76.72412,1,1
45804,25906942,39.25098,-76.72427,1,1
46056,25907029,39.22069,-76.71522,0,0
46057,964585199,39.22149,-76.71664,0,0
47198,25920465,39.22279,-76.67204,1,1
47253,810362003,39.22442,-76.71867,0,0
47750,25906939,39.2509,-76.72485,1,1
47751,984066632,39.25101,-76.72493,1,1
47757,984066627,39.23598,-76.70802,0,0
47758,25907653,39.23191,-76.7052,0,0
47762,25907674,39.23419,-76.70746,0,0
47763,984066626,39.23704,-76.71192,1,1
47764,26967205,39.23658,-76.71169,1,1
49514,983966313,39.23371,-76.71112,1,1
49633,875248667,39.23251,-76.66927,0,0
49634,875248666,39.23231,-76.66913,0,0
49635,273127721,39.22554,-76.68009,0,0
49636,273127720,39.22575,-76.68023,0,0
50268,25907655,39.23212,-76.70499,0,0
50405,25922613,39.26138,-76.67338,0,0
50613,25906923,39.24736,-76.72065,1,1
50834,25907861,39.24682,-76.71803,1,1
50958,25907911,39.24153,-76.71231,1,1
50967,25906998,39.25663,-76.72059,1,1
51173,851497242,39.25545,-76.68978,0,0
51175,25920174,39.24292,-76.677,1,1
51178,25907175,39.22955,-76.71444,0,0
51183,25909931,39.26252,-76.70547,1,1
51194,25919877,39.24061,-76.69167,1,1
51276,25907849,39.24351,-76.71442,1,1
51288,25909925,39.26243,-76.70635,1,1
51313,25907906,39.24179,-76.71371,1,1
51407,25920105,39.25408,-76.68575,0,0
51563,25921061,39.24448,-76.67443,1,1
51574,26967210,39.24753,-76.67663,0,0
51700,336677551,39.22986,-76.69919,1,1
52194,25909871,39.26216,-76.70831,1,1
52380,25907495,39.22004,-76.70299,1,1
52433,25922611,39.25889,-76.67454,0,0
52470,25907001,39.25713,-76.71912,1,1
53123,336677550,39.23011,-76.69955,1,1
53321,25907281,39.23406,-76.70889,0,0
53339,25907539,39.22124,-76.70184,0,0
53433,25919358,39.22911,-76.69858,1,1
53470,287995065,39.25401,-76.71568,1,1
53598,25919873,39.23972,-76.69173,1,1
54071,25919715,39.23387,-76.68806,1,1
54190,25909881,39.26229,-76.70767,1,1
54553,25919310,39.22703,-76.69546,1,1
54823,26967207,39.23187,-76.71289,0,0
54912,25920144,39.24852,-76.68604,1,1
54974,25919728,39.2366,-76.68496,1,1
55161,984090028,39.25019,-76.69143,1,1
55162,25920030,39.24899,-76.69144,1,1
55274,273134948,39.259,-76.67493,0,0
55385,287994428,39.23982,-76.68131,1,1
55687,969189022,39.24666,-76.70411,1,1
55688,25908196,39.24659,-76.70453,1,1
55697,25907997,39.2525,-76.71456,1,1
55936,25907551,39.22289,-76.70167,1,1
56012,25908205,39.23955,-76.70232,0,0
56311,25907496,39.22015,-76.7029,1,1
56459,287613709,39.23431,-76.68758,1,1
56538,90696430,39.25723,-76.71978,1,1
56806,25909924,39.26228,-76.70638,0,0
56934,25907102,39.21905,-76.71186,0,0
56935,1064087653,39.21963,-76.71324,0,0
57017,25920307,39.25015,-76.67906,0,0
57070,25907887,39.24742,-76.716,1,1
57587,705668421,39.21991,-76.67773,1,1
57588,984088954,39.22024,-76.67707,1,1
57642,25909885,39.26232,-76.70705,0,0
58064,984228940,39.24453,-76.71138,1,1
58066,25907915,39.24329,-76.71168,1,1
58228,25909858,39.26137,-76.70792,1,1
58229,984088072,39.26267,-76.70599,1,1
58230,984088071,39.26182,-76.70903,1,1
58232,25908004,39.25256,-76.71445,1,1
58233,984088065,39.25263,-76.7145,1,1
58238,984088067,39.25977,-76.71743,1,1
58375,984228653,39.23511,-76.6922,1,1
58376,952425365,39.23506,-76.6922,1,1
58830,25906943,39.25184,-76.72552,1,1
59739,25906475,39.22058,-76.72344,0,0
59740,848134439,39.22087,-76.72286,0,0
59790,848134417,39.23371,-76.70706,0,0
59951,848134531,39.26197,-76.70665,1,1
59952,848134532,39.26206,-76.70669,1,1
60893,848134227,39.25122,-76.68324,0,0
61223,984227003,39.23586,-76.66904,1,1
62064,983926056,39.23487,-76.66832,1,1
62067,983926054,39.24452,-76.67283,1,1
62069,25921091,39.24233,-76.67126,0,0
62070,983926053,39.24365,-76.67316,1,1
62931,25907003,39.2579,-76.71926,1,1
63323,25920265,39.24897,-76.68095,0,0
63472,26967796,39.26017,-76.70245,0,0
63511,25921721,39.26139,-76.68797,1,1
63941,25919911,39.2453,-76.6915,1,1
64336,25907401,39.21853,-76.7048,1,1
64376,25921089,39.24183,-76.67046,0,0
64651,25919876,39.24016,-76.6917,1,1
64960,25920079,39.25599,-76.69183,0,0
65286,25907369,39.21812,-76.70598,1,1
65320,26967202,39.24236,-76.71395,1,1
65595,25906919,39.24548,-76.71958,1,1
65649,917705491,39.26223,-76.70688,1,1
65650,25909883,39.26219,-76.70751,1,1
65651,917705490,39.26223,-76.70688,0,0
65652,26967232,39.22144,-76.70218,0,0
65653,25909882,39.26217,-76.70677,0,0
65671,25907702,39.23802,-76.70884,1,1
65880,25907922,39.23958,-76.71011,1,1
66137,25907133,39.21858,-76.71002,0,0
66144,322655809,39.21969,-76.7247,0,0
66282,25919913,39.24734,-76.69299,1,1
66314,25909562,39.26052,-76.7167,1,1
66388,25921075,39.2453,-76.67317,1,1
66449,25906965,39.25343,-76.72285,1,1
66712,25920049,39.24905,-76.68928,1,1
66886,984080786,39.24686,-76.70284,1,1
66887,969189023,39.2468,-76.70325,1,1
66889,984080785,39.2473,-76.6996,1,1
66890,25908288,39.24722,-76.70057,1,1
66892,25919891,39.24359,-76.691,0,0
66894,25919845,39.24725,-76.69524,1,1
66897,984080783,39.24781,-76.69146,1,1
66898,287996398,39.24624,-76.69149,1,1
66904,25908268,39.24688,-76.70272,1,1
66905,984080788,39.24702,-76.70183,1,1
66907,984080787,39.24575,-76.70972,1,1
66996,25907999,39.25207,-76.71403,1,1
67211,25909888,39.26247,-76.7067,0,0
67354,25921017,39.24352,-76.67595,1,1
67542,25920071,39.25452,-76.69153,1,1
67715,25907769,39.23222,-76.70266,1,1
68491,25907367,39.21803,-76.70595,1,1
68997,25919889,39.24324,-76.69102,0,0
69575,25908169,39.24632,-76.70676,1,1
69849,25907272,39.23526,-76.71048,0,0
69938,25908672,39.25914,-76.7229,1,1
70028,25907783,39.22997,-76.69934,1,1
70483,25908028,39.25618,-76.71639,1,1
70764,25908001,39.2529,-76.71488,1,1
70775,25907343,39.21823,-76.70692,0,0
70839,25906500,39.22219,-76.7189,0,0
70941,25907771,39.23191,-76.70221,1,1
70973,25920150,39.24827,-76.6856,1,1
71219,25907345,39.21833,-76.70671,0,0
71832,25907527,39.22089,-76.70209,1,1
72120,848135394,39.24857,-76.68612,1,1
72230,848135440,39.24519,-76.67244,1,1
72238,25920153,39.24867,-76.68511,1,1
72413,273135121,39.22238,-76.72091,0,0
72484,25921071,39.24496,-76.67369,0,0
72709,25907685,39.23509,-76.70645,1,1
72763,25919295,39.22457,-76.69794,1,1
72764,848135213,39.22695,-76.69553,1,1
73420,25907715,39.23436,-76.70581,1,1
73793,25919922,39.24793,-76.69146,1,1
73874,984078453,39.24493,-76.69151,1,1
73875,25919883,39.24212,-76.69158,1,1
74059,25907848,39.24242,-76.71433,1,1
74172,26967212,39.24245,-76.6711,0,0
74256,25907535,39.22114,-76.70182,1,1
74324,25922638,39.26184,-76.67309,0,0
74960,273133564,39.24602,-76.67478,0,0
75174,838213472,39.22598,-76.71724,0,0
75175,838213285,39.22581,-76.71736,0,0
75176,838213471,39.22584,-76.71694,0,0
75177,838213283,39.22568,-76.71706,0,0
75210,25906940,39.2506,-76.72454,1,1
75627,25922640,39.2617,-76.67279,0,0
75721,25920330,39.2545,-76.68237,0,0
75888,26967234,39.22977,-76.7147,0,0
75929,25907342,39.21823,-76.70692,1,1
76020,25919485,39.23003,-76.69236,1,1
76087,25907408,39.21901,-76.70412,1,1
76194,25919302,39.22696,-76.69665,1,1
76275,851351052,39.25502,-76.68835,0,0
76276,875222720,39.25534,-76.68937,0,0
76277,851351049,39.25523,-76.68818,0,0
76279,875222721,39.25556,-76.68924,0,0
76486,26967213,39.2417,-76.67061,0,0
76623,25907844,39.24184,-76.71401,1,1
76762,984087703,39.21858,-76.68048,1,1
76764,705668420,39.21833,-76.68228,1,1
77072,25919486,39.23003,-76.69236,1,1
77291,25907286,39.23578,-76.7099,0,0
77338,25907894,39.24876,-76.71569,1,1
77550,25907768,39.23233,-76.70282,1,1
77588,25908271,39.24704,-76.70171,1,1
77630,25920616,39.23587,-76.66945,1,1
78058,25907540,39.22164,-76.70128,1,1
78403,25919721,39.23529,-76.68646,1,1
78672,25921169,39.25563,-76.67609,0,0
78741,25907500,39.2183,-76.70121,0,0
78931,25919867,39.23927,-76.69177,1,1
79397,25907290,39.23555,-76.70969,0,0
79569,25907534,39.22099,-76.70178,0,0
79752,26967216,39.25572,-76.67707,0,0
79825,984086702,39.2214,-76.67439,1,1
79826,25920366,39.2203,-76.67566,1,1
79855,25907920,39.24027,-76.71067,1,1
80103,25907499,39.2185,-76.70126,0,0
80106,25908018,39.25833,-76.71882,1,1
80159,25907053,39.22549,-76.71763,0,0
80162,25907056,39.2254,-76.71729,0,0
80207,25907772,39.23149,-76.70158,1,1
80255,1053577593,39.26244,-76.71134,1,1
80256,25909677,39.26227,-76.71036,1,1
80349,25920350,39.25396,-76.67835,0,0
80493,25907373,39.21831,-76.70605,0,0
80594,25906933,39.24737,-76.71957,1,1
81094,25907274,39.23506,-76.71024,0,0
81125,90696427,39.25728,-76.71948,1,1
81881,25907856,39.24599,-76.71752,1,1
82391,25907269,39.23498,-76.71016,0,0
82770,25921116,39.24526,-76.67253,1,1
82850,25907865,39.24641,-76.71715,1,1
83056,25921170,39.25727,-76.67603,0,0
83057,851351042,39.25788,-76.67563,0,0
83058,26967217,39.25696,-76.67551,0,0
83061,851351043,39.25799,-76.67502,0,0
83062,25921065,39.24484,-76.67386,0,0
83063,851351044,39.24592,-76.67496,0,0
83064,273134946,39.24595,-76.6875,0,0
83065,25907683,39.2359,-76.7071,1,1
83066,851351045,39.24641,-76.6868,0,0
83067,851351046,39.24679,-76.68536,0,0
83073,25920238,39.25479,-76.68693,0,0
83074,824738771,39.24779,-76.68482,1,1
83075,851351047,39.2472,-76.68375,1,1
83076,25920178,39.24584,-76.6802,1,1
83077,851351053,39.24811,-76.68534,1,1
83078,851351048,39.24796,-76.68509,1,1
83079,322679106,39.25456,-76.68701,0,0
83252,25919767,39.23825,-76.68311,1,1
83732,322679029,39.25428,-76.68569,0,0
83940,25906934,39.24725,-76.71917,1,1
83987,25921062,39.24466,-76.6744,1,1
84593,287995064,39.25408,-76.71559,1,1
85058,25920082,39.25576,-76.69092,1,1
85496,273139204,39.25875,-76.71838,1,1
85578,25907289,39.23555,-76.70969,1,1
85625,25907662,39.23378,-76.70839,0,0
85685,25919726,39.23591,-76.68571,1,1
121388,984132304,39.22181,-76.70281,1,1
134353,984146916,39.24819,-76.68011,0,0
138033,25907354,39.2185,-76.70606,1,1
138564,984142920,39.25345,-76.67978,0,0
140235,25906496,39.22285,-76.72022,0,0
148978,25909664,39.26269,-76.71242,1,1
151259,25907854,39.24601,-76.71836,1,1
156149,25909663,39.26256,-76.71242,1,1
157219,25919838,39.24729,-76.69718,1,1
157420,25920192,39.24925,-76.68803,1,1
163694,984066628,39.23296,-76.70822,0,0
170718,288005422,39.22304,-76.70122,1,1
175676,25906499,39.22222,-76.71965,0,0
182825,25908293,39.2473,-76.6995,1,1
182829,984080784,39.24727,-76.69617,1,1
197177,287994454,39.22705,-76.69564,1,1
