1377,25975168,39.24705,-76.45707,1,1
1378,876638075,39.24814,-76.4578,1,1
2820,1050758661,39.26243,-76.48226,1,1
2822,25975547,39.26218,-76.4813,1,1
4337,25974622,39.23553,-76.46498,1,1
4338,1074964678,39.23559,-76.46499,1,1
5040,967921086,39.23831,-76.45618,1,1
5041,288009811,39.23737,-76.45636,1,1
5042,25974887,39.23734,-76.4562,1,1
5043,967921080,39.23828,-76.45603,1,1
10304,25973695,39.23755,-76.49333,0,0
10305,25973697,39.23768,-76.4932,0,0
11016,25975135,39.24528,-76.45622,0,0
11017,916278036,39.24643,-76.45552,0,0
11018,288007880,39.2456,-76.45619,0,0
11019,916278037,39.24631,-76.45577,0,0
11020,26995898,39.24541,-76.45565,1,1
11021,916278035,39.24658,-76.45518,1,1
11144,25975656,39.26065,-76.47587,1,1
11145,1044978072,39.26131,-76.47806,1,1
11146,1044978071,39.26086,-76.47655,1,1
11147,25975628,39.26125,-76.47788,1,1
11335,835129352,39.25582,-76.46164,1,1
11336,336661333,39.25456,-76.46145,1,1
11337,835129353,39.2556,-76.46161,1,1
11338,835129354,39.25667,-76.46251,1,1
11339,25975219,39.25651,-76.46194,1,1
11341,835129355,39.25696,-76.46202,1,1
12038,288007890,39.2489,-76.45539,0,0
12039,916288730,39.25045,-76.45601,0,0
13126,26970107,39.24237,-76.45841,1,1
13127,878443791,39.24325,-76.45586,1,1
13132,878443792,39.24666,-76.45683,1,1
13133,19461814,39.24597,-76.45641,1,1
13150,878443749,39.24394,-76.45536,1,1
13151,26970105,39.24344,-76.45525,1,1
15423,288007579,39.23668,-76.47337,1,1
15424,835138484,39.23631,-76.47409,1,1
15425,26970094,39.23618,-76.47338,1,1
15426,835138483,39.23645,-76.47464,1,1
15427,835138488,39.23743,-76.4734,1,1
15428,288007581,39.23704,-76.47337,1,1
15429,835138486,39.23623,-76.47247,1,1
15430,835138485,39.23694,-76.47337,1,1
15431,835138490,39.23614,-76.4727,1,1
15432,835138487,39.23613,-76.47205,1,1
15433,835138489,39.23625,-76.47175,1,1
15436,835138491,39.23614,-76.47173,1,1
16034,835140060,39.23726,-76.46612,1,1
16035,835140061,39.23631,-76.47002,1,1
16036,26970187,39.23619,-76.47105,1,1
16037,835140062,39.23669,-76.46786,1,1
16038,288007783,39.23648,-76.46882,1,1
16039,835140065,39.23644,-76.47003,1,1
16040,835140064,39.23787,-76.46509,1,1
16041,26970186,39.23631,-76.47107,1,1
16042,835140063,39.23802,-76.4648,1,1
16043,26969970,39.23767,-76.46547,1,1
16044,835140066,39.237,-76.46519,1,1
16045,835140067,39.23654,-76.46512,1,1
16393,835139123,39.24753,-76.45765,1,1
16394,835139122,39.24806,-76.45798,1,1
16395,835139124,39.24736,-76.45753,1,1
16396,25975163,39.24696,-76.45727,1,1
16397,835139120,39.24944,-76.45887,1,1
16398,835139119,39.2495,-76.45867,1,1
16399,835139121,39.24849,-76.45825,1,1
17251,835141173,39.24296,-76.4552,1,1
17252,26970122,39.24338,-76.45544,1,1
17253,835141183,39.24444,-76.45576,1,1
17254,835141181,39.24397,-76.45558,1,1
17255,835141182,39.24426,-76.45569,1,1
17257,835141175,39.24295,-76.45645,1,1
17258,25975083,39.23978,-76.45575,1,1
17259,835141174,39.24029,-76.45565,1,1
17260,835141176,39.24309,-76.45598,1,1
17335,835141311,39.23897,-76.46294,1,1
17336,26970109,39.23759,-76.4654,1,1
23598,25975548,39.26205,-76.48085,1,1
23630,25975016,39.25734,-76.46475,1,1
23733,26970157,39.23714,-76.46802,0,0
24322,25974799,39.23247,-76.45993,1,1
24547,25974113,39.23882,-76.47774,1,1
24775,25975573,39.26184,-76.48003,1,1
25058,287990421,39.24244,-76.47607,1,1
26746,25974615,39.2342,-76.46443,1,1
26875,25974164,39.24206,-76.47535,1,1
28288,25975151,39.24525,-76.45596,1,1
28771,25976438,39.25959,-76.46292,1,1
28813,19461813,39.24326,-76.45542,1,1
28858,25974778,39.2323,-76.46106,1,1
29099,288007773,39.2366,-76.46886,1,1
29301,25974776,39.23224,-76.46246,1,1
29754,25975106,39.24332,-76.45523,1,1
29926,25974612,39.23363,-76.46422,1,1
30081,288007595,39.24173,-76.47488,1,1
30173,25974777,39.23239,-76.4624,1,1
30332,25974798,39.23233,-76.45989,1,1
31640,25975010,39.25785,-76.46652,1,1
31940,25974781,39.23245,-76.46043,1,1
32293,94244996,39.23782,-76.47163,1,1
32830,25974780,39.23231,-76.4605,1,1
33133,288007712,39.23714,-76.47561,1,1
33776,25974139,39.23875,-76.47451,1,1
33894,288007858,39.24587,-76.45879,1,1
33954,26970229,39.24455,-76.45557,1,1
34384,25975224,39.25649,-76.46174,1,1
34460,25974146,39.23868,-76.47322,1,1
34713,288007593,39.24135,-76.4745,1,1
35072,273129607,39.25376,-76.45733,0,0
35624,25974605,39.23344,-76.46527,1,1
38979,287634209,39.26255,-76.48271,1,1
40570,273133512,39.2545,-76.4583,0,0
40922,26969981,39.23681,-76.47553,1,1
41701,288007615,39.23917,-76.47363,1,1
42119,26970150,39.23707,-76.46769,0,0
42352,25975544,39.26251,-76.48259,1,1
42421,25976173,39.25933,-76.47142,1,1
47046,1062970479,39.23571,-76.465,1,1
52350,25976440,39.26008,-76.46299,1,1
53480,25974502,39.23034,-76.46382,1,1
54227,25975139,39.2459,-76.45661,1,1
54852,25976174,39.25922,-76.47102,1,1
55061,25975001,39.25887,-76.4699,1,1
55422,312347797,39.23636,-76.47386,1,1
56103,26998124,39.24558,-76.4564,1,1
56351,288007707,39.23629,-76.47338,1,1
58927,848134845,39.24531,-76.45641,1,1
61622,288007737,39.24132,-76.46015,1,1
63003,273129816,39.25464,-76.45756,0,0
63328,25975234,39.24543,-76.45631,0,0
65082,25975665,39.25987,-76.47323,1,1
65716,25975569,39.26156,-76.47894,1,1
66331,25973912,39.24716,-76.4888,1,1
66526,25974804,39.23259,-76.45831,1,1
66634,25975263,39.25722,-76.45773,0,0
66642,288007903,39.25374,-76.4615,1,1
67269,273129602,39.25363,-76.45782,0,0
68764,25975637,39.26091,-76.47673,1,1
69545,288007906,39.25378,-76.46129,1,1
70728,25973903,39.24849,-76.49252,1,1
70763,25974779,39.23244,-76.46107,1,1
72480,25974477,39.23066,-76.46506,1,1
73386,336661331,39.25479,-76.4617,1,1
73701,25975002,39.25868,-76.46926,1,1
73827,25976441,39.25968,-76.46272,1,1
74698,25975230,39.25682,-76.45923,0,0
75454,25973716,39.23851,-76.48264,0,0
75455,984159740,39.23879,-76.47949,1,1
75818,26997269,39.23835,-76.47814,0,0
76166,25976277,39.26,-76.4632,1,1
77935,25975003,39.25845,-76.4685,1,1
78364,25974803,39.2327,-76.45841,1,1
80135,288007750,39.23943,-76.4623,1,1
80363,25974492,39.23026,-76.46435,1,1
81660,288007764,39.23948,-76.46238,1,1
81841,26970162,39.23843,-76.47801,0,0
82250,25973860,39.23669,-76.47552,1,1
82813,26969875,39.2398,-76.4559,1,1
84075,25975254,39.24899,-76.45507,0,0
84289,288007596,39.2419,-76.47511,1,1
84502,25975663,39.26002,-76.47375,1,1
84648,25974606,39.23413,-76.46536,1,1
126240,287633994,39.2384,-76.48263,0,0
