204,1024896109,39.26362,-76.70726,1,1
1242,25923423,39.29432,-76.66867,1,1
1245,26967741,39.2942,-76.66868,1,1
1662,25910196,39.28375,-76.71447,1,1
1663,984135931,39.28417,-76.71409,1,1
2366,984137179,39.28715,-76.67235,1,1
2367,25923239,39.28698,-76.67235,1,1
2633,25908873,39.27392,-76.72379,1,1
2635,984138519,39.2743,-76.72419,1,1
3104,1052046795,39.27511,-76.71862,1,1
3105,25908941,39.27488,-76.71927,1,1
4099,287594027,39.29423,-76.6712,1,1
4100,916282212,39.29423,-76.67036,1,1
4260,968040608,39.2929,-76.68934,1,1
4261,968040609,39.29252,-76.68932,1,1
4653,833197366,39.28941,-76.72572,1,1
4655,833197365,39.28996,-76.72427,1,1
4656,25909466,39.2899,-76.72453,1,1
4893,968040615,39.29126,-76.68924,1,1
4894,1008483893,39.28862,-76.6889,1,1
4895,1008483892,39.28921,-76.68893,1,1
4896,1008455589,39.28852,-76.6889,1,1
4897,1008483883,39.29142,-76.68926,1,1
4898,1008483886,39.29025,-76.68904,1,1
7379,25921515,39.26732,-76.69099,1,1
7380,833460212,39.26749,-76.6905,1,1
7384,833460211,39.26763,-76.69112,1,1
7395,833460210,39.26712,-76.69158,1,1
7396,25921511,39.26697,-76.69202,1,1
7617,25916178,39.30207,-76.71698,1,1
7618,984102068,39.30311,-76.72011,1,1
7619,984102067,39.30423,-76.72548,1,1
7620,25915402,39.30397,-76.72395,1,1
8159,833461360,39.27317,-76.7235,1,1
8160,833461358,39.27274,-76.72327,1,1
8161,833461359,39.27297,-76.7234,1,1
8162,833461357,39.27388,-76.72321,1,1
8163,25908878,39.2738,-76.72355,1,1
8164,833461356,39.2737,-76.72403,1,1
8165,25908814,39.27365,-76.72423,1,1
8197,983922142,39.26438,-76.66858,1,1
8200,983922143,39.26358,-76.7082,1,1
8474,984170457,39.29994,-76.72122,1,1
8475,25909555,39.29985,-76.72135,1,1
9097,876349344,39.29032,-76.67253,1,1
9098,983819157,39.29047,-76.67254,1,1
9136,25923244,39.28867,-76.67243,1,1
9137,983819152,39.28904,-76.67245,1,1
10649,917970803,39.29697,-76.67282,1,1
10650,25923367,39.29449,-76.67275,1,1
10896,810027047,39.27323,-76.67114,1,1
10897,322677530,39.27283,-76.67092,1,1
10901,25923207,39.27979,-76.67164,1,1
10902,810027046,39.28022,-76.67165,1,1
10984,25910009,39.26379,-76.7017,1,1
11025,1011289325,39.2896,-76.72575,1,1
11294,983820814,39.28585,-76.67121,1,1
11295,336677417,39.28582,-76.67189,1,1
11561,813343140,39.27071,-76.68105,1,1
11562,25921897,39.27035,-76.68164,1,1
11650,25908856,39.27062,-76.72143,0,0
11651,1062326530,39.2731,-76.72465,1,1
11714,25908857,39.27123,-76.72209,0,0
11715,1062326682,39.2719,-76.7227,1,1
12485,25922034,39.2814,-76.69483,1,1
12486,811058743,39.28142,-76.69412,1,1
12487,25922037,39.28143,-76.69368,1,1
12488,811058744,39.28145,-76.69332,1,1
12708,833161716,39.26365,-76.70642,1,1
12709,25909944,39.26295,-76.70565,1,1
12711,25909901,39.26353,-76.70624,1,1
12714,833161717,39.2632,-76.70586,1,1
12818,1062326217,39.27332,-76.72568,1,1
13743,878443318,39.27381,-76.72493,1,1
13744,25908806,39.27352,-76.72488,1,1
13836,917988259,39.28089,-76.70502,1,1
13837,25910505,39.28081,-76.70547,1,1
13852,25909851,39.27869,-76.70891,1,1
13854,917988258,39.27876,-76.70876,1,1
13859,984363062,39.29314,-76.7027,1,1
13860,25910714,39.29303,-76.70255,1,1
14084,25909530,39.29083,-76.72012,1,1
16925,25921735,39.26289,-76.68695,1,1
17012,889845307,39.29493,-76.67214,1,1
17013,25923343,39.29133,-76.6723,1,1
17014,25923381,39.29455,-76.67229,1,1
17015,889845306,39.29199,-76.67202,1,1
17016,889845305,39.28043,-76.69431,1,1
17017,25922035,39.27987,-76.69459,1,1
17050,889845308,39.3022,-76.67417,1,1
17051,288010115,39.30189,-76.67444,1,1
17059,25923218,39.28059,-76.66996,1,1
17060,889845309,39.28062,-76.67016,1,1
18785,25922806,39.27394,-76.67148,1,1
18788,811138543,39.27461,-76.66927,1,1
18790,25922819,39.27489,-76.66823,1,1
18791,811138542,39.27413,-76.67116,1,1
18792,288007044,39.27432,-76.67089,1,1
19313,25922863,39.26511,-76.66795,1,1
20457,26967732,39.30127,-76.71046,1,1
20458,983999270,39.30137,-76.70986,1,1
20799,890528457,39.27534,-76.67154,1,1
21192,25910476,39.29988,-76.71112,1,1
21193,983996918,39.30008,-76.71181,1,1
21733,1010563825,39.29084,-76.71884,1,1
21734,833475287,39.29087,-76.71989,1,1
21735,25909528,39.29073,-76.71957,1,1
21736,1010563826,39.29114,-76.71811,1,1
21980,984144281,39.30338,-76.71962,1,1
21981,25916183,39.30272,-76.71685,1,1
22218,25923374,39.29419,-76.67232,1,1
22219,25923434,39.29525,-76.67196,1,1
22220,25923390,39.29421,-76.67161,1,1
22221,890529837,39.2949,-76.67152,1,1
22472,25909423,39.28921,-76.72402,1,1
22473,984143537,39.28973,-76.72409,1,1
22785,288004970,39.30348,-76.71277,1,1
23071,25910319,39.28885,-76.70939,1,1
23366,25922252,39.29362,-76.68837,1,1
23401,25923238,39.28639,-76.6723,1,1
23468,25910673,39.29477,-76.70499,1,1
23487,26967806,39.26292,-76.70449,1,1
23509,25910399,39.29167,-76.7128,1,1
23513,25916277,39.30175,-76.71215,1,1
23554,25922795,39.27356,-76.67219,1,1
23700,25910308,39.28819,-76.71048,1,1
23808,25916288,39.3031,-76.71266,1,1
23814,25910709,39.29227,-76.70202,1,1
24103,25908845,39.27685,-76.72547,0,0
24343,25910708,39.29219,-76.70261,1,1
24615,25908804,39.27341,-76.72536,1,1
24848,25922198,39.2933,-76.69377,1,1
24920,25921733,39.26383,-76.68753,1,1
25363,25910752,39.29276,-76.69888,1,1
25385,25909750,39.27912,-76.71776,1,1
25448,25922096,39.28152,-76.69066,1,1
25456,25909551,39.29933,-76.72207,1,1
25634,25908838,39.27598,-76.72521,0,0
25813,25916353,39.30631,-76.7137,1,1
25856,25922567,39.29392,-76.67976,1,1
26211,811126209,39.2779,-76.6716,1,1
26212,25922814,39.27755,-76.67159,1,1
26695,25929589,39.30712,-76.66837,1,1
26897,25916293,39.30398,-76.71293,1,1
27116,25910688,39.29529,-76.70571,1,1
27216,25916352,39.30625,-76.71389,1,1
27286,25916384,39.30716,-76.70941,1,1
27828,25908811,39.27361,-76.72443,0,0
28168,288029679,39.28176,-76.68196,1,1
28226,25916385,39.30729,-76.70932,1,1
28239,25909759,39.2763,-76.71508,1,1
28350,25921596,39.2764,-76.69518,1,1
28361,26967763,39.26401,-76.70986,0,0
28492,25922299,39.28174,-76.68328,1,1
28564,25922566,39.29389,-76.68062,1,1
28632,25910678,39.29688,-76.70779,1,1
28657,1010434273,39.29339,-76.69478,1,1
28659,1010434272,39.29323,-76.69548,1,1
28660,25922192,39.2932,-76.6961,1,1
28661,1010434271,39.29336,-76.69548,1,1
28662,1010434274,39.29326,-76.69478,1,1
28664,25922193,39.29331,-76.69616,1,1
28773,25921737,39.26356,-76.68679,1,1
28793,25923305,39.29413,-76.67414,1,1
29088,25916195,39.30234,-76.71642,1,1
29325,25916381,39.30629,-76.70997,1,1
29332,25910320,39.28863,-76.70919,1,1
29483,25923363,39.29405,-76.67274,1,1
29694,25908805,39.27344,-76.72523,1,1
29812,25910305,39.28785,-76.7106,1,1
30150,25922551,39.29387,-76.68122,1,1
30179,25910686,39.29562,-76.70614,1,1
30254,25922296,39.28171,-76.68463,1,1
30338,25923443,39.29614,-76.672,1,1
30521,25909362,39.28934,-76.72429,1,1
30861,25922199,39.29343,-76.6938,1,1
30916,25923252,39.28587,-76.67041,1,1
30995,26967739,39.29348,-76.68833,1,1
31011,25910642,39.29188,-76.70808,1,1
31260,25922569,39.29392,-76.67965,1,1
31264,25916298,39.30281,-76.71254,1,1
31301,25910403,39.29149,-76.71273,1,1
31443,25921517,39.26881,-76.69156,1,1
31593,834836463,39.30449,-76.71161,1,1
31594,25916305,39.30441,-76.71173,1,1
31595,834836465,39.30518,-76.71349,1,1
31596,834836464,39.30582,-76.71373,1,1
31597,834836462,39.30363,-76.71389,1,1
31598,25916226,39.30331,-76.71467,1,1
31600,25916294,39.30432,-76.71318,1,1
31601,834836466,39.30476,-76.71334,1,1
31749,25922133,39.28496,-76.68869,1,1
31777,25922172,39.29313,-76.69668,1,1
31819,25909840,39.2779,-76.71094,1,1
31871,287597214,39.28821,-76.71002,1,1
31916,25909754,39.27604,-76.71583,1,1
32090,25922079,39.28146,-76.69288,1,1
32375,25909821,39.27746,-76.71208,1,1
32401,25922033,39.28138,-76.69568,1,1
32450,25922811,39.27192,-76.67041,1,1
32537,25923243,39.28769,-76.67237,1,1
32559,25910397,39.29143,-76.71366,1,1
32593,25922809,39.26933,-76.66894,1,1
32759,288006738,39.29353,-76.69101,1,1
32832,958695631,39.28087,-76.67194,1,1
32838,25923370,39.29397,-76.67233,1,1
33389,984210190,39.29084,-76.68917,1,1
33390,25922248,39.2904,-76.68907,1,1
33393,984210191,39.29219,-76.6893,1,1
33626,25910717,39.29237,-76.70258,1,1
33770,25916283,39.30372,-76.71365,1,1
33886,25908846,39.27685,-76.72527,0,0
33907,25923154,39.28131,-76.67461,1,1
33953,25923334,39.28976,-76.6725,1,1
33980,25923281,39.29394,-76.6764,1,1
34137,25923336,39.29059,-76.67255,1,1
34262,25922348,39.28176,-76.68212,1,1
34388,25916171,39.30149,-76.71858,1,1
34395,287975557,39.27947,-76.67164,1,1
34525,25909493,39.28996,-76.72348,1,1
34803,25916324,39.30096,-76.70967,1,1
34825,25910192,39.28305,-76.71506,1,1
34986,25910663,39.29213,-76.70593,1,1
35032,25921903,39.27037,-76.68136,1,1
35129,287588991,39.27003,-76.66918,1,1
35227,25922479,39.29374,-76.68496,1,1
35265,26967749,39.29104,-76.70532,1,1
35422,25910474,39.2991,-76.71112,1,1
35852,26967752,39.28973,-76.72437,1,1
36118,25910677,39.29719,-76.70822,1,1
36175,25923409,39.29416,-76.66969,1,1
36362,25910386,39.29811,-76.71558,1,1
36487,25909753,39.27583,-76.71647,1,1
37101,25923208,39.28083,-76.67165,1,1
37138,25910750,39.29272,-76.69919,1,1
37168,25910423,39.29154,-76.7111,1,1
37313,25909819,39.27728,-76.71252,1,1
37339,26967805,39.26322,-76.70361,1,1
37386,25922249,39.29341,-76.68937,1,1
37527,25910278,39.28637,-76.71209,1,1
37748,288006734,39.29364,-76.68788,1,1
37884,25909850,39.27832,-76.70981,1,1
37885,25916382,39.30675,-76.70966,1,1
38071,25916213,39.30272,-76.71574,1,1
38293,25921621,39.27154,-76.69258,1,1
38332,25921602,39.2752,-76.69406,1,1
38374,288006594,39.26999,-76.66934,1,1
38439,25910680,39.2962,-76.70692,1,1
38466,25921760,39.26873,-76.68702,1,1
38494,312347640,39.2773,-76.71246,1,1
38519,25910719,39.29245,-76.70179,1,1
38590,25922097,39.28153,-76.69023,1,1
38728,25921620,39.27174,-76.69265,1,1
38867,26967771,39.26771,-76.66806,1,1
38958,25910712,39.29234,-76.70166,1,1
39015,25910282,39.28696,-76.71156,1,1
39096,25909435,39.28734,-76.72185,1,1
39125,25915408,39.30099,-76.71971,1,1
39146,25910178,39.2841,-76.71782,1,1
39147,25923337,39.29138,-76.67261,1,1
39156,25909523,39.29121,-76.72051,1,1
39160,25908887,39.27402,-76.72242,1,1
39309,25916370,39.30521,-76.71079,1,1
39389,25921453,39.26554,-76.69637,1,1
39757,25910666,39.29216,-76.70452,1,1
39918,25923350,39.29283,-76.67266,1,1
39952,26967740,39.29382,-76.67974,1,1
39963,25922803,39.27367,-76.67136,1,1
40190,25909522,39.29115,-76.72052,1,1
40289,25916315,39.30155,-76.71113,1,1
40484,25909806,39.27677,-76.71382,1,1
40568,25921535,39.26821,-76.68858,1,1
40573,25921738,39.26417,-76.6861,1,1
40632,25908933,39.27438,-76.72081,1,1
40805,25916177,39.30207,-76.71698,1,1
41009,25922103,39.28155,-76.68948,1,1
41506,25921624,39.27024,-76.69209,1,1
41622,25922815,39.27879,-76.67162,1,1
41709,25910486,39.28,-76.70642,1,1
41721,25910370,39.29687,-76.71782,1,1
41867,287994184,39.29157,-76.71055,1,1
41868,968341522,39.29181,-76.70958,1,1
41869,968341523,39.29165,-76.70897,1,1
41871,968341524,39.29184,-76.709,1,1
41873,968341519,39.29159,-76.71008,1,1
41874,968341521,39.29162,-76.70956,1,1
41875,968341520,39.29179,-76.7101,1,1
41879,968341529,39.29158,-76.71034,1,1
41880,287994183,39.29177,-76.71056,1,1
41881,968341530,39.29178,-76.71037,1,1
42022,25923389,39.29411,-76.67121,1,1
42231,288006825,39.2807,-76.67073,1,1
42491,25909361,39.28962,-76.72483,1,1
42785,25910685,39.29571,-76.70626,1,1
42862,25910667,39.29236,-76.70457,1,1
42951,25910537,39.28951,-76.70814,1,1
42970,25910198,39.28524,-76.71912,1,1
43144,25916303,39.30415,-76.71241,1,1
43277,25923236,39.2858,-76.67228,1,1
43539,25909520,39.29075,-76.72058,1,1
43926,25922482,39.29378,-76.68401,1,1
43935,25909760,39.27636,-76.71491,1,1
43962,25923283,39.29407,-76.67555,1,1
43982,25909746,39.2777,-76.71855,1,1
44447,984226054,39.26776,-76.6682,1,1
44448,25922709,39.26705,-76.66887,1,1
45057,834955451,39.30142,-76.71208,1,1
45058,25916269,39.30116,-76.71207,1,1
45059,834955450,39.29929,-76.71249,1,1
45060,25910447,39.29875,-76.71341,1,1
45421,878425378,39.26324,-76.70317,1,1
45422,25909999,39.2631,-76.70358,1,1
46074,25923449,39.29712,-76.67289,1,1
46075,984056548,39.29734,-76.67309,1,1
46076,984054802,39.30045,-76.67497,1,1
47258,25910303,39.2876,-76.71097,1,1
48264,984054048,39.29274,-76.70216,1,1
48294,848136266,39.29933,-76.67434,1,1
48314,813334883,39.30778,-76.67292,1,1
48508,25909741,39.27516,-76.71848,1,1
48511,1010535851,39.27543,-76.71766,1,1
49156,877659461,39.3005,-76.71221,1,1
49157,834839672,39.30017,-76.71223,1,1
49368,920147357,39.28083,-76.70275,1,1
49481,984050489,39.29403,-76.6767,1,1
49482,25923280,39.29402,-76.67722,1,1
50186,25915405,39.30041,-76.72053,1,1
50277,25910585,39.28127,-76.69903,1,1
50350,25922164,39.29305,-76.698,1,1
50373,25915416,39.30423,-76.7239,1,1
50386,25921532,39.26794,-76.6892,1,1
50532,25910649,39.29197,-76.70698,1,1
50666,25916529,39.30181,-76.70861,1,1
50717,25910341,39.29139,-76.71623,1,1
50781,25922549,39.29386,-76.68161,1,1
50964,25908839,39.27572,-76.72492,0,0
51353,25923352,39.29249,-76.6721,1,1
51380,25910199,39.28468,-76.71848,1,1
51608,25921776,39.26759,-76.6837,1,1
51624,25921452,39.26546,-76.69663,1,1
51828,25908874,39.27376,-76.72375,1,1
51872,25922134,39.28659,-76.68878,1,1
51885,287594026,39.2941,-76.67156,1,1
51917,25910641,39.29169,-76.70808,1,1
52048,94253197,39.29163,-76.71364,1,1
52187,25910265,39.28486,-76.71348,1,1
52220,25910703,39.29199,-76.70355,1,1
52234,25909429,39.28887,-76.72335,1,1
52302,25923212,39.28384,-76.6722,1,1
52415,25909355,39.28944,-76.72559,1,1
52495,312347629,39.28142,-76.71594,1,1
52515,25921522,39.26599,-76.68969,1,1
52752,984229572,39.26968,-76.68416,1,1
52753,25921818,39.26945,-76.68487,1,1
52819,25923349,39.29239,-76.67264,1,1
52923,25923364,39.29416,-76.67275,1,1
52999,25923411,39.29427,-76.66968,1,1
53135,26967731,39.30116,-76.71232,1,1
53299,25921888,39.27029,-76.68231,1,1
53512,25922807,39.27083,-76.66978,1,1
53531,25922568,39.29382,-76.67965,1,1
53720,25922546,39.29383,-76.68261,1,1
53820,25921793,39.26904,-76.68284,1,1
53834,26967733,39.30186,-76.70919,1,1
54126,25908865,39.27219,-76.72352,0,0
54177,25923253,39.2859,-76.66972,1,1
54200,25910267,39.28503,-76.71332,1,1
54275,25923220,39.28029,-76.66808,1,1
54316,25909488,39.29717,-76.72509,1,1
54448,25909554,39.29527,-76.72002,1,1
54509,25916317,39.30171,-76.71112,1,1
54537,25923279,39.2939,-76.67721,1,1
54588,288006743,39.29333,-76.69232,1,1
54589,811103038,39.29334,-76.69162,1,1
54590,288006739,39.29335,-76.69101,1,1
54591,811103039,39.29337,-76.69053,1,1
54592,811103040,39.29338,-76.69013,1,1
54886,25910183,39.28109,-76.7164,1,1
54930,25910306,39.28791,-76.7107,1,1
55209,833407713,39.26375,-76.68638,1,1
55210,984090027,39.26396,-76.68624,1,1
55217,25910301,39.28738,-76.71117,1,1
55235,25923219,39.28033,-76.66832,1,1
55402,26967730,39.30148,-76.7129,1,1
55431,25921631,39.27246,-76.6929,1,1
55520,25910004,39.26345,-76.70265,1,1
55901,25909505,39.29284,-76.72171,1,1
56060,25909491,39.29771,-76.72433,1,1
56166,25916295,39.30441,-76.71301,1,1
56210,25922571,39.29384,-76.67836,1,1
56807,25910578,39.28111,-76.70037,1,1
56891,25910317,39.28865,-76.70975,1,1
56979,810102261,39.29244,-76.70109,1,1
57058,25909839,39.27785,-76.71107,1,1
57093,984228124,39.29101,-76.7206,1,1
57094,25909514,39.29057,-76.72147,1,1
57095,984228123,39.29098,-76.72041,1,1
57099,984228121,39.28976,-76.72576,1,1
57146,25922550,39.29376,-76.68121,1,1
58226,25921449,39.26515,-76.6976,1,1
58227,984088070,39.26544,-76.69669,1,1
58240,984088074,39.26851,-76.68767,1,1
58241,25921757,39.26847,-76.68779,1,1
58325,25909515,39.29029,-76.72188,1,1
58326,833107932,39.29045,-76.72107,1,1
58535,848134787,39.27588,-76.72516,0,0
58536,26967762,39.27571,-76.72511,0,0
58586,848134761,39.2945,-76.7211,1,1
58587,25909513,39.29374,-76.72187,1,1
60142,811109227,39.27842,-76.67161,1,1
62736,984155884,39.28554,-76.71286,1,1
62737,25910268,39.28514,-76.71323,1,1
62939,25910702,39.29175,-76.70347,1,1
63269,25922810,39.26939,-76.66879,1,1
63300,26967775,39.26813,-76.66808,1,1
63425,25910705,39.29217,-76.70319,1,1
63458,25916338,39.30487,-76.71113,1,1
63706,25922450,39.29356,-76.68652,1,1
63708,25909744,39.27544,-76.71763,1,1
63920,25923282,39.29404,-76.6764,1,1
63928,288007024,39.2708,-76.68053,1,1
64133,25922135,39.28719,-76.68882,1,1
64297,287596193,39.28051,-76.70596,1,1
64381,25916320,39.30162,-76.71048,1,1
64398,25921633,39.2734,-76.69326,1,1
64409,288006757,39.29204,-76.70287,1,1
64439,25929593,39.30775,-76.66922,1,1
64686,25910460,39.29927,-76.71143,1,1
64725,25908879,39.2739,-76.72307,1,1
64775,25923237,39.28487,-76.67223,1,1
64807,25922295,39.28167,-76.6856,1,1
64881,25909440,39.28563,-76.71958,1,1
65041,25910340,39.2912,-76.71619,1,1
65083,25923299,39.29397,-76.67555,1,1
65163,25923353,39.29303,-76.67224,1,1
65385,25910179,39.28352,-76.71714,1,1
65743,25923153,39.28138,-76.67523,1,1
66036,25916306,39.30117,-76.71148,1,1
66582,25909745,39.27559,-76.71721,1,1
66660,94160115,39.28183,-76.67209,1,1
66825,25923203,39.28108,-76.67214,1,1
66864,25921943,39.2713,-76.67897,1,1
67179,25923304,39.29401,-76.67413,1,1
67303,25922483,39.29364,-76.68391,1,1
67357,25921932,39.27091,-76.68063,1,1
67819,25922286,39.28163,-76.6867,1,1
67827,25922565,39.29379,-76.68061,1,1
67834,25922027,39.28136,-76.69689,1,1
67897,25910274,39.28574,-76.71268,1,1
67935,25921518,39.26812,-76.69132,1,1
67966,25922106,39.28158,-76.68853,1,1
67994,25909518,39.29054,-76.72062,1,1
68109,25921623,39.26936,-76.69178,1,1
68291,25921523,39.26614,-76.68985,1,1
68336,25923340,39.29165,-76.67246,1,1
68376,25909524,39.29145,-76.72058,1,1
68377,848136317,39.29206,-76.72121,1,1
68418,25910190,39.28296,-76.71511,1,1
68473,25909540,39.29242,-76.72145,1,1
68474,848136326,39.2925,-76.7215,1,1
68643,813346174,39.29852,-76.67389,1,1
68963,25916337,39.30465,-76.71137,1,1
69208,25908943,39.27619,-76.71946,1,1
69386,25923198,39.28101,-76.67281,1,1
69394,26967766,39.27144,-76.6789,1,1
69457,25910316,39.28845,-76.70957,1,1
69463,984079505,39.29349,-76.70318,1,1
69793,25922747,39.2732,-76.67328,1,1
70191,25922740,39.27254,-76.67528,1,1
70304,25922381,39.28184,-76.67981,1,1
70340,25923196,39.28054,-76.67211,1,1
70351,25908888,39.27409,-76.72207,1,1
70374,25922548,39.29373,-76.68161,1,1
70571,25922649,39.2633,-76.67125,1,1
70980,25908939,39.27463,-76.72004,1,1
71217,288006910,39.28106,-76.67313,1,1
71356,25922478,39.2936,-76.68494,1,1
71405,288029688,39.29328,-76.69645,1,1
71469,25909823,39.27769,-76.71147,1,1
71607,25910186,39.2828,-76.71519,1,1
71890,848135448,39.29533,-76.67193,1,1
72106,25929505,39.3064,-76.67398,1,1
72109,848135413,39.30733,-76.67334,1,1
72194,25909464,39.28975,-76.72509,1,1
72217,25910644,39.29004,-76.7066,1,1
72621,25922360,39.28181,-76.68096,1,1
72661,25922347,39.28176,-76.68262,1,1
73243,25910475,39.29983,-76.71112,1,1
73304,26967747,39.29195,-76.70587,1,1
73390,25910185,39.28214,-76.71554,1,1
73392,848136036,39.28271,-76.71524,1,1
73951,25922110,39.28239,-76.68856,1,1
74206,25909463,39.28997,-76.72554,1,1
74430,25910538,39.28927,-76.70802,1,1
74584,25910674,39.29405,-76.70396,1,1
74586,984078845,39.29466,-76.70484,1,1
74669,287994180,39.27648,-76.71921,1,1
74726,25909941,39.26335,-76.70602,1,1
74752,25922109,39.2822,-76.68855,1,1
74848,25910458,39.2996,-76.71196,1,1
74880,25922741,39.27269,-76.67481,1,1
74962,25923117,39.28178,-76.67768,1,1
75167,25916272,39.30151,-76.71271,1,1
75394,25910480,39.29821,-76.70952,1,1
75523,25921944,39.27157,-76.67815,1,1
75726,848248291,39.27706,-76.67158,1,1
75727,844681522,39.27694,-76.67158,1,1
75728,848248290,39.27686,-76.67158,1,1
75862,25922166,39.2929,-76.69793,1,1
75922,26967748,39.29242,-76.70204,1,1
76007,25923263,39.28595,-76.66816,1,1
76014,25923372,39.29406,-76.67233,1,1
76074,94160109,39.2649,-76.69837,1,1
76394,288029687,39.29316,-76.69643,1,1
76556,26967753,39.29018,-76.72328,1,1
76567,26967764,39.26898,-76.68272,1,1
76820,984088064,39.26477,-76.69875,1,1
76821,25910040,39.26442,-76.6998,1,1
76860,25922449,39.29353,-76.68703,1,1
76947,288006967,39.27085,-76.68036,1,1
76966,25923261,39.28593,-76.66897,1,1
77271,25910662,39.29084,-76.70515,1,1
77386,25922145,39.28816,-76.68889,1,1
77923,25922170,39.29325,-76.6967,1,1
78318,25922725,39.27202,-76.67697,1,1
78399,25916218,39.30297,-76.71534,1,1
78593,25922745,39.27297,-76.67396,1,1
78594,949710251,39.27312,-76.67351,1,1
78603,94160113,39.28245,-76.67212,1,1
78769,25916390,39.30777,-76.70901,1,1
78845,287589581,39.26984,-76.68199,1,1
78868,288006820,39.28158,-76.67639,1,1
78916,25922453,39.29358,-76.68597,1,1
79165,25921887,39.26995,-76.68335,1,1
79328,25921503,39.26667,-76.69293,1,1
79438,25910563,39.28087,-76.70205,1,1
79760,25910648,39.29179,-76.70694,1,1
79856,26967750,39.29027,-76.7068,1,1
80081,288006968,39.27098,-76.68039,1,1
80217,25922484,39.29378,-76.68386,1,1
80604,25921764,39.26632,-76.68472,1,1
80715,25910742,39.29264,-76.70065,1,1
81119,25908813,39.27365,-76.72423,0,0
81156,25921777,39.26768,-76.68381,1,1
81243,25921613,39.27942,-76.69465,1,1
81582,25921732,39.26303,-76.6872,1,1
81661,25922023,39.28133,-76.69805,1,1
81722,25923241,39.28585,-76.67111,1,1
81776,25923202,39.28091,-76.67219,1,1
81857,25922454,39.2937,-76.68594,1,1
82227,25922545,39.29369,-76.6826,1,1
82364,25916266,39.30118,-76.71315,1,1
82545,25910741,39.29251,-76.70066,1,1
82738,25910197,39.28502,-76.71886,1,1
82764,25910424,39.29174,-76.71111,1,1
82929,25921942,39.27137,-76.67914,1,1
82951,25909548,39.29825,-76.72357,1,1
82962,25922572,39.29397,-76.67838,1,1
83412,25908812,39.27361,-76.72443,1,1
83482,25921534,39.2681,-76.68886,1,1
83533,25916180,39.30224,-76.71661,1,1
83722,25916527,39.30163,-76.70867,1,1
83782,25910751,39.29287,-76.69925,1,1
83812,25916371,39.3054,-76.7106,1,1
83814,26967761,39.27613,-76.72504,0,0
84318,25910382,39.29777,-76.7165,1,1
84371,25922250,39.29359,-76.68938,1,1
84421,25923339,39.29184,-76.67264,1,1
84623,288029567,39.28084,-76.71641,1,1
84625,25923210,39.28319,-76.67215,1,1
84663,25922718,39.26804,-76.66822,1,1
84714,288006740,39.29348,-76.69231,1,1
84907,25910173,39.28067,-76.7166,1,1
84928,25923157,39.28122,-76.67411,1,1
85287,25909550,39.29879,-76.72283,1,1
85319,287597216,39.2786,-76.70914,1,1
85360,25921765,39.26627,-76.68461,1,1
85425,25909706,39.26414,-76.70978,0,0
85460,26967765,39.27169,-76.67813,1,1
86015,25921889,39.26989,-76.68212,1,1
86093,25922448,39.29367,-76.68703,1,1
124137,25909899,39.26396,-76.70703,1,1
129772,25910508,39.28089,-76.70483,1,1
138154,890529838,39.29561,-76.67236,1,1
144428,25922298,39.28175,-76.68356,1,1
144709,25921747,39.26428,-76.6863,1,1
149562,25910713,39.29241,-76.70366,1,1
155693,25910704,39.29222,-76.70363,1,1
166602,25916528,39.30193,-76.7088,1,1
173033,984228122,39.28945,-76.72498,1,1
186240,288006819,39.28187,-76.67929,1,1
