211,848213250,39.29696,-76.55041,0,0
212,848213251,39.29697,-76.55025,0,0
435,877951870,39.29898,-76.5487,0,0
436,25960171,39.29884,-76.54881,0,0
1307,877951794,39.29899,-76.54885,0,0
1308,25960163,39.29886,-76.54895,0,0
1583,25971301,39.27066,-76.52999,1,1
1584,816615909,39.27162,-76.53045,1,1
2434,94160381,39.29236,-76.55112,1,1
2435,995849000,39.29293,-76.55187,1,1
2439,1010739740,39.26733,-76.49693,1,1
2440,1010743172,39.26754,-76.49743,1,1
2441,816513844,39.27206,-76.54467,1,1
2442,816513845,39.27321,-76.54344,1,1
2443,25959484,39.27249,-76.5434,1,1
2446,816513848,39.26929,-76.54312,1,1
2447,816513847,39.27009,-76.54317,1,1
2448,25959486,39.27213,-76.54288,1,1
2449,816513846,39.27214,-76.54261,1,1
2456,816513850,39.27785,-76.54447,1,1
2457,25959507,39.27784,-76.54467,1,1
3137,25959856,39.28721,-76.5513,1,1
3138,966454198,39.28722,-76.55101,1,1
3139,25959857,39.28734,-76.55131,1,1
3140,966454193,39.28735,-76.55101,1,1
3326,949647976,39.27193,-76.5482,1,1
3533,25976982,39.30595,-76.53088,0,0
3535,25976998,39.30583,-76.53064,0,0
3556,1010652484,39.27438,-76.5033,1,1
3557,1010652485,39.27478,-76.50344,1,1
3558,1010652483,39.27481,-76.50326,1,1
3559,1010652482,39.27442,-76.50313,1,1
3738,1010652816,39.27337,-76.50278,1,1
3739,25972914,39.27326,-76.50274,1,1
3740,1010652817,39.27335,-76.50294,1,1
3741,25972905,39.27323,-76.5029,1,1
3904,831997279,39.2638,-76.51562,1,1
4847,916280247,39.29758,-76.53096,1,1
4848,916281831,39.29821,-76.53206,1,1
5439,855192982,39.29866,-76.53283,1,1
5440,25971962,39.29853,-76.5326,1,1
5464,816510285,39.27927,-76.55017,1,1
5465,287993859,39.27886,-76.54761,1,1
5466,816510284,39.27941,-76.54861,1,1
5468,816510286,39.2794,-76.55006,1,1
5469,25959316,39.27799,-76.5517,1,1
5551,287989445,39.27866,-76.50475,1,1
5598,25971805,39.28807,-76.53158,1,1
6136,816916374,39.2862,-76.53701,1,1
6137,1008667472,39.28718,-76.53706,1,1
6381,916304027,39.29824,-76.53188,1,1
6382,848249306,39.29818,-76.53178,1,1
6608,25959783,39.28114,-76.55041,0,0
6609,882379041,39.28316,-76.54871,0,0
7027,839271484,39.27994,-76.49887,1,1
7028,25973388,39.27969,-76.50038,1,1
7376,25971985,39.2971,-76.52969,1,1
7377,25971981,39.2971,-76.53007,1,1
7378,916280246,39.2977,-76.53094,1,1
7397,25960371,39.28313,-76.53701,1,1
7398,916280244,39.28414,-76.54067,1,1
7495,916280243,39.28113,-76.55069,0,0
7496,25971971,39.29599,-76.5313,0,0
7497,916280242,39.29758,-76.53096,0,0
7498,916280240,39.29828,-76.53084,0,0
7499,916280241,39.2977,-76.53094,0,0
7500,916280239,39.29834,-76.53083,0,0
7501,25971969,39.29495,-76.53131,0,0
7811,984171894,39.27763,-76.5333,1,1
7812,25971338,39.27757,-76.53327,1,1
7830,844670420,39.27173,-76.55217,1,1
7833,916244330,39.29859,-76.54916,0,0
7834,1074636806,39.29871,-76.54892,0,0
7835,1074636805,39.29871,-76.54907,0,0
7836,1074636807,39.29853,-76.54921,0,0
7837,1074636808,39.29854,-76.54904,0,0
8286,25973124,39.28121,-76.50561,1,1
8287,834400599,39.28159,-76.50574,1,1
8288,25973107,39.28039,-76.50713,1,1
8289,834400600,39.28051,-76.50652,1,1
8290,834400597,39.2779,-76.50432,1,1
8291,834400596,39.27824,-76.50443,1,1
8939,25973511,39.2923,-76.50337,1,1
8952,835128168,39.29266,-76.50325,1,1
10310,816903667,39.27197,-76.54709,1,1
10311,25971283,39.27251,-76.5329,1,1
10313,816903668,39.27252,-76.53239,1,1
10626,916305843,39.27621,-76.55204,0,0
10627,916305846,39.27781,-76.55173,1,1
10629,916305845,39.27616,-76.5512,1,1
10630,287996100,39.27515,-76.55175,1,1
10631,916305844,39.27617,-76.5518,0,0
10634,25959866,39.27991,-76.5498,1,1
10635,916305850,39.28055,-76.55096,1,1
10636,25959867,39.28002,-76.54974,1,1
10637,916305851,39.28065,-76.55091,1,1
10638,916305847,39.27781,-76.55173,0,0
10639,916305848,39.28055,-76.55096,0,0
10640,875026976,39.27908,-76.55147,0,0
10641,916305849,39.28001,-76.55118,0,0
10788,931859633,39.29202,-76.552,1,1
11940,25971749,39.28799,-76.53369,1,1
11941,916217075,39.28799,-76.53359,1,1
12462,25971736,39.28702,-76.53367,0,0
12464,26965673,39.28786,-76.53373,1,1
12465,916216957,39.28787,-76.53359,1,1
12466,25971772,39.28791,-76.53281,1,1
12467,916216954,39.28801,-76.53297,1,1
12468,25971768,39.28789,-76.5332,0,0
12469,916216955,39.28801,-76.53316,0,0
12739,916216671,39.28449,-76.53684,1,1
12740,916216670,39.28445,-76.5386,0,0
12741,25960380,39.28423,-76.53682,1,1
12743,916216669,39.28448,-76.53898,0,0
12744,916216667,39.28461,-76.5407,0,0
13186,835134624,39.29376,-76.51586,1,1
13187,25972390,39.29345,-76.51692,1,1
13198,835134623,39.2921,-76.50408,1,1
13199,25973313,39.29176,-76.50409,1,1
13200,835134622,39.28877,-76.49981,1,1
13201,25973474,39.28647,-76.49462,1,1
13202,835134621,39.28754,-76.49678,1,1
14212,25966714,39.30724,-76.54312,0,0
14746,25973374,39.27988,-76.50181,1,1
14812,878440113,39.29193,-76.51215,1,1
14813,878440112,39.2917,-76.51134,1,1
14814,25973218,39.29153,-76.51077,1,1
15312,1010457997,39.2817,-76.5056,1,1
15313,25973125,39.28115,-76.50541,1,1
15389,25960357,39.28371,-76.53746,1,1
15390,984185704,39.28382,-76.53763,1,1
15391,984185702,39.2874,-76.54396,1,1
15392,25960279,39.28702,-76.54298,1,1
15393,25960335,39.28164,-76.53819,1,1
15394,984185703,39.28166,-76.53778,1,1
15888,287993068,39.27181,-76.55109,1,1
15889,984374348,39.27186,-76.54989,1,1
16085,834396115,39.27208,-76.51791,1,1
16086,25971627,39.27134,-76.51786,1,1
16251,287993745,39.26771,-76.52861,1,1
16252,916216109,39.26972,-76.52952,1,1
16253,916216108,39.26971,-76.52975,1,1
16254,25971293,39.2696,-76.52969,1,1
16359,916280237,39.29852,-76.5308,0,0
16855,1010462573,39.29515,-76.52297,1,1
16856,19463622,39.29487,-76.52197,1,1
16857,1010462572,39.29499,-76.52307,1,1
16858,25972283,39.29461,-76.52169,1,1
17197,25971644,39.27336,-76.51783,1,1
17785,25973282,39.29043,-76.5068,1,1
17963,968737815,39.26909,-76.50384,1,1
17964,831605936,39.26835,-76.50429,1,1
18154,25959150,39.26583,-76.54746,1,1
18155,984147671,39.26583,-76.54679,1,1
18522,968740547,39.26444,-76.50668,1,1
18523,25972543,39.26391,-76.50682,1,1
18524,968740548,39.26435,-76.50654,1,1
18525,25972542,39.26395,-76.507,1,1
19688,805621146,39.28728,-76.54833,1,1
19689,25960000,39.28743,-76.54794,1,1
20533,19463295,39.29482,-76.55205,0,0
20534,25960096,39.29488,-76.55186,0,0
20990,837787963,39.2632,-76.54294,1,1
21067,835040506,39.28194,-76.52746,1,1
21068,25971823,39.28186,-76.52778,1,1
21285,873330695,39.28791,-76.53571,1,1
21286,816916372,39.2879,-76.53615,1,1
21333,25971554,39.26537,-76.51718,1,1
21334,968733473,39.26695,-76.5173,1,1
21335,25971624,39.26996,-76.51775,1,1
21376,873331225,39.28778,-76.53576,1,1
21377,851476353,39.28778,-76.53607,1,1
21933,1074753996,39.29932,-76.53046,0,0
21934,1074753995,39.29939,-76.53045,0,0
21935,916280238,39.29856,-76.53054,0,0
22429,835043917,39.26461,-76.52732,1,1
22430,25971246,39.26413,-76.52709,1,1
22939,25976946,39.30724,-76.53402,1,1
23069,25973596,39.29818,-76.49984,1,1
23078,322677961,39.30074,-76.53652,1,1
23111,25959628,39.27843,-76.53783,1,1
23387,25973219,39.29187,-76.51129,1,1
23418,25972885,39.26961,-76.50231,1,1
23495,25960111,39.29996,-76.55037,1,1
23531,25973254,39.2951,-76.51099,1,1
23560,25973185,39.28878,-76.50478,1,1
23620,25971806,39.28796,-76.5315,1,1
23704,25959870,39.27984,-76.54967,1,1
23820,19463408,39.29378,-76.51613,1,1
23978,287631061,39.29199,-76.5202,1,1
24032,25973444,39.28388,-76.49846,1,1
24147,983875829,39.27759,-76.54369,1,1
24150,25959504,39.27647,-76.54362,1,1
24233,25971992,39.29955,-76.53069,0,0
24318,25973398,39.28692,-76.50357,1,1
24358,1046229117,39.26304,-76.52657,1,1
24410,25972029,39.29648,-76.5277,1,1
24418,25972922,39.27138,-76.49901,1,1
24477,25959891,39.28127,-76.54761,1,1
24483,25971304,39.27292,-76.53105,1,1
24521,25976940,39.30713,-76.53418,1,1
24550,25972272,39.29178,-76.52045,1,1
24616,25972871,39.27002,-76.50331,1,1
24664,25972856,39.26666,-76.49532,1,1
24922,25966494,39.30034,-76.54695,1,1
24952,25972023,39.29702,-76.5295,1,1
24974,312344744,39.29969,-76.53465,1,1
25016,25973521,39.29354,-76.503,1,1
25020,25972945,39.27163,-76.49811,1,1
25061,25972613,39.27171,-76.50997,1,1
25151,25976911,39.30142,-76.53091,1,1
25168,25973228,39.29156,-76.51019,1,1
25180,25959472,39.27103,-76.54327,1,1
25235,288028579,39.28797,-76.53138,1,1
25310,25959622,39.27822,-76.53849,1,1
25471,25966774,39.30052,-76.53603,1,1
25520,273134592,39.28715,-76.5334,0,0
25523,25971336,39.27915,-76.53403,1,1
25722,25972444,39.2927,-76.51426,1,1
25724,25973197,39.28966,-76.50432,1,1
25889,287975339,39.29187,-76.52055,1,1
26011,25972881,39.27089,-76.5028,1,1
26257,851476349,39.28204,-76.53565,1,1
26258,25960367,39.28183,-76.53547,1,1
26259,851476354,39.28809,-76.5307,1,1
26260,25971807,39.28807,-76.53145,1,1
26261,851476355,39.28799,-76.53067,1,1
26262,26965675,39.28797,-76.53128,1,1
26263,25959913,39.28459,-76.54473,0,0
26264,851476344,39.28464,-76.54397,0,0
26265,25959912,39.28435,-76.54472,0,0
26266,851476345,39.28439,-76.54394,0,0
26267,25960340,39.28448,-76.53898,1,1
26268,851476346,39.2848,-76.53946,1,1
26269,25960351,39.28445,-76.5386,1,1
26270,851476347,39.28481,-76.5392,1,1
26272,25960365,39.28177,-76.53569,1,1
26273,851476348,39.28192,-76.53581,1,1
26275,19463594,39.29257,-76.53195,0,0
26276,851476358,39.29352,-76.53169,0,0
26277,25971918,39.29259,-76.53221,0,0
26278,851476357,39.29357,-76.53194,0,0
26422,25960369,39.28108,-76.53495,1,1
26427,25972204,39.28276,-76.51685,1,1
26459,25966743,39.30109,-76.53756,1,1
26562,287993861,39.27795,-76.54606,1,1
26605,25966772,39.30042,-76.5361,1,1
26707,25971551,39.26526,-76.51757,1,1
26796,25976938,39.30723,-76.53435,1,1
26814,25959780,39.28113,-76.55069,1,1
26834,25971550,39.26656,-76.51871,1,1
26836,287631451,39.27247,-76.50263,1,1
26880,25971641,39.2728,-76.51791,1,1
26990,25972013,39.28982,-76.5248,1,1
27058,25971516,39.268,-76.52061,1,1
27084,25973202,39.29114,-76.51353,1,1
27111,25966455,39.3017,-76.54885,1,1
27130,25972391,39.29345,-76.51692,1,1
27164,25959517,39.27941,-76.54366,1,1
27248,25966692,39.30517,-76.54404,0,0
27249,916291198,39.3069,-76.54299,0,0
27372,25973272,39.29121,-76.5089,1,1
27439,312344745,39.29978,-76.53457,1,1
27540,25973531,39.29558,-76.50367,0,0
27739,25972602,39.27234,-76.51403,1,1
27751,25971337,39.27694,-76.53323,1,1
27757,25966457,39.3019,-76.54773,1,1
28051,25973400,39.28632,-76.50268,1,1
28053,25960288,39.28664,-76.54214,1,1
28068,25973568,39.29737,-76.50267,1,1
28194,19463409,39.29301,-76.516,1,1
28195,25971298,39.27008,-76.52994,1,1
28282,25972276,39.29225,-76.51988,1,1
28300,25960285,39.28761,-76.54281,1,1
28355,25960416,39.28566,-76.53659,1,1
28422,25972920,39.27123,-76.49967,1,1
28516,25972605,39.27218,-76.51274,1,1
28531,288005528,39.29601,-76.52667,1,1
28604,25972879,39.27035,-76.50289,1,1
28647,288003347,39.3014,-76.54925,1,1
28670,25966675,39.30129,-76.54372,1,1
28707,25959347,39.27782,-76.54558,1,1
28722,25966773,39.30021,-76.53564,1,1
28790,25966749,39.30236,-76.53805,1,1
28791,25971721,39.28152,-76.52972,1,1
28882,25973609,39.29977,-76.49445,1,1
29026,25959662,39.27867,-76.53706,1,1
29119,19463296,39.30028,-76.53551,1,1
29138,25960296,39.28768,-76.5409,1,1
29228,25959623,39.27835,-76.53808,1,1
29229,25973414,39.28476,-76.50027,1,1
29242,25966444,39.30179,-76.54958,1,1
29393,25966330,39.30167,-76.55159,1,1
29456,288002879,39.3036,-76.54185,1,1
29553,25973592,39.29829,-76.49992,1,1
29595,25972955,39.27201,-76.49673,1,1
29678,25966352,39.30128,-76.55008,1,1
29777,1074733969,39.3054,-76.5308,0,0
29779,25976915,39.30135,-76.53057,0,0
29834,25960014,39.28745,-76.54661,1,1
30070,25976947,39.30749,-76.53367,1,1
30090,25972039,39.29567,-76.52547,1,1
30119,25971397,39.27261,-76.52451,1,1
30236,25971744,39.28781,-76.53464,1,1
30295,25972459,39.29423,-76.5145,1,1
30639,984029632,39.29049,-76.50468,1,1
30640,25973293,39.2904,-76.50552,1,1
30762,25976920,39.30126,-76.53008,1,1
30857,25973040,39.28067,-76.51232,1,1
30858,25973466,39.28782,-76.49882,0,0
30880,916226906,39.30102,-76.55041,1,1
30881,25966346,39.30097,-76.55055,1,1
30882,916226907,39.30102,-76.55041,1,1
30883,25966334,39.30093,-76.55107,1,1
30884,19463705,39.30071,-76.54996,1,1
30885,916226908,39.30106,-76.55069,1,1
30887,916223395,39.30097,-76.55055,1,1
30888,916226909,39.30106,-76.55069,1,1
30927,322678030,39.28109,-76.54375,1,1
31022,25972058,39.28279,-76.52322,1,1
31192,25972439,39.29275,-76.51509,1,1
31300,25959549,39.27232,-76.53772,1,1
31445,25971379,39.27064,-76.52628,1,1
31580,25971727,39.28481,-76.53511,0,0
31744,25973226,39.28992,-76.50951,1,1
31785,25972864,39.26952,-76.50358,1,1
31786,984028510,39.26988,-76.50355,1,1
31822,273134593,39.28889,-76.5329,0,0
31918,25972859,39.26949,-76.50341,1,1
32020,835219130,39.29459,-76.5132,1,1
32021,287634120,39.2945,-76.51354,1,1
32071,25973176,39.28773,-76.50552,1,1
32316,25960244,39.2815,-76.54187,1,1
32471,25971369,39.27231,-76.52745,1,1
32502,25972424,39.29319,-76.51601,1,1
32597,25973449,39.28349,-76.49752,1,1
32621,916226593,39.30231,-76.54625,1,1
32622,287989450,39.30226,-76.54645,1,1
32623,25966502,39.30241,-76.54652,1,1
32624,916226592,39.30258,-76.54591,1,1
32632,916223391,39.30235,-76.54609,0,0
32634,916226594,39.30258,-76.54591,0,0
32635,25966490,39.30118,-76.54714,0,0
32636,916226595,39.30231,-76.54625,0,0
32678,25976941,39.30713,-76.53418,1,1
33035,25973242,39.29499,-76.51177,1,1
33118,287993744,39.26766,-76.52878,1,1
33289,25960445,39.28794,-76.53484,1,1
33331,25971703,39.28109,-76.53468,1,1
33449,25973127,39.28003,-76.50503,1,1
33473,25960185,39.28145,-76.54318,1,1
33486,25973126,39.28021,-76.50528,1,1
33570,984077808,39.28761,-76.54045,1,1
33573,25960295,39.2876,-76.5409,1,1
33582,25960374,39.2823,-76.53612,1,1
33649,25960282,39.28748,-76.54349,1,1
33686,25971308,39.27254,-76.53035,1,1
33783,25966705,39.30421,-76.54043,1,1
33794,25976928,39.3025,-76.52969,1,1
33818,25971609,39.27895,-76.52451,1,1
33845,25971765,39.288,-76.53344,0,0
33931,25972266,39.29155,-76.52075,1,1
33997,25971309,39.27234,-76.52973,1,1
34001,25960403,39.2877,-76.53809,1,1
34104,25966756,39.3043,-76.53958,1,1
34140,25959605,39.27816,-76.53879,1,1
34164,288008732,39.29715,-76.5026,1,1
34221,25973542,39.29737,-76.50317,1,1
34291,25959329,39.27776,-76.55059,1,1
34360,25973217,39.29046,-76.51088,1,1
34370,25959511,39.27792,-76.54371,1,1
34507,25959243,39.2718,-76.55144,1,1
34588,25959366,39.26423,-76.543,1,1
34664,287988411,39.29079,-76.52231,1,1
34677,25959565,39.27234,-76.53685,1,1
34871,19463406,39.29388,-76.51841,1,1
34909,25972353,39.29276,-76.51901,1,1
35023,25973397,39.28428,-76.49938,1,1
35191,25972883,39.26978,-76.50276,1,1
35239,19463347,39.29231,-76.51997,1,1
35344,25972415,39.29128,-76.51439,1,1
35557,25971984,39.29693,-76.52969,1,1
35565,25960297,39.28763,-76.53995,1,1
35665,25959863,39.27948,-76.54998,1,1
35700,25973355,39.29724,-76.50322,1,1
35704,25960287,39.28655,-76.54223,1,1
35756,25972908,39.27196,-76.50255,1,1
35978,25960404,39.28779,-76.5381,1,1
36003,336677950,39.29572,-76.52565,1,1
36355,19463411,39.29255,-76.51438,1,1
36676,25973608,39.29966,-76.49443,1,1
37004,25972265,39.29163,-76.52084,1,1
37119,287634121,39.29415,-76.51451,1,1
37188,287989441,39.27983,-76.53459,1,1
37195,25972436,39.29383,-76.51564,1,1
37229,25971364,39.27229,-76.52956,1,1
37505,25972656,39.27123,-76.5076,1,1
37546,25973104,39.2802,-76.50807,1,1
37635,25971299,39.27014,-76.52973,1,1
37698,25959993,39.28742,-76.54834,1,1
37856,288002880,39.30376,-76.54193,1,1
37859,25971608,39.2789,-76.52404,1,1
37861,19461432,39.28751,-76.49876,0,0
37897,25971720,39.28058,-76.52973,1,1
37934,25973601,39.29895,-76.49703,1,1
37935,19461431,39.29907,-76.49711,1,1
37936,886552505,39.29912,-76.49641,1,1
37941,886552513,39.2966,-76.50606,1,1
37942,886552512,39.29645,-76.50622,1,1
37943,19463630,39.29626,-76.50724,1,1
37944,886552511,39.29078,-76.50736,1,1
37945,25973337,39.29616,-76.50723,1,1
37946,886552510,39.2906,-76.50743,1,1
37947,26965623,39.29065,-76.50687,1,1
37948,886552509,39.30202,-76.50095,0,0
37949,835143539,39.29057,-76.5073,1,1
37950,886552508,39.30207,-76.50128,0,0
37951,288008770,39.30107,-76.50129,0,0
37952,25978087,39.30114,-76.50162,0,0
37953,886552506,39.29925,-76.49647,1,1
38012,25972377,39.29343,-76.51755,1,1
38033,25972354,39.29285,-76.51908,1,1
38067,25966771,39.30089,-76.53684,1,1
38260,287630225,39.30115,-76.55001,1,1
38310,288002881,39.30309,-76.54363,1,1
38348,25959775,39.28089,-76.55158,1,1
38370,25966308,39.30063,-76.55195,1,1
38511,25959348,39.27794,-76.54558,1,1
38542,25973409,39.28853,-76.5018,1,1
38543,25973421,39.28905,-76.50089,0,0
38544,886552188,39.2889,-76.50253,1,1
38545,25973424,39.28893,-76.50038,0,0
38546,886552189,39.29001,-76.50185,0,0
38548,886552190,39.29016,-76.50163,0,0
38565,25972953,39.27188,-76.49721,1,1
38587,25966492,39.30109,-76.54707,0,0
38630,25966761,39.30276,-76.53838,1,1
38719,25971897,39.28925,-76.52625,1,1
39038,25971799,39.28794,-76.53205,1,1
39073,25973570,39.29752,-76.50261,1,1
39080,25960284,39.28752,-76.54281,1,1
39084,25973457,39.28088,-76.49493,1,1
39202,25959861,39.28737,-76.55035,1,1
39227,25971415,39.2792,-76.52554,1,1
39269,25960256,39.28155,-76.5405,1,1
39344,25973500,39.29125,-76.50248,0,0
39356,25959541,39.27805,-76.54016,1,1
39409,25966715,39.30718,-76.54282,0,0
39451,25966674,39.30106,-76.54359,1,1
39513,25966709,39.30526,-76.54427,0,0
39549,25959753,39.28106,-76.55218,1,1
39550,25972880,39.27052,-76.50278,1,1
39631,984152437,39.28169,-76.53718,1,1
39634,25960338,39.28167,-76.53763,1,1
39668,25973241,39.29489,-76.51173,1,1
39795,25972366,39.29372,-76.51853,1,1
39805,25972040,39.29547,-76.5248,1,1
39807,287634207,39.27701,-76.53301,1,1
39879,25959871,39.27995,-76.5496,1,1
39983,288003449,39.3017,-76.54233,1,1
40004,287975555,39.30079,-76.53689,1,1
40100,25960378,39.28323,-76.5368,1,1
40112,25960177,39.29996,-76.54811,1,1
40183,287225239,39.27876,-76.54768,1,1
40276,25973117,39.28062,-76.50586,1,1
40319,25971656,39.27257,-76.51583,1,1
40668,25971334,39.27836,-76.53364,1,1
40784,871845922,39.29938,-76.50229,0,0
40785,25973561,39.29741,-76.50302,0,0
40800,25971813,39.28815,-76.52969,1,1
40942,25971559,39.26706,-76.51935,1,1
41033,25972012,39.28991,-76.52485,1,1
41080,25959600,39.27808,-76.53946,1,1
41084,25973497,39.29118,-76.50274,0,0
41111,25972378,39.29343,-76.51755,1,1
41267,25971895,39.28914,-76.52682,1,1
41838,25971850,39.2821,-76.52668,1,1
41934,25972199,39.28203,-76.51509,1,1
42019,25972059,39.28282,-76.52277,1,1
42030,288002882,39.30323,-76.5437,1,1
42165,25971726,39.28539,-76.53472,0,0
42235,25972251,39.29025,-76.52367,1,1
42263,25959782,39.28114,-76.55041,1,1
42275,25972387,39.29327,-76.51699,1,1
42628,25959482,39.27212,-76.54337,1,1
42667,25973338,39.29668,-76.50542,1,1
42679,19463476,39.28756,-76.54182,1,1
42691,25973533,39.29533,-76.50338,0,0
42830,25973539,39.29637,-76.50341,0,0
43060,25971699,39.2799,-76.53438,1,1
43131,25972189,39.28287,-76.51787,1,1
43405,25966687,39.30299,-76.54396,1,1
43510,25959252,39.27191,-76.55206,1,1
43571,25972362,39.29316,-76.51838,1,1
43580,25959369,39.26504,-76.54304,1,1
43609,287988410,39.29088,-76.52236,1,1
43701,25960020,39.28748,-76.54562,1,1
44059,25971251,39.26677,-76.52815,1,1
44241,816916726,39.27955,-76.53262,1,1
44242,816916725,39.279,-76.53485,1,1
44245,25959670,39.27895,-76.53615,1,1
44267,1010701232,39.28043,-76.50389,1,1
44268,1010461025,39.28036,-76.50362,1,1
44269,1010701231,39.28051,-76.50419,1,1
44270,1010701237,39.27981,-76.50514,1,1
44271,1010701235,39.27984,-76.50497,1,1
44272,834400598,39.27976,-76.50494,1,1
44949,984224316,39.28807,-76.53516,1,1
44950,25960442,39.28792,-76.53538,1,1
45101,25960082,39.29228,-76.55123,1,1
45105,816916315,39.29255,-76.55158,1,1
45122,25960410,39.28569,-76.53697,1,1
45123,25960435,39.28786,-76.53709,1,1
45381,916223392,39.30474,-76.54434,0,0
45383,916223394,39.30235,-76.54609,1,1
45384,25966345,39.30068,-76.5501,1,1
45396,816915592,39.30496,-76.5385,1,1
45397,25966755,39.30351,-76.53898,1,1
45398,25966760,39.30466,-76.53914,1,1
45399,816915593,39.30375,-76.53917,1,1
47358,983870634,39.28531,-76.54027,1,1
47359,25960393,39.28494,-76.53967,1,1
47383,834400595,39.27949,-76.50485,1,1
47384,1010706866,39.27959,-76.50488,1,1
47385,287998487,39.2795,-76.50503,1,1
47386,1010706870,39.27971,-76.50511,1,1
47408,984154797,39.28508,-76.53571,1,1
47409,25960383,39.28449,-76.53684,0,0
47410,984154796,39.28755,-76.53691,1,1
47411,25960430,39.28725,-76.53706,1,1
47424,25959793,39.2826,-76.5516,1,1
47425,984154793,39.28274,-76.54993,1,1
47427,984154794,39.28615,-76.53313,1,1
47428,26965674,39.28802,-76.53276,1,1
47429,984154795,39.28804,-76.53237,1,1
47652,25966753,39.30157,-76.53737,1,1
47653,1053781014,39.30212,-76.53784,1,1
47765,1010313086,39.27705,-76.50403,1,1
47766,287989448,39.27554,-76.50351,1,1
47767,1010313085,39.27702,-76.5042,1,1
47768,287989447,39.2755,-76.50368,1,1
47815,25972598,39.2669,-76.50496,1,1
47816,25972597,39.26698,-76.50511,1,1
47847,834963704,39.28743,-76.50551,1,1
47848,834963703,39.28694,-76.50578,1,1
47849,834963702,39.28437,-76.50639,1,1
47850,25973136,39.28372,-76.50629,1,1
48167,983869428,39.30008,-76.54929,1,1
48168,25960168,39.29988,-76.54893,1,1
48243,834962858,39.27066,-76.50506,1,1
48246,834962856,39.27031,-76.50408,1,1
48248,25972860,39.27021,-76.50381,1,1
48251,834962860,39.27062,-76.50295,1,1
48252,25972878,39.27038,-76.5031,1,1
48253,834962859,39.27088,-76.50588,1,1
48254,834962853,39.26944,-76.5019,1,1
48255,834962855,39.26866,-76.50006,1,1
48256,25972777,39.26844,-76.49955,1,1
48257,834962854,39.26913,-76.50363,1,1
48258,831605937,39.26829,-76.50413,1,1
48533,1010311576,39.27715,-76.50406,1,1
48536,1010311573,39.27712,-76.50423,1,1
48773,25960368,39.28083,-76.53507,1,1
48774,983867387,39.27763,-76.53356,1,1
48775,983867386,39.28096,-76.53515,1,1
48776,25971329,39.27749,-76.5335,1,1
49064,834962857,39.27049,-76.50457,1,1
49065,1010711159,39.27053,-76.50469,1,1
49972,288028501,39.28666,-76.53235,1,1
49973,851637297,39.28726,-76.53181,1,1
50173,25959842,39.28725,-76.55212,1,1
50263,273134044,39.28854,-76.50508,1,1
50290,25966451,39.30016,-76.54795,0,0
50298,25971331,39.27906,-76.53422,1,1
50402,25971716,39.28002,-76.53096,1,1
50470,287633240,39.28054,-76.50429,1,1
50558,19463704,39.30129,-76.55102,1,1
50741,25973451,39.2806,-76.49606,1,1
50942,25972295,39.29256,-76.51938,1,1
51243,25971849,39.282,-76.52717,1,1
51249,287993666,39.28125,-76.52879,1,1
51381,25971616,39.27879,-76.52191,1,1
51488,25972312,39.2956,-76.52455,1,1
51572,25973186,39.28781,-76.5048,1,1
51707,25971583,39.27269,-76.52205,1,1
51764,25973415,39.28811,-76.50095,1,1
51770,25959362,39.26591,-76.54459,1,1
51863,25960283,39.28708,-76.54283,1,1
51891,25973412,39.28527,-76.50109,1,1
51936,25959242,39.27173,-76.55202,1,1
51949,25973183,39.28806,-76.50517,1,1
51958,834396673,39.27375,-76.51776,1,1
51959,984091021,39.27595,-76.51742,1,1
51962,984091023,39.27696,-76.51755,1,1
51964,834398968,39.27608,-76.5174,1,1
51966,984091020,39.29304,-76.5155,1,1
51967,19463410,39.2929,-76.51502,1,1
51969,984091019,39.29424,-76.52038,1,1
51970,19463407,39.294,-76.51954,1,1
51986,25966348,39.30111,-76.55054,1,1
52019,312344747,39.2994,-76.53388,1,1
52111,25966742,39.30118,-76.53748,1,1
52335,25972965,39.27215,-76.49626,1,1
52336,983936611,39.27274,-76.49491,1,1
52371,25959566,39.27239,-76.53602,1,1
52429,25960273,39.28688,-76.54278,1,1
52693,25972072,39.28298,-76.52031,1,1
52700,25972577,39.26653,-76.50538,1,1
52715,25973174,39.28767,-76.50538,1,1
52796,25971571,39.26493,-76.51702,1,1
52830,25966679,39.30239,-76.54435,1,1
53195,1010513408,39.28541,-76.49538,1,1
53215,1010513406,39.28292,-76.4961,1,1
53278,25959497,39.27222,-76.54033,1,1
53324,25972875,39.26994,-76.50312,1,1
53364,25973129,39.28063,-76.50524,1,1
53376,287225387,39.27781,-76.5454,1,1
53394,25972650,39.27142,-76.50854,1,1
53475,25959515,39.27795,-76.54297,1,1
53519,19463449,39.26559,-76.52761,1,1
53703,26965616,39.27826,-76.53385,1,1
53857,25960363,39.28172,-76.53635,1,1
53861,25966453,39.30017,-76.54778,0,0
53863,25971417,39.27905,-76.52507,1,1
53968,322651802,39.30619,-76.53598,1,1
53969,25960182,39.28142,-76.54377,1,1
54006,25960406,39.28466,-76.53686,1,1
54258,25959881,39.28119,-76.54965,1,1
54282,25972307,39.29432,-76.52066,1,1
54358,25971941,39.29482,-76.53161,0,0
54407,25959572,39.2724,-76.53583,1,1
54414,25971633,39.27279,-76.51848,1,1
54518,25971249,39.2655,-76.52776,1,1
54677,25972359,39.29253,-76.51859,1,1
54888,25971569,39.2691,-76.51744,1,1
54919,288003450,39.30147,-76.54222,1,1
55038,25971362,39.27152,-76.52738,1,1
55114,984090037,39.2938,-76.51813,1,1
55115,25972379,39.29359,-76.51738,1,1
55191,25972409,39.29184,-76.51677,1,1
55214,25973306,39.29006,-76.50412,1,1
55287,19463593,39.292,-76.53238,0,0
55359,1010513868,39.28522,-76.495,1,1
55381,287988420,39.29473,-76.51272,1,1
55670,322677962,39.30064,-76.53656,1,1
55712,25971839,39.27976,-76.52637,1,1
56175,90700496,39.27624,-76.53264,1,1
56410,25959598,39.27806,-76.53983,1,1
56601,19464174,39.28304,-76.53658,1,1
56617,25973178,39.28813,-76.5053,1,1
56739,25959661,39.27859,-76.53731,1,1
56768,816500500,39.28121,-76.54897,1,1
56769,25959882,39.28119,-76.54949,1,1
56771,816500501,39.28059,-76.55104,1,1
56780,816500495,39.28755,-76.54406,1,1
56781,25960275,39.28752,-76.54468,1,1
56782,816500494,39.28753,-76.54438,1,1
56783,816500492,39.28739,-76.54545,1,1
56784,816500493,39.28741,-76.54501,1,1
56785,25960019,39.28738,-76.54561,1,1
56932,25973207,39.29436,-76.51375,1,1
56940,25959884,39.28167,-76.54975,1,1
56960,25972028,39.29637,-76.52797,1,1
56961,984089462,39.29677,-76.52924,1,1
57009,25973175,39.28836,-76.50569,1,1
57014,25971322,39.27604,-76.53255,1,1
57139,336677630,39.27188,-76.52741,1,1
57450,983934590,39.28955,-76.50403,1,1
57451,25973403,39.28913,-76.503,1,1
57452,983934591,39.29049,-76.50631,1,1
57453,25973291,39.29047,-76.50624,1,1
57622,25972057,39.28275,-76.52384,1,1
57900,25959373,39.26592,-76.54306,1,1
57901,917403444,39.26606,-76.54307,1,1
57908,816903669,39.26792,-76.54321,1,1
57910,917403445,39.26923,-76.54312,1,1
58048,983931942,39.28768,-76.49947,1,1
58049,25973461,39.28652,-76.49766,1,1
58088,984088254,39.29275,-76.5157,1,1
58090,984088255,39.29311,-76.51511,1,1
58095,984088253,39.27027,-76.50326,1,1
58108,983931945,39.27004,-76.50288,1,1
58110,983931944,39.26969,-76.50317,1,1
58664,848134721,39.28636,-76.53281,1,1
58665,848134720,39.29034,-76.53282,0,0
58666,848134716,39.29002,-76.53291,0,0
58667,848134719,39.28974,-76.53299,0,0
58668,25971778,39.28904,-76.53316,0,0
58669,848134718,39.29099,-76.53265,0,0
58670,848134717,39.2906,-76.53275,0,0
58728,968733470,39.27016,-76.51778,1,1
58729,984097689,39.27075,-76.51783,1,1
58932,848134844,39.30574,-76.53085,1,1
58964,25973051,39.28024,-76.51147,1,1
58965,984097020,39.28036,-76.51171,1,1
58997,848135014,39.28309,-76.49652,1,1
59072,848134939,39.28861,-76.52817,1,1
59073,25971876,39.28843,-76.52864,1,1
59946,848134529,39.27663,-76.55095,1,1
59979,1074630662,39.30553,-76.53059,1,1
59980,25976934,39.30466,-76.52969,1,1
60150,25978130,39.30459,-76.50044,0,0
60351,25973304,39.28989,-76.50421,1,1
60352,984095756,39.28989,-76.50288,1,1
60925,878440114,39.29206,-76.51262,1,1
60926,984095516,39.2921,-76.51278,1,1
60927,984095515,39.27202,-76.51161,1,1
60928,25972612,39.27177,-76.51029,1,1
60959,984095514,39.29586,-76.52547,1,1
60960,336677948,39.29581,-76.52531,1,1
61312,25972250,39.29035,-76.52373,1,1
61313,984094376,39.29069,-76.52286,1,1
61317,984094374,39.28971,-76.52508,1,1
61318,25971898,39.2894,-76.52584,1,1
61319,25960436,39.28777,-76.53652,1,1
61320,984094375,39.28777,-76.53637,1,1
61868,25973263,39.29556,-76.50933,1,1
61869,957424920,39.29581,-76.50844,1,1
61870,25973264,39.29565,-76.50937,1,1
61915,984092699,39.29384,-76.51636,1,1
61917,984093352,39.29251,-76.51987,1,1
61919,25972273,39.29214,-76.52021,1,1
61921,984093350,39.29302,-76.51898,1,1
61923,984093349,39.29314,-76.51775,1,1
62082,25959992,39.28728,-76.54855,1,1
62149,25972421,39.29357,-76.51695,1,1
62150,984092698,39.29385,-76.51467,1,1
62151,984092696,39.29413,-76.51512,1,1
62155,984092695,39.29408,-76.51449,1,1
62347,287989446,39.27869,-76.50458,1,1
62348,1010516381,39.27877,-76.50461,1,1
62383,875026975,39.27907,-76.55121,0,0
62384,25959317,39.27799,-76.5517,0,0
62399,25959339,39.27866,-76.55069,1,1
62400,816510287,39.27823,-76.55133,1,1
62401,875026973,39.27905,-76.55036,1,1
62402,875026974,39.27911,-76.5505,1,1
62962,25973180,39.28871,-76.5065,1,1
63140,25960381,39.28423,-76.53682,0,0
63198,25960183,39.28143,-76.54357,1,1
63385,288002927,39.30634,-76.53571,1,1
63586,25960280,39.28756,-76.54376,1,1
63639,25971305,39.27371,-76.53145,1,1
63889,25959548,39.27231,-76.53828,1,1
64018,25971491,39.26876,-76.5221,1,1
64107,25971318,39.27537,-76.53249,1,1
64403,25973188,39.28882,-76.50493,1,1
64430,25972410,39.29158,-76.516,1,1
64626,25972897,39.27073,-76.50188,1,1
64662,25973581,39.29563,-76.50158,1,1
64733,25972414,39.29139,-76.51517,1,1
64769,288028499,39.28981,-76.53391,1,1
64875,288002926,39.30622,-76.5356,1,1
64952,25959911,39.28397,-76.54693,0,0
64961,25971818,39.28155,-76.52948,1,1
65001,25966690,39.30493,-76.54446,0,0
65126,25971899,39.2895,-76.5259,1,1
65173,25971812,39.28803,-76.52969,1,1
65262,287993860,39.27804,-76.54602,1,1
65308,25973116,39.28057,-76.50617,1,1
65414,25972297,39.29285,-76.51976,1,1
65569,25971248,39.26512,-76.52756,1,1
65758,25973271,39.29096,-76.50802,1,1
66034,25966459,39.30202,-76.54783,1,1
66057,25971824,39.281,-76.5277,1,1
66067,25960180,39.28138,-76.54478,1,1
66243,25971339,39.27458,-76.53213,1,1
66482,25973569,39.29737,-76.50267,0,0
66489,25960291,39.2858,-76.54078,1,1
66649,25971822,39.28158,-76.5283,1,1
66652,25966441,39.30184,-76.54999,1,1
66706,25959502,39.27541,-76.54356,1,1
66721,966455557,39.28731,-76.54707,1,1
66722,912886908,39.28729,-76.54782,1,1
66723,912886907,39.28743,-76.54783,1,1
66724,966455555,39.28744,-76.54707,1,1
66830,25972575,39.266,-76.5055,1,1
66952,25960214,39.2844,-76.5438,0,0
67050,25959749,39.2808,-76.55154,1,1
67080,25973196,39.28966,-76.50432,1,1
67141,322677949,39.27793,-76.5454,1,1
67169,25971581,39.27266,-76.52304,1,1
67220,25971510,39.26843,-76.52135,1,1
67245,19463707,39.303,-76.54452,1,1
67253,287996499,39.27313,-76.50269,1,1
67417,25973270,39.29066,-76.50765,1,1
67510,25959503,39.27624,-76.54361,1,1
67707,25959473,39.27208,-76.5441,1,1
67754,25960449,39.28836,-76.53503,1,1
67783,25973134,39.28367,-76.50645,1,1
67829,25973257,39.2952,-76.51059,1,1
67883,25973101,39.27986,-76.5104,1,1
68209,19463636,39.29614,-76.50315,0,0
68278,25971302,39.27255,-76.53111,1,1
68325,25960389,39.28249,-76.53602,1,1
68359,25972067,39.28289,-76.5217,1,1
68400,19463621,39.29445,-76.52046,1,1
68456,25959908,39.28394,-76.54703,0,0
68464,25960013,39.28733,-76.5466,1,1
68566,26966005,39.30661,-76.53268,1,1
68615,25973131,39.28059,-76.50453,1,1
68708,25972068,39.28293,-76.52106,1,1
68885,25978128,39.30473,-76.50077,0,0
68954,19463450,39.26514,-76.5274,1,1
69071,287996498,39.27311,-76.50285,1,1
69193,25972896,39.27071,-76.50211,1,1
69227,25972384,39.29333,-76.51742,1,1
69258,287634206,39.2767,-76.53312,1,1
69567,288003381,39.30071,-76.54481,1,1
69630,25959991,39.28741,-76.54855,1,1
69784,25971375,39.27042,-76.52576,1,1
69799,25972000,39.29975,-76.53041,0,0
70233,19464173,39.28359,-76.53755,1,1
70261,25972861,39.27017,-76.5037,1,1
70507,25973435,39.28016,-76.4979,1,1
70513,25960400,39.28775,-76.53904,1,1
70544,215035620,39.28268,-76.53619,1,1
70598,25972264,39.2914,-76.52099,1,1
70738,25972907,39.27178,-76.50255,1,1
70753,25971320,39.27615,-76.53285,1,1
70944,19463453,39.27361,-76.53167,1,1
70946,288008769,39.30076,-76.50177,0,0
71138,25966497,39.30026,-76.54637,1,1
71401,25972583,39.26646,-76.50523,1,1
71447,25971307,39.27267,-76.53061,1,1
71546,25973221,39.2917,-76.5107,1,1
71581,25973420,39.28905,-76.50089,1,1
71818,25960298,39.28772,-76.53995,1,1
71834,25971660,39.27247,-76.51501,1,1
71931,25959876,39.27966,-76.54932,1,1
72053,848135409,39.28,-76.50929,1,1
72064,25971705,39.28127,-76.53245,1,1
72158,25976918,39.3013,-76.53032,0,0
72209,25972615,39.27155,-76.50923,1,1
72942,25971261,39.26416,-76.52695,1,1
72946,25971572,39.26981,-76.52413,1,1
73063,25966509,39.30245,-76.54518,1,1
73111,25976948,39.30608,-76.53289,1,1
73262,25971698,39.28,-76.53466,1,1
73347,25973342,39.29682,-76.50529,1,1
73385,25959501,39.27461,-76.54351,1,1
73664,322651801,39.30605,-76.53588,1,1
73668,25973276,39.29105,-76.50832,1,1
73802,25971321,39.2768,-76.53291,1,1
74139,848135845,39.27026,-76.52532,1,1
74140,25971383,39.27009,-76.52488,1,1
74180,25971262,39.26428,-76.527,1,1
74364,25959530,39.27797,-76.5423,1,1
74493,25971618,39.27867,-76.52065,1,1
74520,19463405,39.29314,-76.51807,1,1
74539,25960394,39.28494,-76.53941,1,1
75029,25959923,39.28135,-76.54569,1,1
75082,25971582,39.27267,-76.52269,1,1
75189,25960431,39.28775,-76.53709,1,1
75225,26991574,39.27289,-76.53131,1,1
75260,25971642,39.27274,-76.5171,1,1
75325,25960375,39.2826,-76.53641,1,1
75352,273134045,39.28845,-76.50495,1,1
75377,25971872,39.28819,-76.52939,1,1
75399,25973490,39.29152,-76.50362,1,1
75426,19463455,39.27544,-76.53227,1,1
75476,25973439,39.28042,-76.49686,1,1
75492,25959663,39.27876,-76.53678,1,1
75493,25971915,39.29199,-76.53211,0,0
75612,25959602,39.27811,-76.53909,1,1
75658,25971796,39.28755,-76.53183,1,1
75772,25960293,39.28764,-76.54183,1,1
75974,25971851,39.28224,-76.52611,1,1
76124,25971597,39.27273,-76.52081,1,1
76140,25959922,39.28134,-76.54596,1,1
76238,312347458,39.27177,-76.50237,1,1
76257,25973518,39.29477,-76.50392,1,1
76286,25960242,39.28149,-76.54215,1,1
76532,287988421,39.29464,-76.51269,1,1
76622,25972311,39.29419,-76.51951,1,1
76664,25971838,39.28036,-76.52703,1,1
76743,25960267,39.28434,-76.54068,0,0
76876,25971300,39.2706,-76.53021,1,1
76911,25960290,39.28563,-76.54077,1,1
76933,25972190,39.28282,-76.51732,1,1
76975,25972292,39.29242,-76.51982,1,1
77030,25973301,39.28993,-76.50435,1,1
77044,26965625,39.28952,-76.50287,1,1
77058,25959909,39.28413,-76.54708,0,0
77290,25973434,39.27999,-76.49866,1,1
77412,1010373021,39.28673,-76.4981,1,1
77419,25971392,39.27249,-76.52593,1,1
77468,25976979,39.30574,-76.53085,0,0
77511,25971222,39.264,-76.52703,1,1
77627,19463708,39.30311,-76.54413,1,1
77631,287631488,39.27247,-76.50245,1,1
77658,25971250,39.26672,-76.52834,1,1
77697,848249307,39.29838,-76.53212,1,1
77917,25972572,39.2661,-76.50564,1,1
78101,25971871,39.28808,-76.52938,1,1
78171,25973448,39.28313,-76.49663,1,1
78189,25959629,39.27851,-76.53756,1,1
78210,25959860,39.28724,-76.55034,1,1
78317,288003380,39.30095,-76.54491,1,1
78405,312344746,39.2993,-76.53395,1,1
78548,25976994,39.30553,-76.53059,0,0
78637,25971303,39.27255,-76.53089,1,1
78684,273129371,39.30218,-76.5009,0,0
78685,916229285,39.30356,-76.50052,0,0
78704,19463454,39.27493,-76.53228,1,1
78707,273129369,39.30226,-76.50122,0,0
78708,916229286,39.30365,-76.50086,0,0
79120,25971573,39.26954,-76.52344,1,1
79486,25973121,39.28064,-76.50542,1,1
79675,25959334,39.27823,-76.55112,1,1
79679,25973422,39.28886,-76.50068,0,0
79771,25972669,39.27101,-76.50644,1,1
79792,25966498,39.30047,-76.54656,1,1
79829,25971341,39.27501,-76.53206,1,1
79842,25973470,39.28607,-76.49673,1,1
79881,25971361,39.27132,-76.52733,1,1
79938,25972913,39.27202,-76.50238,1,1
80003,25973203,39.29077,-76.51203,1,1
80091,25971380,39.27051,-76.52598,1,1
80141,25971319,39.27599,-76.53278,1,1
80302,25973103,39.28016,-76.50832,1,1
80422,25972895,39.27147,-76.50241,1,1
80494,25971598,39.27273,-76.52051,1,1
80596,19461345,39.30068,-76.50143,0,0
80691,25966704,39.30404,-76.54034,1,1
80834,25972915,39.2709,-76.50111,1,1
80842,25966357,39.30136,-76.55093,1,1
81216,25971395,39.27254,-76.52548,1,1
81309,25973162,39.28952,-76.50854,1,1
81312,25960281,39.28724,-76.54309,1,1
81344,25973399,39.28582,-76.50191,1,1
81378,25966684,39.30292,-76.54422,1,1
81496,1010437448,39.26689,-76.49587,1,1
81497,1010739744,39.26694,-76.49599,1,1
81547,25959494,39.27218,-76.54143,1,1
81677,25971278,39.27247,-76.53391,1,1
81730,25960274,39.28742,-76.54467,1,1
81797,886721756,39.28935,-76.50216,1,1
81798,25973418,39.28912,-76.50122,1,1
81937,25973423,39.28893,-76.50038,1,1
81971,19463703,39.30168,-76.5514,1,1
82042,25973042,39.28094,-76.51286,1,1
82068,984085587,39.29527,-76.50188,1,1
82070,984085586,39.2972,-76.50479,1,1
82072,984085585,39.29702,-76.50381,1,1
82074,984085584,39.29656,-76.50259,1,1
82076,984085583,39.29739,-76.50361,1,1
82079,984085581,39.2984,-76.50124,1,1
82081,984085579,39.29822,-76.50087,1,1
82082,984085580,39.30017,-76.50156,1,1
82083,288008745,39.29973,-76.50169,1,1
82104,984085591,39.29543,-76.51016,1,1
82111,984085590,39.29605,-76.50795,1,1
82112,25973255,39.29527,-76.51073,1,1
82113,957424919,39.2959,-76.50848,1,1
82792,25971817,39.28109,-76.52901,1,1
82862,25971515,39.26753,-76.51998,1,1
82917,25959536,39.27802,-76.54099,1,1
82955,25966672,39.30119,-76.54406,1,1
82971,25971852,39.28228,-76.52593,1,1
82999,25973416,39.28803,-76.5008,1,1
83248,25966452,39.30016,-76.54795,1,1
83505,25971821,39.28174,-76.52843,1,1
83613,25971490,39.26916,-76.52281,1,1
83627,25971775,39.28805,-76.5322,1,1
83658,25971893,39.28905,-76.52675,1,1
83687,25971717,39.28033,-76.53009,1,1
84191,25959532,39.278,-76.54165,1,1
84295,19463706,39.30161,-76.54863,1,1
84418,19463701,39.30051,-76.55192,1,1
84542,25971340,39.27464,-76.5319,1,1
84635,25973512,39.2923,-76.50337,0,0
85061,25960379,39.28379,-76.53683,1,1
85274,832679568,39.26357,-76.52667,1,1
85276,25971964,39.29862,-76.53252,1,1
85277,832679567,39.26356,-76.52682,1,1
85371,287634195,39.26923,-76.52292,1,1
85567,25971856,39.28258,-76.52486,1,1
85610,25959538,39.27803,-76.54067,1,1
85787,19463702,39.30081,-76.55106,1,1
85809,288003346,39.30154,-76.54933,1,1
85951,19463298,39.3076,-76.53385,1,1
86004,25971632,39.27277,-76.51928,1,1
86035,25960399,39.28767,-76.53903,1,1
122100,816916316,39.29271,-76.55179,1,1
123334,25960235,39.28441,-76.54324,0,0
128398,916216956,39.28799,-76.53359,1,1
128680,19463481,39.28466,-76.54322,0,0
142395,25966699,39.30192,-76.54041,1,1
148440,25959146,39.26584,-76.54765,1,1
150306,25959508,39.27793,-76.54468,1,1
150845,288002809,39.29282,-76.5187,1,1
155919,25966698,39.30213,-76.54045,1,1
159067,25972181,39.28298,-76.51903,1,1
167317,287634174,39.2789,-76.52377,1,1
167706,25959374,39.26592,-76.54306,1,1
177851,984093348,39.29411,-76.5163,1,1
177854,984093351,39.29375,-76.51941,1,1
178088,984092697,39.29384,-76.51509,1,1
198010,984085582,39.29746,-76.50192,1,1
