3839,25660443,39.27837,-77.20368,1,1
3840,939459953,39.2798,-77.20315,1,1
4638,25660119,39.27543,-77.21502,1,1
4639,939656086,39.27562,-77.21445,1,1
4789,1056758432,39.26947,-77.24451,1,1
4790,1056758431,39.26966,-77.24514,1,1
4791,1056699910,39.26878,-77.24003,1,1
6263,25660418,39.27119,-77.20166,1,1
6264,939473779,39.27162,-77.20222,1,1
7766,25659956,39.26464,-77.21857,1,1
7767,940553763,39.26499,-77.21843,1,1
7769,940553764,39.26323,-77.21991,1,1
7775,848134490,39.26516,-77.21878,1,1
7776,940553765,39.26602,-77.21908,1,1
9065,941012855,39.28844,-77.20482,1,1
13125,940641056,39.28648,-77.20187,1,1
13131,25660538,39.28634,-77.20188,1,1
13134,287237173,39.28694,-77.20183,1,1
13729,25658828,39.26887,-77.23549,1,1
13730,1056699909,39.269,-77.23603,1,1
14376,940775152,39.28798,-77.20267,1,1
14377,941003958,39.28829,-77.20369,1,1
18936,1002725458,39.28748,-77.20105,1,1
18937,940779715,39.28741,-77.20081,1,1
18985,940641055,39.28725,-77.2018,1,1
18986,1002725484,39.28743,-77.20177,1,1
20504,1008416187,39.2752,-77.21469,1,1
20505,940557480,39.27487,-77.21489,1,1
23574,25660193,39.29585,-77.22627,1,1
23793,287237086,39.28843,-77.20417,1,1
24143,25661030,39.3071,-77.19771,1,1
25626,25661026,39.30181,-77.1975,1,1
25941,940779714,39.28717,-77.19997,1,1
25942,25660580,39.28689,-77.19898,1,1
26389,25660585,39.28623,-77.19662,1,1
26518,215039216,39.26879,-77.19237,1,1
29062,940784425,39.28892,-77.20458,1,1
29064,25660536,39.28849,-77.20436,1,1
29065,940784424,39.28962,-77.20569,1,1
29066,848135753,39.28917,-77.20584,1,1
31667,25661034,39.30207,-77.19459,1,1
34047,25662493,39.30244,-77.18992,1,1
34389,336669546,39.28971,-77.22244,1,1
35373,25660496,39.28784,-77.20691,1,1
36058,25660562,39.29642,-77.2041,1,1
37430,848134036,39.26795,-77.22473,1,1
37431,890216441,39.26892,-77.22744,1,1
39012,287237483,39.26867,-77.23494,1,1
40870,25660416,39.27254,-77.20452,1,1
42284,25660553,39.29403,-77.20458,1,1
42833,25660335,39.26705,-77.20503,1,1
44063,940775153,39.28482,-77.20188,1,1
44064,25660540,39.28769,-77.20171,1,1
44065,25660531,39.28365,-77.20188,1,1
47300,25660679,39.30735,-77.24338,1,1
49066,940764315,39.28653,-77.20854,1,1
49067,940764316,39.28678,-77.20828,1,1
49068,336669531,39.28493,-77.21052,1,1
49069,940764312,39.28485,-77.21027,1,1
49070,25660486,39.2847,-77.20998,1,1
49161,25660549,39.29022,-77.20497,1,1
49162,941056846,39.29078,-77.20499,1,1
50571,25660570,39.29843,-77.2023,1,1
51944,215039267,39.26965,-77.19009,1,1
52201,25659973,39.26668,-77.21802,1,1
53628,25660581,39.28668,-77.1982,1,1
53711,979921471,39.26882,-77.22172,1,1
53714,25659893,39.26788,-77.22203,1,1
54021,287198791,39.28581,-77.19518,1,1
54022,939481719,39.2843,-77.19234,1,1
54023,939481718,39.28598,-77.19576,1,1
54024,848134299,39.28418,-77.19221,1,1
54303,25660132,39.27804,-77.21258,1,1
54334,25660314,39.26358,-77.2042,1,1
54559,953073163,39.30097,-77.1981,1,1
54561,848135678,39.30013,-77.19946,1,1
54563,953073162,39.30049,-77.1988,1,1
56340,25660073,39.27052,-77.21674,1,1
59212,848135115,39.30401,-77.1976,1,1
60050,25659954,39.26487,-77.21887,1,1
60518,25659910,39.27038,-77.22067,1,1
60519,848134016,39.27357,-77.21805,1,1
60574,25659882,39.26751,-77.22333,1,1
60576,848134035,39.26753,-77.22346,1,1
60579,848134034,39.26918,-77.23226,1,1
60580,287237476,39.26904,-77.23254,1,1
62630,273141466,39.27402,-77.2153,1,1
62631,940557482,39.27439,-77.21513,1,1
62632,336669770,39.27144,-77.21636,1,1
62633,940557483,39.27293,-77.21574,1,1
62634,940557484,39.2735,-77.21551,1,1
62635,25660122,39.27603,-77.214,1,1
62636,940557479,39.27624,-77.21382,1,1
62937,25660200,39.29053,-77.22297,1,1
64644,25660551,39.29202,-77.20495,1,1
65120,336669547,39.29118,-77.22363,1,1
66598,25658829,39.26873,-77.23509,1,1
66741,25660173,39.28809,-77.22199,1,1
66743,939495801,39.28901,-77.22226,1,1
66745,939495803,39.30754,-77.24353,1,1
66746,939495802,39.30744,-77.24345,1,1
67359,336669565,39.3049,-77.23922,1,1
67784,25660417,39.27319,-77.20442,1,1
69018,25660725,39.30164,-77.23598,1,1
69417,848136239,39.26775,-77.22242,1,1
70895,25660567,39.29765,-77.20335,1,1
71047,336669560,39.30025,-77.23335,1,1
74457,848135766,39.28678,-77.22006,1,1
74458,25660217,39.28587,-77.21669,1,1
74662,25660505,39.28847,-77.2061,1,1
75020,25661022,39.3,-77.19971,1,1
75885,25660547,39.28999,-77.20557,1,1
77457,273141503,39.26894,-77.22165,1,1
78946,25660121,39.27533,-77.2146,1,1
80566,336669561,39.3026,-77.23638,1,1
80734,953072405,39.28503,-77.2121,1,1
80735,953072407,39.28546,-77.21472,1,1
80736,940764313,39.28516,-77.21281,1,1
80737,953072408,39.28145,-77.21152,1,1
80738,25660219,39.28011,-77.21179,1,1
80739,953072410,39.28415,-77.21045,1,1
80740,953072409,39.28357,-77.21094,1,1
80742,953072413,39.28614,-77.20886,1,1
80743,940764310,39.28514,-77.20965,1,1
80746,953072414,39.28571,-77.2092,1,1
80747,940764314,39.28494,-77.21124,1,1
82895,25660133,39.27833,-77.21244,1,1
83603,215039230,39.27035,-77.20102,1,1
84327,25660424,39.27456,-77.20424,1,1
85069,25660682,39.30555,-77.24203,1,1
85851,25659930,39.26398,-77.21904,1,1
129657,25658795,39.26913,-77.23698,1,1
153367,848134033,39.26928,-77.22852,1,1
