188680,25955879,39.27297,-76.60527,1,1
1,813241579,39.29876,-76.5896,1,1
2,25957535,39.29855,-76.58959,1,1
3,813241578,39.29942,-76.58964,1,1
4,813241580,39.29854,-76.58983,1,1
5,25957530,39.29851,-76.59089,1,1
644,813240766,39.29881,-76.60997,1,1
852,888407522,39.29116,-76.60905,1,1
854,25956389,39.29061,-76.60899,1,1
1014,25962013,39.30062,-76.59103,1,1
1015,966358455,39.30124,-76.59107,1,1
1016,888407748,39.29126,-76.60958,1,1
1018,888407523,39.29071,-76.609,1,1
1019,888407752,39.29095,-76.60903,1,1
1422,875058703,39.27075,-76.55588,0,0
1423,875058702,39.27082,-76.55595,0,0
1424,875058701,39.27107,-76.55629,0,0
1425,875058700,39.27128,-76.55645,0,0
1426,875058707,39.26305,-76.56765,0,0
1432,875058704,39.26285,-76.56538,0,0
1433,875058710,39.26329,-76.56779,0,0
1434,875058709,39.26321,-76.56774,0,0
1436,875058708,39.26313,-76.56769,0,0
1440,844671107,39.26543,-76.55748,1,1
1482,25958858,39.29822,-76.56979,1,1
1495,813242121,39.29951,-76.56894,1,1
2134,25956652,39.28736,-76.59931,1,1
2135,967818230,39.28799,-76.59936,1,1
2201,848136128,39.2687,-76.60091,1,1
2202,984136555,39.27021,-76.60019,1,1
2429,25958862,39.29935,-76.56989,1,1
2430,813245493,39.29949,-76.56961,1,1
2452,816513849,39.27626,-76.55426,1,1
2645,288020222,39.29254,-76.59962,1,1
2646,967816700,39.2936,-76.59968,1,1
2647,25956819,39.2925,-76.59975,1,1
2648,967816699,39.29359,-76.59982,1,1
2781,949642799,39.29406,-76.59142,1,1
2782,25957447,39.29404,-76.59192,1,1
2783,25957430,39.29399,-76.59388,1,1
2784,949642798,39.29401,-76.5926,1,1
2898,832316939,39.28693,-76.60462,0,0
2899,816631052,39.28689,-76.60513,0,0
2990,1074968783,39.27,-76.55749,1,1
2991,983817032,39.26894,-76.55848,1,1
2992,322676370,39.26933,-76.55748,0,0
2993,1074968781,39.27026,-76.55776,0,0
2994,25958368,39.26694,-76.56205,0,0
2995,1074968782,39.27007,-76.55755,0,0
2997,851636477,39.2693,-76.55853,0,0
2999,891219285,39.26423,-76.56332,0,0
3003,984260966,39.26498,-76.56544,1,1
3004,1074968780,39.27031,-76.55786,1,1
3184,855189152,39.2983,-76.55878,1,1
3185,855189151,39.29818,-76.55919,1,1
3186,25959072,39.29784,-76.56027,1,1
4006,19464111,39.28626,-76.60371,1,1
4007,816467580,39.28666,-76.60399,1,1
4279,25955818,39.26724,-76.60362,1,1
4479,966451843,39.2758,-76.56928,1,1
4480,816913415,39.27539,-76.56925,1,1
4648,850784623,39.2852,-76.60237,1,1
4649,816631054,39.28519,-76.60257,1,1
4652,25956336,39.29129,-76.60907,1,1
4658,816462131,39.29131,-76.60829,1,1
4725,25962227,39.30182,-76.58248,1,1
5032,929324946,39.29172,-76.55875,1,1
5033,916244331,39.29172,-76.5589,1,1
5034,25959044,39.29167,-76.55986,1,1
5035,929324945,39.29171,-76.55913,1,1
5393,288003163,39.29962,-76.56259,1,1
5394,855192847,39.29963,-76.56231,1,1
5395,855192848,39.29964,-76.5619,1,1
5467,322678021,39.27759,-76.55374,1,1
5470,816510289,39.27752,-76.55341,1,1
5471,816510288,39.27763,-76.55305,1,1
5472,322678020,39.27751,-76.55374,1,1
5515,25962022,39.30447,-76.58995,1,1
5516,855192843,39.30448,-76.58976,1,1
5681,832001356,39.27846,-76.60647,1,1
5682,287994198,39.27761,-76.60643,1,1
5683,25955923,39.27762,-76.60628,1,1
5684,832001354,39.27847,-76.60633,1,1
5928,25956568,39.28819,-76.60495,0,0
5929,954096134,39.28855,-76.60517,0,0
5930,954096133,39.28889,-76.60538,0,0
6030,25958584,39.27289,-76.55585,1,1
6031,844672160,39.273,-76.55585,1,1
6164,984168768,39.29242,-76.55335,1,1
6165,848134246,39.292,-76.55362,1,1
6631,844673298,39.28148,-76.56208,1,1
6632,25958884,39.28072,-76.56203,1,1
6633,844673303,39.26729,-76.56872,1,1
6634,844673304,39.26804,-76.56877,1,1
6679,813255993,39.29793,-76.60525,1,1
6680,25956748,39.2979,-76.60584,1,1
6695,25956742,39.29732,-76.60463,1,1
6696,813255994,39.29764,-76.60427,1,1
6772,984167589,39.28681,-76.60648,0,0
6773,25956168,39.2868,-76.60663,0,0
7237,25958457,39.26684,-76.55861,1,1
7453,816913414,39.30078,-76.57286,1,1
7454,25965370,39.30029,-76.57285,1,1
7457,25958283,39.27258,-76.56906,1,1
7472,287994026,39.2808,-76.60807,1,1
7609,25957429,39.29398,-76.59409,1,1
7610,984172240,39.29435,-76.59412,1,1
7657,983816468,39.27435,-76.55225,1,1
7658,839961953,39.27369,-76.55286,1,1
7704,25958515,39.27725,-76.56077,1,1
7706,816913456,39.27736,-76.55816,1,1
7708,816913457,39.27474,-76.55415,1,1
7725,816500499,39.28699,-76.56211,1,1
7781,984171891,39.28003,-76.57578,1,1
7782,25957674,39.28002,-76.57612,1,1
7809,25958686,39.28247,-76.56875,1,1
7810,984171893,39.28261,-76.56876,1,1
7828,25959217,39.27274,-76.55374,1,1
7829,25959163,39.27172,-76.5527,1,1
7831,844670421,39.27173,-76.55233,1,1
7968,273136366,39.26671,-76.59968,0,0
7970,25956924,39.26616,-76.5962,0,0
7971,947636816,39.26661,-76.59901,0,0
7972,839806181,39.26623,-76.59805,0,0
7973,947636817,39.26638,-76.59908,0,0
7974,25956925,39.26643,-76.59652,1,1
7975,273136367,39.26671,-76.59968,1,1
7976,25955863,39.26612,-76.5987,1,1
7978,947636819,39.26615,-76.59914,1,1
8188,25958470,39.26541,-76.55756,1,1
8356,288003162,39.29977,-76.56263,1,1
8357,813592194,39.29979,-76.56218,1,1
8358,813592195,39.29983,-76.56086,1,1
8359,288003164,39.29982,-76.56121,1,1
9134,888876143,39.28568,-76.60334,1,1
9135,25956577,39.28517,-76.60301,1,1
9231,25955783,39.26657,-76.60627,1,1
9232,1075054468,39.26665,-76.60618,1,1
9361,848135274,39.26456,-76.56611,1,1
9971,25956413,39.29236,-76.60878,0,0
9972,801261282,39.29307,-76.61001,0,0
9996,801261323,39.28917,-76.60555,0,0
10099,984173480,39.29426,-76.5939,1,1
10239,947634522,39.26655,-76.6003,0,0
10240,886218111,39.26645,-76.59965,0,0
10241,947634523,39.26624,-76.60033,1,1
10242,25955841,39.2662,-76.59984,1,1
10325,984178209,39.29225,-76.594,1,1
10326,25957412,39.29152,-76.59395,1,1
10331,984178214,39.29276,-76.5938,1,1
10333,25957426,39.29264,-76.59379,1,1
10334,966291557,39.29643,-76.59401,1,1
10335,984178213,39.29693,-76.59404,1,1
10384,813603252,39.29534,-76.59326,1,1
10385,25957458,39.29532,-76.59395,1,1
10386,813603250,39.2952,-76.59214,1,1
10387,813603249,39.29518,-76.59287,1,1
10388,25957457,39.29515,-76.59395,1,1
10389,813603253,39.29527,-76.59504,1,1
10390,25957450,39.29508,-76.59556,1,1
10391,19464171,39.29524,-76.59558,1,1
10392,813603254,39.29511,-76.59506,1,1
10525,875058699,39.2655,-76.55692,1,1
10526,916278704,39.2656,-76.55537,1,1
10535,916278705,39.2656,-76.55537,1,1
10546,801259235,39.28763,-76.60461,0,0
10606,25956559,39.28706,-76.60396,0,0
10609,984473981,39.26424,-76.56852,1,1
10610,984473980,39.26444,-76.56853,1,1
10611,25958141,39.26393,-76.5685,1,1
10613,25958255,39.27763,-76.57236,1,1
10628,25959306,39.27756,-76.55257,1,1
10632,19463268,39.27386,-76.55299,0,0
10633,25959238,39.27401,-76.55315,0,0
10787,25960052,39.29189,-76.55371,1,1
10789,931859634,39.29197,-76.55236,1,1
10834,967910527,39.29489,-76.60403,1,1
10835,967910529,39.29491,-76.60356,1,1
10838,967910528,39.29478,-76.60354,1,1
10840,25956770,39.29479,-76.60343,1,1
10841,967910525,39.29479,-76.60335,1,1
10842,25956771,39.29492,-76.60344,1,1
10843,967910526,39.29492,-76.60337,1,1
10844,25956737,39.29488,-76.60433,1,1
10845,967910522,39.29476,-76.60402,1,1
10846,25956706,39.29475,-76.60434,1,1
11215,930732792,39.29463,-76.60999,1,1
11264,25959004,39.29157,-76.56273,1,1
11265,813600920,39.29238,-76.56278,1,1
11266,813600919,39.29808,-76.56315,1,1
11267,25959020,39.29704,-76.56306,1,1
11268,813600918,39.2991,-76.56323,1,1
11342,287994141,39.27892,-76.57759,1,1
11343,896743507,39.27901,-76.57773,1,1
11344,896743497,39.27944,-76.57819,1,1
11345,287994142,39.27928,-76.57794,1,1
11346,896743499,39.27935,-76.57829,1,1
11347,287994140,39.27919,-76.57802,1,1
11348,896743502,39.27908,-76.57764,1,1
11349,94245616,39.27901,-76.57753,1,1
11565,809930715,39.28787,-76.6077,0,0
11590,25956169,39.28776,-76.60875,0,0
11728,966292053,39.2933,-76.59383,1,1
11729,966292051,39.29376,-76.5952,1,1
11730,966292049,39.2933,-76.59406,1,1
11731,25957421,39.2937,-76.59547,1,1
11732,25957425,39.29264,-76.59403,1,1
11863,25957456,39.2953,-76.59419,1,1
11864,966291770,39.29611,-76.59424,1,1
11865,954358662,39.29563,-76.59396,1,1
11866,966291771,39.29612,-76.59399,1,1
11868,966291773,39.29531,-76.59406,1,1
11869,25957455,39.29514,-76.59418,1,1
11870,966291774,39.29515,-76.59405,1,1
11871,966291776,39.29398,-76.59399,1,1
12165,966292422,39.29865,-76.59417,1,1
12166,813241581,39.29884,-76.59417,1,1
12168,966292420,39.29944,-76.59431,1,1
12170,25957468,39.29838,-76.59439,1,1
12171,966292425,39.29891,-76.59441,1,1
12172,966292423,39.29889,-76.59417,1,1
12175,25957470,39.29943,-76.59443,1,1
12611,825665976,39.26506,-76.59277,0,0
12612,825665975,39.26517,-76.5927,0,0
12618,825665977,39.26527,-76.59265,0,0
12657,984180243,39.2985,-76.59416,1,1
12658,25957469,39.29839,-76.59416,1,1
12859,966291524,39.29721,-76.59431,1,1
12860,966291548,39.29728,-76.59431,1,1
12863,966291550,39.29729,-76.59405,1,1
12864,966291532,39.29722,-76.59405,1,1
12865,25957460,39.29626,-76.594,1,1
12866,966291556,39.29642,-76.59426,1,1
12867,25957459,39.29626,-76.59425,1,1
12868,966291513,39.29839,-76.59426,1,1
12870,966291514,39.29737,-76.59406,1,1
12939,917389989,39.28279,-76.55334,0,0
12940,25959713,39.28119,-76.55328,0,0
12941,917389991,39.28101,-76.55328,1,1
12942,916233862,39.28101,-76.55339,1,1
12943,917389990,39.28101,-76.55328,0,0
12944,19462827,39.27972,-76.55325,0,0
13321,25955849,39.26707,-76.60074,1,1
13322,1074670499,39.26719,-76.60071,1,1
13368,889722553,39.29322,-76.55333,1,1
13369,848134247,39.29296,-76.55351,1,1
13413,967906298,39.29482,-76.6024,1,1
13416,967906299,39.29496,-76.60241,1,1
13419,967906305,39.29495,-76.60263,1,1
13420,94159692,39.29494,-76.60299,1,1
13421,94159691,39.29481,-76.60297,1,1
13422,967906304,39.29482,-76.60264,1,1
14140,25959228,39.27328,-76.55358,0,0
14146,25958323,39.26354,-76.56447,0,0
14147,25958328,39.26364,-76.56413,0,0
14151,891219286,39.26428,-76.56344,0,0
14209,25956712,39.29173,-76.60264,1,1
14210,967904548,39.29185,-76.60221,1,1
14248,890252581,39.29056,-76.60954,1,1
14545,801867595,39.28805,-76.60547,0,0
14685,984373547,39.26472,-76.56855,1,1
14863,336677818,39.29961,-76.57026,1,1
14864,813203616,39.29995,-76.57134,1,1
15028,813203953,39.29965,-76.57082,1,1
15029,336677817,39.29946,-76.57022,1,1
15053,25956912,39.29932,-76.59766,1,1
15054,984185618,39.29935,-76.59678,1,1
15113,813203786,39.29939,-76.57266,1,1
15114,25958813,39.29923,-76.57265,1,1
15282,984278024,39.30242,-76.58983,1,1
15283,25962018,39.30204,-76.58981,1,1
15537,984375027,39.30633,-76.60095,1,1
15538,25961094,39.30618,-76.60103,1,1
15610,965070950,39.3043,-76.59408,1,1
15611,25961920,39.30429,-76.59451,1,1
15635,25955827,39.26676,-76.60179,1,1
15638,25955518,39.2666,-76.60966,1,1
15639,984374051,39.26667,-76.60866,1,1
15659,825672891,39.27682,-76.56934,1,1
15798,930729389,39.305,-76.57665,1,1
15799,25962333,39.30498,-76.577,1,1
16718,930729788,39.30539,-76.59367,1,1
16719,25961959,39.30536,-76.59459,1,1
16777,25955914,39.2749,-76.60462,1,1
16778,983884375,39.275,-76.60478,1,1
16832,855191410,39.30243,-76.58252,1,1
16834,918499828,39.30332,-76.58258,1,1
17910,816394180,39.29662,-76.60998,1,1
17911,25956460,39.29631,-76.60989,1,1
18117,25965401,39.30511,-76.57295,1,1
18118,810395825,39.30569,-76.57297,1,1
18136,876345290,39.28087,-76.60738,1,1
18137,832330614,39.28087,-76.6075,1,1
18368,25956688,39.29086,-76.6057,1,1
18369,805648306,39.29091,-76.60552,1,1
18408,25955813,39.26658,-76.60234,1,1
18409,816474390,39.26671,-76.60279,1,1
18434,816474370,39.27186,-76.60191,1,1
18435,25955896,39.27169,-76.60143,1,1
18518,876345954,39.2977,-76.60947,1,1
19076,832336691,39.28076,-76.6075,1,1
19079,287994199,39.28075,-76.60715,1,1
19808,25965385,39.30395,-76.57283,1,1
19809,809858582,39.30484,-76.57277,1,1
19810,809858581,39.30316,-76.57281,1,1
20000,816632415,39.29066,-76.60841,1,1
20183,25956569,39.28828,-76.60473,0,0
20184,816631053,39.28947,-76.60545,0,0
20185,25956579,39.28518,-76.60273,1,1
20412,25956403,39.29126,-76.60734,0,0
20413,816630636,39.2919,-76.60808,0,0
20416,25956417,39.2926,-76.60863,1,1
20667,824577167,39.28559,-76.59338,1,1
20668,25957277,39.28554,-76.59447,1,1
20669,824577170,39.28558,-76.59359,1,1
20947,816629475,39.2896,-76.55472,1,1
20948,816629474,39.28903,-76.55434,1,1
20949,25959827,39.28806,-76.55414,1,1
21207,816628828,39.29316,-76.60902,1,1
21208,25956405,39.29221,-76.60753,1,1
21209,25956418,39.29284,-76.60849,1,1
21210,816628829,39.29248,-76.60791,1,1
21211,25956729,39.29687,-76.60552,1,1
21212,816628827,39.29722,-76.60594,1,1
21283,871950403,39.28199,-76.55463,1,1
21284,25959682,39.28147,-76.5546,1,1
21578,829259013,39.26454,-76.56521,0,0
21579,322676255,39.26373,-76.56671,0,0
21581,829259014,39.26405,-76.56575,0,0
21582,322676256,39.26358,-76.56667,0,0
21705,984145080,39.29081,-76.60723,1,1
21706,25956399,39.29068,-76.60752,1,1
21759,287994989,39.27395,-76.6033,1,1
21760,889141489,39.27411,-76.60356,1,1
21879,25956660,39.28541,-76.59752,1,1
21880,882014559,39.28542,-76.59722,1,1
21903,801259167,39.28755,-76.60427,0,0
22004,25962323,39.30014,-76.57601,1,1
22005,966293523,39.30016,-76.57563,1,1
22006,966293521,39.30019,-76.57505,1,1
22007,966293520,39.30017,-76.57534,1,1
22263,855191409,39.30213,-76.5825,1,1
22264,916284269,39.30235,-76.58251,1,1
22277,25965381,39.30252,-76.5728,1,1
22278,916284278,39.30271,-76.5728,1,1
22325,25961918,39.30428,-76.59475,1,1
22326,966292927,39.30536,-76.59468,1,1
22327,966292930,39.30483,-76.59455,1,1
22329,966292929,39.30482,-76.59478,1,1
22330,966292933,39.30615,-76.59486,1,1
22331,25961960,39.30582,-76.59484,1,1
22332,25961961,39.30591,-76.59461,1,1
22333,966292934,39.30616,-76.59463,1,1
22335,966292925,39.30428,-76.59463,1,1
22336,25961958,39.30535,-76.59481,1,1
22352,966292810,39.30237,-76.59439,1,1
22353,966292813,39.30273,-76.59441,1,1
22354,25961908,39.30186,-76.59436,1,1
22355,966292812,39.30272,-76.59466,1,1
22356,966292809,39.30235,-76.59464,1,1
22357,25961906,39.30186,-76.59461,1,1
22363,868797614,39.30008,-76.55403,1,1
22364,288003171,39.30004,-76.55505,1,1
22682,25961957,39.30748,-76.59495,1,1
22684,25961967,39.30748,-76.59471,1,1
23051,288029964,39.2917,-76.58987,1,1
23061,25956376,39.29392,-76.60986,1,1
23160,25957427,39.29388,-76.59471,1,1
23206,25957699,39.28619,-76.57794,1,1
23225,25958244,39.27937,-76.57536,1,1
23230,25956174,39.2879,-76.6067,0,0
23339,25955533,39.26708,-76.60969,1,1
23352,25958631,39.2803,-76.57254,1,1
23354,287573601,39.27616,-76.60616,1,1
23402,25958604,39.27743,-76.55615,1,1
23419,25956490,39.29783,-76.60788,1,1
23424,983960432,39.30438,-76.59169,1,1
23425,25961938,39.30435,-76.59259,1,1
23463,25961060,39.30027,-76.60022,1,1
23464,25960962,39.30389,-76.60502,1,1
23465,983960436,39.3039,-76.6048,1,1
23469,25958660,39.28645,-76.57152,1,1
23521,25965405,39.30726,-76.57301,1,1
23532,25958812,39.29923,-76.57283,1,1
23535,25959834,39.28843,-76.55381,0,0
23594,25962016,39.30067,-76.58972,1,1
23699,25956880,39.29491,-76.59991,1,1
23843,25955710,39.27284,-76.60836,1,1
23851,25960973,39.30149,-76.60353,1,1
23864,25956423,39.29316,-76.60818,1,1
24046,25956492,39.29885,-76.60892,1,1
24305,25960671,39.30477,-76.60939,1,1
24311,25962062,39.30766,-76.59014,1,1
24405,844670419,39.27192,-76.55251,1,1
24486,25957577,39.28319,-76.58458,1,1
24527,25961130,39.30524,-76.59732,1,1
24537,19464167,39.29513,-76.59851,1,1
24538,25958718,39.28756,-76.56907,1,1
24702,25958855,39.29488,-76.56961,1,1
24707,25956890,39.29693,-76.59996,1,1
24725,25961963,39.3069,-76.59466,1,1
24733,25962230,39.29993,-76.58166,1,1
24843,25958773,39.2924,-76.5719,1,1
24933,288002853,39.30519,-76.55686,1,1
25032,288020224,39.29439,-76.59973,1,1
25222,25958720,39.28856,-76.56914,1,1
25255,25959808,39.28713,-76.55497,1,1
25275,25958804,39.29577,-76.5713,1,1
25315,25958587,39.27311,-76.55586,1,1
25393,25962004,39.30655,-76.59115,1,1
25477,25957769,39.29881,-76.58299,1,1
25539,288003168,39.29992,-76.55812,1,1
25655,25961098,39.30618,-76.6006,1,1
25657,25956901,39.29517,-76.59739,1,1
25762,25961091,39.30421,-76.59658,1,1
25765,25957709,39.29187,-76.58514,1,1
25789,287574410,39.27121,-76.59961,1,1
25845,25962053,39.30606,-76.59004,1,1
25873,801795308,39.28728,-76.6044,0,0
25875,968569408,39.28751,-76.60454,0,0
26345,19464168,39.29515,-76.59792,1,1
26461,25959275,39.27895,-76.55444,1,1
26522,287978483,39.2912,-76.60453,1,1
26645,25960974,39.30178,-76.6035,1,1
26708,287995957,39.27754,-76.55278,1,1
26737,25960990,39.305,-76.60362,1,1
26906,25959684,39.28096,-76.55456,1,1
26922,862724411,39.29187,-76.55462,1,1
26923,816500503,39.29185,-76.55513,1,1
26936,25955534,39.26708,-76.60969,0,0
27147,25957775,39.29206,-76.58041,1,1
27191,25958901,39.28677,-76.56334,1,1
27308,25957363,39.28575,-76.59009,1,1
27379,25960994,39.30399,-76.60218,1,1
27399,25957555,39.29976,-76.58595,1,1
27423,25957532,39.29956,-76.59095,1,1
27505,890404211,39.28574,-76.6031,1,1
27519,25956887,39.29624,-76.59992,1,1
27589,25960683,39.30377,-76.6079,1,1
27602,816402655,39.29501,-76.60101,1,1
27603,25956777,39.29498,-76.60178,1,1
27755,25960690,39.3038,-76.60724,1,1
27801,25957538,39.2996,-76.58965,1,1
27861,25956392,39.29068,-76.60776,1,1
27910,25965404,39.30618,-76.57278,1,1
27986,25955788,39.26724,-76.60638,1,1
28024,25961039,39.30507,-76.60181,1,1
28030,288010855,39.26627,-76.60068,1,1
28045,25957381,39.28784,-76.58892,1,1
28097,25958653,39.28636,-76.57366,1,1
28137,287994128,39.28028,-76.57976,1,1
28173,25958242,39.279,-76.57534,1,1
28198,25956498,39.29895,-76.60658,1,1
28273,25958822,39.29132,-76.56933,1,1
28491,25957494,39.29416,-76.5893,1,1
28656,25958814,39.29925,-76.57226,1,1
28712,25960967,39.30014,-76.60365,1,1
28745,25961987,39.30542,-76.59249,1,1
28846,25956643,39.28533,-76.59918,1,1
28865,19463700,39.30044,-76.55252,1,1
28982,25957525,39.29533,-76.58939,1,1
29024,288009116,39.3001,-76.57183,1,1
29035,816500504,39.29123,-76.55559,1,1
29036,899118178,39.29145,-76.5556,1,1
29074,25957625,39.28594,-76.58431,1,1
29210,25956797,39.29931,-76.60372,1,1
29234,25956697,39.29116,-76.60468,1,1
29262,25961948,39.30532,-76.59524,1,1
29320,832252292,39.28786,-76.60792,0,0
29321,810338176,39.28785,-76.60814,0,0
29335,25955819,39.26724,-76.60362,0,0
29373,25965597,39.30691,-76.55924,1,1
29427,25966285,39.30017,-76.55345,1,1
29485,25956749,39.29895,-76.60622,1,1
29486,25955838,39.26632,-76.60123,1,1
29538,287994990,39.27476,-76.60464,1,1
29568,25956699,39.29453,-76.60634,1,1
29620,25958721,39.28938,-76.5692,1,1
29633,25956886,39.29496,-76.59891,1,1
29654,25959248,39.27201,-76.55252,1,1
29674,25958857,39.29722,-76.56973,1,1
29866,25956740,39.29651,-76.60506,1,1
30222,25962320,39.30012,-76.57672,1,1
30289,25959285,39.27753,-76.55295,1,1
30290,25957449,39.29523,-76.59592,1,1
30307,25959042,39.29984,-76.56041,1,1
30308,25957471,39.29944,-76.59419,1,1
30396,25957750,39.29869,-76.5859,1,1
30397,25965592,39.30438,-76.55543,1,1
30409,25958820,39.29084,-76.56929,1,1
30415,25957588,39.28199,-76.58263,1,1
30801,25958724,39.28662,-76.56715,1,1
30865,25961941,39.30336,-76.59119,1,1
30901,25956658,39.28538,-76.59828,1,1
30969,25956896,39.29924,-76.59921,1,1
31014,25962242,39.30472,-76.58338,1,1
31030,25957419,39.29359,-76.59588,1,1
31052,288002731,39.30655,-76.60063,1,1
31094,287225498,39.29978,-76.55811,1,1
31100,25958240,39.27829,-76.57532,1,1
31218,25956939,39.26543,-76.59283,0,0
31305,288009015,39.28659,-76.59364,1,1
31310,25960068,39.29362,-76.55281,0,0
31379,19464166,39.29512,-76.59879,1,1
31410,25958419,39.26512,-76.55864,1,1
31512,288020255,39.29492,-76.59976,1,1
31526,25956902,39.29503,-76.59696,1,1
31607,25961046,39.30717,-76.60236,1,1
31637,25958945,39.28085,-76.55769,1,1
31775,25958888,39.28079,-76.561,1,1
31894,287994131,39.28061,-76.5803,1,1
31902,25958897,39.2867,-76.56528,1,1
31928,25965368,39.30506,-76.57561,1,1
31985,25961919,39.30376,-76.59446,1,1
32003,25958425,39.266,-76.55862,1,1
32077,19463666,39.30101,-76.59431,1,1
32221,25957742,39.29551,-76.58422,1,1
32504,287993733,39.2657,-76.5535,1,1
32522,25961921,39.3043,-76.59387,1,1
32524,25956793,39.29803,-76.60299,1,1
32582,25959679,39.28092,-76.5553,1,1
32637,25958606,39.28034,-76.57542,1,1
32668,25962274,39.30582,-76.58273,1,1
32684,25956391,39.29068,-76.60804,1,1
32707,25957827,39.299,-76.57806,1,1
32723,25958423,39.26564,-76.55875,1,1
32735,322677211,39.29727,-76.59081,1,1
32829,25957554,39.29972,-76.58672,1,1
32840,25966290,39.30034,-76.55246,1,1
32932,287243139,39.30241,-76.55269,1,1
32949,25956655,39.28954,-76.59948,1,1
33041,25957414,39.29112,-76.59372,1,1
33072,25959304,39.27724,-76.55264,1,1
33091,25955901,39.27406,-76.60325,1,1
33160,25958690,39.2845,-76.56888,1,1
33161,25958131,39.26286,-76.56803,1,1
33340,25957393,39.28584,-76.58705,1,1
33361,288003167,39.29975,-76.55895,1,1
33445,25956882,39.29529,-76.59985,1,1
33679,25957828,39.29903,-76.57736,1,1
33824,25962222,39.30469,-76.58408,1,1
33839,322679973,39.28678,-76.6069,0,0
33855,25961901,39.29997,-76.59447,1,1
34048,25960989,39.30394,-76.60356,1,1
34105,322680015,39.28683,-76.60612,0,0
34116,25957764,39.29672,-76.58216,1,1
34162,25958421,39.26526,-76.55863,1,1
34205,25958817,39.29928,-76.57152,1,1
34251,25957799,39.29565,-76.58069,1,1
34273,25961109,39.30516,-76.59958,1,1
34287,25957546,39.29862,-76.58786,1,1
34347,25957548,39.29967,-76.58792,1,1
34378,25958713,39.28552,-76.56894,1,1
34408,25961090,39.30418,-76.59725,1,1
34450,25957771,39.29885,-76.5823,1,1
34457,25959025,39.2973,-76.5621,1,1
34479,25956761,39.29798,-76.60401,1,1
34501,25957768,39.29774,-76.58223,1,1
34590,25958612,39.2804,-76.57398,1,1
34595,25956485,39.29547,-76.60745,1,1
34682,25961903,39.301,-76.59454,1,1
34709,273136369,39.26685,-76.60081,0,0
34753,25961905,39.3014,-76.59456,1,1
34776,984037933,39.30482,-76.60793,1,1
34777,25960685,39.30481,-76.60818,1,1
34790,950159665,39.30474,-76.61006,1,1
34791,984037934,39.30475,-76.60979,1,1
34948,25958677,39.28197,-76.56873,1,1
34968,25958948,39.28092,-76.5554,1,1
35000,25956980,39.2643,-76.58933,0,0
35001,322676212,39.26423,-76.58932,0,0
35002,886218112,39.26506,-76.5917,0,0
35003,322676214,39.26416,-76.58933,0,0
35004,886218113,39.26499,-76.59174,0,0
35005,810279488,39.26427,-76.59005,0,0
35007,886218114,39.26489,-76.59178,0,0
35008,886218115,39.26479,-76.59184,0,0
35041,25958710,39.28651,-76.56995,1,1
35077,25957777,39.29211,-76.579,1,1
35088,25959226,39.27341,-76.55375,0,0
35106,25957761,39.29557,-76.5828,1,1
35153,25956757,39.29743,-76.60476,1,1
35154,876347961,39.29772,-76.60443,1,1
35212,25958300,39.27707,-76.5684,1,1
35218,25957478,39.2995,-76.59225,1,1
35319,25958277,39.27114,-76.56899,1,1
35379,25957817,39.29578,-76.57714,1,1
35601,25962334,39.30502,-76.57631,1,1
35658,25957370,39.2858,-76.58879,1,1
35696,273136372,39.26715,-76.60288,1,1
35980,25957479,39.29953,-76.59161,1,1
36006,19463665,39.29997,-76.59425,1,1
36008,25957506,39.29183,-76.58623,1,1
36035,288009033,39.29452,-76.59414,1,1
36294,25960691,39.30484,-76.60761,1,1
36297,25965375,39.30054,-76.57274,1,1
36305,19464170,39.29521,-76.59638,1,1
36313,25956486,39.29588,-76.60687,1,1
36323,287994054,39.27963,-76.57849,1,1
36337,25958935,39.28083,-76.55821,1,1
36341,25966292,39.30394,-76.55476,1,1
36441,25958890,39.28374,-76.56222,1,1
36485,25956166,39.28679,-76.60678,0,0
36694,827156648,39.26582,-76.56295,0,0
36695,322676287,39.2646,-76.56463,0,0
36706,25959307,39.27769,-76.55256,1,1
36728,25956891,39.29718,-76.59998,1,1
36729,954353716,39.29769,-76.60003,1,1
36731,954353717,39.29748,-76.60001,1,1
36740,25958798,39.29554,-76.57288,1,1
36752,25960723,39.30691,-76.60871,1,1
36757,25960067,39.29373,-76.55286,0,0
36810,25966291,39.30225,-76.55245,1,1
36839,25958832,39.29425,-76.56955,1,1
36882,25961946,39.30474,-76.59127,1,1
36916,25958793,39.29915,-76.57451,1,1
36943,25956747,39.29787,-76.6063,1,1
36946,25957672,39.27999,-76.57681,1,1
36997,25961062,39.30163,-76.60031,1,1
37062,288009090,39.30407,-76.59987,1,1
37065,25958656,39.28639,-76.57294,1,1
37090,25957389,39.28464,-76.58698,1,1
37093,25956814,39.29022,-76.5996,1,1
37115,288020225,39.29394,-76.5997,1,1
37135,287994057,39.28717,-76.5541,1,1
37137,876350629,39.28739,-76.55411,1,1
37143,25961916,39.30358,-76.59471,1,1
37354,25958925,39.28879,-76.56254,1,1
37421,19463667,39.30665,-76.59465,1,1
37667,25955715,39.27288,-76.6075,1,1
37858,25957573,39.28347,-76.58506,1,1
37873,287231054,39.2732,-76.55366,0,0
38003,25965403,39.30618,-76.57298,1,1
38054,25958617,39.28221,-76.57554,1,1
38242,19464169,39.29519,-76.59697,1,1
38250,25958565,39.27163,-76.55577,1,1
38301,25960676,39.30183,-76.60736,1,1
38365,25956489,39.29781,-76.60887,1,1
38408,25956883,39.29552,-76.59987,1,1
38431,25956910,39.29927,-76.59841,1,1
38530,25958774,39.29243,-76.57087,1,1
38592,25957751,39.29872,-76.58512,1,1
38643,25965378,39.30028,-76.57234,1,1
38736,25958657,39.28643,-76.57223,1,1
38884,25962240,39.30369,-76.58261,1,1
38942,25956686,39.29071,-76.60638,0,0
39076,25961026,39.30503,-76.60292,1,1
39231,273136373,39.26715,-76.60288,0,0
39243,25956644,39.28634,-76.59924,1,1
39249,25959274,39.27751,-76.55434,1,1
39394,25957821,39.29581,-76.57643,1,1
39492,25962009,39.3076,-76.59145,1,1
39520,25960051,39.29189,-76.55383,0,0
39525,25957730,39.29203,-76.58118,1,1
39586,25957571,39.28393,-76.58577,1,1
39682,984152899,39.28781,-76.60443,0,0
39691,882014454,39.28767,-76.60434,0,0
39737,25956881,39.29507,-76.59983,1,1
39751,25957526,39.29535,-76.5885,1,1
39818,25956576,39.28573,-76.60337,1,1
39901,25955717,39.2729,-76.6067,1,1
39906,25961907,39.3014,-76.59434,1,1
40088,25959160,39.2717,-76.55402,1,1
40117,288002854,39.30528,-76.55678,1,1
40239,25957831,39.29906,-76.57665,1,1
40301,25957651,39.27989,-76.57824,1,1
40308,25956927,39.26542,-76.59416,0,0
40384,25956415,39.29254,-76.60867,0,0
40443,25956145,39.28668,-76.60928,0,0
40560,25959157,39.27168,-76.55473,1,1
40656,25956702,39.29476,-76.60541,1,1
40718,25957488,39.29277,-76.59054,1,1
40833,25962243,39.30475,-76.58266,1,1
40918,888521108,39.28688,-76.60528,0,0
40919,832285158,39.28687,-76.60549,0,0
40940,25961902,39.30049,-76.59451,1,1
41012,25958359,39.26644,-76.56267,0,0
41027,25957376,39.28778,-76.5902,1,1
41041,25957301,39.28563,-76.59237,1,1
41257,19464165,39.29504,-76.60034,1,1
41418,25958742,39.29224,-76.57548,1,1
41482,25958828,39.29249,-76.56941,1,1
41500,25958568,39.27166,-76.55519,1,1
41538,25957380,39.2872,-76.58888,1,1
41665,25960674,39.29998,-76.60686,1,1
41733,25961913,39.30426,-76.59517,1,1
41735,25959806,39.28505,-76.55483,1,1
41752,25962277,39.30741,-76.58282,1,1
41780,25961068,39.30406,-76.60046,1,1
41781,983952516,39.30406,-76.60037,1,1
41794,25956436,39.29396,-76.60711,1,1
42021,25958916,39.28685,-76.56243,1,1
42056,816400009,39.29615,-76.60523,1,1
42057,25956727,39.29575,-76.60545,1,1
42058,816400008,39.29866,-76.60393,1,1
42063,25962232,39.29995,-76.58095,1,1
42085,25957409,39.29037,-76.59368,1,1
42092,25956796,39.29905,-76.60373,1,1
42106,25957303,39.28569,-76.5914,1,1
42174,25958800,39.29566,-76.57205,1,1
42254,25962225,39.30095,-76.58243,1,1
42350,25958714,39.28623,-76.56899,1,1
42362,25956817,39.29182,-76.59971,1,1
42473,25962310,39.30489,-76.57983,1,1
42517,25956869,39.29489,-76.6006,1,1
42596,25958860,39.29954,-76.57005,1,1
42658,25958360,39.2662,-76.56247,0,0
42695,25960965,39.30392,-76.60428,1,1
42701,287990687,39.26893,-76.56883,1,1
42717,287994139,39.27952,-76.57859,1,1
42780,25958137,39.26342,-76.56847,1,1
42843,25956493,39.29888,-76.60796,1,1
42863,25956665,39.28544,-76.59675,1,1
42920,25961033,39.30505,-76.60222,1,1
43096,25957365,39.28675,-76.59012,1,1
43133,25956638,39.28525,-76.60117,1,1
43187,25957669,39.28026,-76.57733,1,1
43193,25957529,39.2974,-76.59082,1,1
43224,25957778,39.29214,-76.57829,1,1
43297,288018357,39.27712,-76.56465,1,1
43375,984036199,39.28666,-76.60983,0,0
43376,25956143,39.28666,-76.61,0,0
43398,19463275,39.28842,-76.55371,0,0
43449,25957691,39.28608,-76.58077,1,1
43456,25965372,39.30021,-76.57271,1,1
43492,25956760,39.29798,-76.60421,1,1
43493,25960684,39.30426,-76.60803,1,1
43628,25965380,39.30183,-76.57275,1,1
43862,25958818,39.29931,-76.57078,1,1
44299,984059351,39.26602,-76.59765,1,1
44334,896695295,39.27997,-76.57718,1,1
44349,983794616,39.28623,-76.59362,1,1
44350,322677990,39.286,-76.59361,1,1
44415,984225343,39.28257,-76.56214,1,1
44416,25958886,39.28174,-76.5621,1,1
45408,816915594,39.29927,-76.55591,1,1
45669,984055479,39.30147,-76.60727,1,1
45670,25960675,39.30135,-76.60724,1,1
45868,984041807,39.30771,-76.56057,1,1
45869,25965594,39.30725,-76.55993,1,1
45886,25958688,39.28349,-76.56882,1,1
45887,984041801,39.28387,-76.56884,1,1
45890,984041803,39.29538,-76.58758,1,1
45891,25957540,39.29538,-76.58764,1,1
45963,983791382,39.29834,-76.59439,1,1
46372,984057065,39.30384,-76.60635,1,1
46373,25960693,39.30383,-76.60652,1,1
47044,984223607,39.28691,-76.58886,1,1
47045,25957374,39.2868,-76.58885,1,1
47307,916220024,39.28719,-76.55371,1,1
47308,816500487,39.28718,-76.55382,1,1
47310,916220021,39.28719,-76.55371,0,0
47311,916220020,39.28277,-76.55346,0,0
47312,25959708,39.28119,-76.55339,0,0
47504,322677229,39.2984,-76.59389,1,1
47506,954365734,39.29841,-76.59358,1,1
48078,984054442,39.27656,-76.60636,1,1
48079,287994999,39.27616,-76.60633,1,1
48947,983867875,39.29576,-76.5779,1,1
48948,25957804,39.29573,-76.57855,1,1
48972,25958367,39.26671,-76.56184,0,0
49257,840346703,39.2684,-76.56091,1,1
49781,25956114,39.2807,-76.60987,1,1
49782,983965281,39.2807,-76.60979,1,1
49803,983965284,39.29516,-76.60786,1,1
49804,25956481,39.29488,-76.60822,1,1
50024,983965124,39.29895,-76.57918,1,1
50025,25957812,39.29894,-76.57947,1,1
50029,983965123,39.29546,-76.57347,1,1
50033,25958787,39.29545,-76.57354,1,1
50036,983965122,39.29577,-76.57751,1,1
50037,25957815,39.29576,-76.57783,1,1
50322,19463668,39.30689,-76.59491,1,1
50429,25958856,39.29598,-76.56965,1,1
50446,25959225,39.27341,-76.55375,0,0
50447,25959230,39.27349,-76.55385,0,0
50602,25961066,39.303,-76.60039,1,1
50614,25962305,39.30003,-76.57883,1,1
50779,25958824,39.29018,-76.56925,1,1
50815,25958823,39.29189,-76.56937,1,1
50816,25956894,39.29919,-76.60016,1,1
50908,19464172,39.29528,-76.59476,1,1
50945,288003165,39.29967,-76.5612,1,1
50980,25962244,39.30479,-76.58217,1,1
51042,25965364,39.3002,-76.5748,1,1
51072,25957367,39.28578,-76.58943,1,1
51308,25957482,39.29166,-76.59046,1,1
51310,983779652,39.29194,-76.59048,1,1
51433,25965391,39.30511,-76.57419,1,1
51439,25956437,39.29472,-76.60661,1,1
51595,848136006,39.26475,-76.60641,1,1
51596,984229718,39.26524,-76.6064,1,1
51639,25962219,39.30467,-76.58478,1,1
51658,288009017,39.28922,-76.59379,1,1
51663,25957448,39.29506,-76.596,1,1
51775,25956684,39.28995,-76.60578,0,0
51797,25957499,39.29178,-76.58742,1,1
51833,25955708,39.27283,-76.60876,1,1
51884,25958404,39.26485,-76.55971,1,1
51937,25961095,39.30511,-76.60054,1,1
52096,25958980,39.28704,-76.55657,1,1
52112,25958889,39.28273,-76.56215,1,1
52170,25962003,39.30637,-76.59138,1,1
52233,25958852,39.29264,-76.56562,1,1
52240,25957770,39.29987,-76.58307,1,1
52284,25955965,39.27301,-76.60065,1,1
52411,25957490,39.29351,-76.59059,1,1
52446,25961083,39.30413,-76.59874,1,1
52471,25956495,39.29786,-76.60667,1,1
52483,25960987,39.30291,-76.60267,1,1
52500,288003159,39.29952,-76.56486,1,1
52599,983936739,39.27711,-76.56694,1,1
52600,25958305,39.27709,-76.56746,1,1
52630,25965387,39.30507,-76.57491,1,1
52749,984229571,39.2668,-76.60798,1,1
52821,983852371,39.28791,-76.56249,1,1
52824,25958924,39.28781,-76.56248,1,1
52846,25958413,39.26506,-76.5589,1,1
52852,287994153,39.27817,-76.57532,1,1
53109,25957549,39.29864,-76.58725,1,1
53151,25958915,39.28577,-76.56236,1,1
53158,25958687,39.28297,-76.56878,1,1
53182,25957297,39.28659,-76.59344,1,1
53263,25957773,39.29888,-76.5816,1,1
53271,25957502,39.29181,-76.58685,1,1
53377,25961070,39.30409,-76.59952,1,1
53406,25955971,39.27281,-76.60006,1,1
53497,25957272,39.2855,-76.59535,1,1
53533,25955843,39.26645,-76.59965,1,1
53550,288009016,39.28762,-76.59371,1,1
53582,25958637,39.28035,-76.57113,1,1
53750,954271476,39.29493,-76.60572,1,1
53776,25956724,39.29505,-76.60585,1,1
53804,25957461,39.29937,-76.59584,1,1
53817,25960695,39.30489,-76.60658,1,1
53963,25957539,39.29964,-76.58875,1,1
54029,25958167,39.26285,-76.56695,1,1
54094,25956639,39.28528,-76.60035,1,1
54449,25957467,39.29836,-76.59482,1,1
54515,19463674,39.30431,-76.55552,1,1
54542,25958302,39.27843,-76.56848,1,1
54555,25956683,39.28989,-76.60605,0,0
54568,25957486,39.29133,-76.58915,1,1
54614,25958984,39.28708,-76.55578,1,1
54631,25957295,39.28561,-76.59285,1,1
54649,25958870,39.29647,-76.56654,1,1
54706,25955797,39.26687,-76.60564,1,1
54764,25956580,39.2864,-76.6035,1,1
54772,25958607,39.28006,-76.57469,1,1
54851,25956728,39.29637,-76.60618,1,1
54905,25956548,39.28686,-76.60559,0,0
54979,25960687,39.30292,-76.60766,1,1
55007,25957503,39.29182,-76.58652,1,1
55039,25958670,39.28038,-76.57035,1,1
55096,25955804,39.26727,-76.60425,0,0
55143,25956161,39.2867,-76.60872,0,0
55148,25960692,39.30486,-76.60728,1,1
55156,25957485,39.29056,-76.58911,1,1
55194,890199707,39.3043,-76.58994,1,1
55195,25962021,39.30342,-76.5899,1,1
55196,890199706,39.30463,-76.58996,1,1
55198,890199705,39.30446,-76.59014,1,1
55199,25961945,39.3044,-76.59125,1,1
55261,25958811,39.29921,-76.5731,1,1
55382,25962218,39.30464,-76.5855,1,1
55673,25958785,39.29554,-76.57398,1,1
55690,25957378,39.28939,-76.59032,1,1
55691,983780528,39.28968,-76.59034,1,1
55797,25956854,39.2934,-76.59657,1,1
55827,25956889,39.29671,-76.59994,1,1
55848,288029537,39.28563,-76.59243,1,1
55924,19462826,39.27901,-76.55334,0,0
56001,25965595,39.30733,-76.55986,1,1
56217,288019974,39.29074,-76.59949,1,1
56331,25956700,39.29474,-76.60607,1,1
56430,25957727,39.29194,-76.5833,1,1
56550,25965596,39.30682,-76.5593,1,1
56643,25957702,39.28526,-76.57574,1,1
56668,25956799,39.29911,-76.60276,1,1
56682,25958689,39.28399,-76.56885,1,1
56730,25956720,39.29202,-76.60159,1,1
56742,25959066,39.29183,-76.55561,1,1
56743,816500502,39.2918,-76.55626,1,1
56746,25959058,39.29032,-76.55526,1,1
56747,816500505,39.29107,-76.55558,1,1
56759,813603251,39.29535,-76.59273,1,1
56760,25957521,39.2953,-76.59068,1,1
56789,25958946,39.28086,-76.55726,1,1
56790,816500496,39.28087,-76.55672,1,1
56796,816500498,39.27708,-76.56806,1,1
56798,25958292,39.27708,-76.56936,1,1
56799,816500497,39.27709,-76.5702,1,1
56818,25959833,39.2872,-76.55362,1,1
56820,816500486,39.28773,-76.55413,1,1
56821,816500485,39.28796,-76.55499,1,1
56833,816500488,39.28722,-76.55329,1,1
56834,25959835,39.28723,-76.55297,1,1
56835,816500489,39.28724,-76.55261,1,1
56866,25955546,39.26677,-76.60715,1,1
56871,816500490,39.27829,-76.57588,1,1
56872,25958246,39.27795,-76.57384,1,1
56874,816500491,39.27812,-76.57459,1,1
56928,25956915,39.29936,-76.59629,1,1
56944,25965373,39.30029,-76.57272,1,1
57150,25957553,39.29866,-76.58665,1,1
57240,25957483,39.2917,-76.58981,1,1
57241,983849896,39.29172,-76.58938,1,1
57242,828376838,39.26618,-76.56301,0,0
57243,273134621,39.26526,-76.56424,0,0
57254,984227960,39.29799,-76.59437,1,1
57255,966291515,39.29736,-76.59432,1,1
57256,984227959,39.28549,-76.60294,1,1
57549,984088982,39.28412,-76.57567,1,1
57552,25958618,39.28324,-76.57561,1,1
57618,273125816,39.29042,-76.60614,0,0
58002,25961102,39.30691,-76.60073,1,1
58003,984088399,39.30711,-76.60072,1,1
58286,816720736,39.2919,-76.60203,1,1
58287,816720737,39.29238,-76.60021,1,1
58288,816500506,39.29217,-76.601,1,1
58289,816720738,39.29267,-76.59918,1,1
58385,322679954,39.28672,-76.60817,0,0
58386,832282901,39.28675,-76.60749,0,0
58846,25955908,39.27535,-76.60532,1,1
58847,848134813,39.2754,-76.60541,1,1
58848,287994987,39.27521,-76.60538,1,1
58849,848134814,39.27598,-76.60632,1,1
59935,896751356,39.27765,-76.57301,1,1
59936,287994155,39.27751,-76.57237,1,1
59937,896751357,39.27776,-76.57296,1,1
59947,25959288,39.27899,-76.55323,0,0
59948,848134530,39.28035,-76.55298,1,1
60390,25958697,39.28052,-76.56675,1,1
60391,983927113,39.28057,-76.56562,1,1
60392,983927112,39.28069,-76.56276,1,1
60393,287993880,39.28062,-76.56465,1,1
60396,895747869,39.28122,-76.58132,1,1
60398,983927115,39.28178,-76.58219,1,1
60400,287994152,39.27848,-76.57671,1,1
60401,983927111,39.27857,-76.57698,1,1
60685,25959705,39.281,-76.55361,1,1
60686,916233863,39.29189,-76.55383,1,1
60687,25960045,39.29189,-76.55394,1,1
60688,916233861,39.28101,-76.55339,0,0
60689,25959694,39.27966,-76.55335,0,0
60711,25958960,39.28716,-76.55802,1,1
60712,916233867,39.2873,-76.55861,1,1
60735,848134129,39.28075,-76.60787,1,1
60783,848134149,39.29464,-76.60956,1,1
60985,25960053,39.29189,-76.55371,0,0
60986,25960046,39.29189,-76.55394,1,1
60991,848134245,39.29143,-76.55405,1,1
61701,25956961,39.26408,-76.58939,0,0
62375,875026981,39.2726,-76.55436,0,0
62376,875026983,39.27393,-76.5541,1,1
62377,25959229,39.27349,-76.55385,1,1
62379,851636476,39.2713,-76.556,0,0
62381,875026978,39.27831,-76.55332,0,0
62382,875026977,39.27831,-76.55321,0,0
62386,287993067,39.2721,-76.55231,1,1
62387,875026991,39.27293,-76.55317,1,1
62388,25959171,39.27211,-76.55483,0,0
62389,25959169,39.27212,-76.55469,0,0
62392,875026990,39.27299,-76.55361,1,1
62393,844670418,39.27286,-76.55368,1,1
62394,875026989,39.27319,-76.55406,0,0
62395,875026988,39.2732,-76.55398,0,0
62396,875026982,39.27273,-76.55458,0,0
62397,875026987,39.27313,-76.55392,0,0
62398,875026986,39.27308,-76.55382,0,0
62517,25956560,39.28794,-76.60593,0,0
62955,949702453,39.29831,-76.59605,1,1
62956,25956906,39.29824,-76.59759,1,1
62971,25966326,39.30225,-76.55223,1,1
63025,25957653,39.28023,-76.57824,1,1
63280,25956115,39.2798,-76.60642,1,1
63393,25958947,39.28088,-76.55641,1,1
63412,25957288,39.28763,-76.59352,1,1
63450,25961936,39.3043,-76.5936,1,1
63476,25956900,39.29502,-76.59738,1,1
63521,25956711,39.29163,-76.60302,1,1
63525,817557010,39.29923,-76.56986,1,1
63527,813242120,39.29885,-76.56983,1,1
63562,25958418,39.26519,-76.55871,1,1
63592,25957758,39.29878,-76.5837,1,1
63690,25962001,39.30551,-76.59132,1,1
63705,288019972,39.29021,-76.59945,1,1
64002,25959832,39.2872,-76.55362,0,0
64054,25956401,39.29068,-76.60675,0,0
64160,25958885,39.28072,-76.56203,1,1
64182,25956855,39.2935,-76.5962,1,1
64190,25957292,39.28923,-76.59362,1,1
64271,25955903,39.27206,-76.6025,1,1
64377,25957707,39.29184,-76.5858,1,1
64449,25962043,39.30453,-76.5882,1,1
64487,25958514,39.2772,-76.56181,1,1
64650,288009034,39.29451,-76.59391,1,1
64687,25958675,39.28045,-76.56862,1,1
64783,25956408,39.29134,-76.60695,0,0
64855,25962055,39.30658,-76.59008,1,1
64972,25958621,39.28423,-76.57568,1,1
65209,287993938,39.26678,-76.60597,1,1
65226,949702181,39.29945,-76.5937,1,1
65233,25957210,39.2786,-76.57672,1,1
65306,25956585,39.28523,-76.60165,1,1
65423,25957385,39.28581,-76.58782,1,1
65615,25959688,39.28098,-76.554,1,1
65624,25956756,39.29794,-76.60503,1,1
65668,25958715,39.28655,-76.56901,1,1
65729,25957788,39.29217,-76.57758,1,1
65768,25957728,39.29196,-76.58261,1,1
65769,25957492,39.29414,-76.58991,1,1
65874,25955803,39.26727,-76.60425,1,1
65881,25957271,39.28547,-76.59605,1,1
65964,336679346,39.27733,-76.56182,1,1
65987,25959017,39.29667,-76.56521,1,1
66244,25957487,39.29173,-76.58917,1,1
66334,25962316,39.30009,-76.57742,1,1
66458,25962304,39.3,-76.57954,1,1
66626,25956557,39.28699,-76.60422,0,0
66690,825623610,39.30582,-76.60843,1,1
66699,25959219,39.27318,-76.55344,1,1
66862,25962247,39.30483,-76.58124,1,1
66885,25958605,39.28004,-76.5754,1,1
66977,825623780,39.30635,-76.59464,1,1
67024,25965406,39.30726,-76.5728,1,1
67048,25956884,39.29575,-76.59989,1,1
67178,25956822,39.29438,-76.59987,1,1
67189,25959210,39.27271,-76.55375,1,1
67210,25956803,39.29805,-76.60255,1,1
67213,25957675,39.2803,-76.57614,1,1
67215,984080890,39.28034,-76.57553,1,1
67314,25956496,39.2989,-76.60739,1,1
67332,25957477,39.29846,-76.59217,1,1
67333,949703144,39.29849,-76.59156,1,1
67334,949703140,39.29843,-76.59301,1,1
67335,949703141,39.29844,-76.59266,1,1
67339,25965402,39.30512,-76.57276,1,1
67453,25958427,39.26548,-76.55835,1,1
67462,336677398,39.30446,-76.59367,1,1
67475,287995000,39.27921,-76.6065,1,1
67512,849331035,39.26554,-76.55349,1,1
67513,287993736,39.26326,-76.55332,1,1
67597,25960682,39.30374,-76.60853,1,1
67610,25956843,39.29279,-76.59877,1,1
67717,25957700,39.28621,-76.57721,1,1
67788,25958671,39.28041,-76.56958,1,1
67794,25962056,39.30711,-76.59011,1,1
67848,273136368,39.26685,-76.60081,1,1
67879,288003166,39.29989,-76.55896,1,1
68089,25956732,39.29479,-76.60475,1,1
68099,25956412,39.29236,-76.60878,1,1
68101,816630637,39.2933,-76.60963,1,1
68105,825624114,39.29254,-76.60867,1,1
68365,25958613,39.28012,-76.57324,1,1
68408,25965367,39.30023,-76.57388,1,1
68466,810392931,39.26663,-76.60086,0,0
68625,25957527,39.29644,-76.58948,1,1
68632,25961988,39.30557,-76.59232,1,1
68943,25959010,39.29163,-76.56084,1,1
69028,25958362,39.26649,-76.56211,0,0
69252,25961038,39.30611,-76.60227,1,1
69419,25957476,39.29946,-76.5933,1,1
69454,25957537,39.29859,-76.58868,1,1
69459,25957774,39.2989,-76.58089,1,1
69626,25958849,39.29259,-76.56679,1,1
69705,288009071,39.28978,-76.58904,1,1
69718,25955807,39.26726,-76.60393,1,1
69730,25955695,39.27278,-76.61002,1,1
69781,25957578,39.28276,-76.58389,1,1
69790,848136127,39.27107,-76.5997,1,1
69858,25959018,39.2967,-76.56503,1,1
69859,25959227,39.27328,-76.55358,1,1
69885,25958172,39.26387,-76.5667,0,0
69940,848136172,39.29931,-76.59442,1,1
69976,287996512,39.29177,-76.56936,1,1
70004,25957800,39.29568,-76.57997,1,1
70171,25962052,39.30553,-76.59002,1,1
70245,25957695,39.28613,-76.57935,1,1
70248,25958652,39.28633,-76.57437,1,1
70303,25956905,39.29821,-76.59837,1,1
70328,25956685,39.29032,-76.60641,0,0
70360,25960993,39.30364,-76.60227,1,1
70375,287630252,39.27321,-76.55348,1,1
70389,25957832,39.29909,-76.57594,1,1
70555,25957673,39.28028,-76.57683,1,1
70610,25957737,39.29546,-76.58568,1,1
70649,25956710,39.29143,-76.60371,1,1
70690,25966287,39.3001,-76.55331,1,1
70734,288003160,39.29966,-76.56486,1,1
70887,25958744,39.29228,-76.57476,1,1
71115,288003170,39.29985,-76.55674,1,1
71203,25961933,39.30199,-76.59111,1,1
71254,25962057,39.30741,-76.59012,1,1
71261,25957610,39.28588,-76.58585,1,1
71519,25958661,39.28648,-76.57074,1,1
71549,25960968,39.30064,-76.60361,1,1
71673,25956816,39.29136,-76.59968,1,1
71774,25957809,39.29893,-76.58019,1,1
71817,336677793,39.2775,-76.55454,1,1
71941,25960670,39.30371,-76.60927,1,1
72042,26989231,39.2808,-76.55921,1,1
72104,25960095,39.29985,-76.55434,1,1
72229,25958847,39.29256,-76.56753,1,1
72308,25959021,39.2996,-76.56327,1,1
72367,25957643,39.28605,-76.58144,1,1
72458,25958186,39.26347,-76.56663,0,0
72555,25958184,39.26339,-76.56659,1,1
72557,25957542,39.2954,-76.58708,1,1
72717,25957475,39.29523,-76.59124,1,1
72744,25955878,39.27294,-76.60588,1,1
72792,25958791,39.29912,-76.57523,1,1
73007,273136371,39.26702,-76.60193,0,0
73152,25962064,39.30767,-76.5898,1,1
73298,848136059,39.29138,-76.60907,1,1
73429,25955888,39.27261,-76.60406,1,1
73431,25957762,39.29559,-76.58211,1,1
73556,25958483,39.26685,-76.55546,1,1
73581,25955515,39.26319,-76.60762,1,1
73619,849893000,39.29961,-76.56301,1,1
73630,287994156,39.2772,-76.5709,1,1
73751,25966295,39.30317,-76.55361,1,1
73752,983943297,39.30352,-76.55413,1,1
73829,25959023,39.29975,-76.56296,1,1
73869,25958854,39.29587,-76.57056,1,1
73870,25957710,39.29189,-76.58471,1,1
74057,288028506,39.28805,-76.55465,1,1
74071,25957703,39.28624,-76.57651,1,1
74196,25956653,39.28872,-76.59942,1,1
74257,848135819,39.27219,-76.55459,1,1
74326,25962313,39.30494,-76.57841,1,1
74466,848135768,39.27389,-76.6032,1,1
74596,25955964,39.27236,-76.60103,1,1
74606,25957481,39.29051,-76.59038,1,1
74614,25957760,39.29984,-76.58377,1,1
74665,25957361,39.28572,-76.5907,1,1
74753,25957522,39.29531,-76.59002,1,1
74836,25955789,39.26724,-76.60638,0,0
74853,25957493,39.29286,-76.58923,1,1
74927,25956746,39.29747,-76.60618,1,1
74961,25955970,39.27235,-76.59952,1,1
74963,848135664,39.27275,-76.59996,1,1
74981,25957614,39.28591,-76.58505,1,1
75143,25957776,39.29208,-76.57971,1,1
75214,25956424,39.2933,-76.60801,1,1
75235,25959711,39.28102,-76.55299,1,1
75258,25957668,39.28025,-76.57781,1,1
75283,25956776,39.29484,-76.60178,1,1
75324,25957415,39.29152,-76.59374,1,1
75336,336677829,39.28599,-76.5888,1,1
75370,25956821,39.29394,-76.59984,1,1
75432,984159737,39.28959,-76.55406,1,1
75456,25956411,39.29224,-76.60884,1,1
75463,19463675,39.30383,-76.55482,1,1
75500,895748546,39.27337,-76.60183,1,1
75505,895748542,39.27346,-76.60179,1,1
75507,25955906,39.27338,-76.60169,1,1
75531,25957491,39.2941,-76.59061,1,1
75613,322676317,39.26598,-76.59564,0,0
75741,25957743,39.29554,-76.58352,1,1
75830,25958866,39.29629,-76.56778,1,1
75873,25958712,39.28501,-76.56891,1,1
75933,25960686,39.30272,-76.60761,1,1
76018,25962051,39.30552,-76.59065,1,1
76211,25961124,39.30522,-76.59803,1,1
76345,895748790,39.27999,-76.57923,1,1
76349,895748789,39.27989,-76.57929,1,1
76391,25958259,39.27732,-76.57091,1,1
76545,25962314,39.30005,-76.57812,1,1
76624,25957383,39.28944,-76.58901,1,1
76841,25955900,39.27431,-76.60365,1,1
76844,25958243,39.27917,-76.57535,1,1
76960,25957792,39.29221,-76.57618,1,1
77006,288003169,39.29997,-76.55674,1,1
77211,966361783,39.29833,-76.60386,1,1
77212,966361782,39.29834,-76.60406,1,1
77214,25956753,39.299,-76.60517,1,1
77215,966361780,39.29901,-76.60496,1,1
77248,25956893,39.29815,-76.60007,1,1
77249,966361775,39.29883,-76.60013,1,1
77250,25956805,39.29807,-76.60189,1,1
77251,966361774,39.29809,-76.60152,1,1
77253,966361777,39.29918,-76.60049,1,1
77255,25956806,39.29914,-76.60192,1,1
77256,966361776,39.29918,-76.60075,1,1
77408,25958539,39.27086,-76.557,0,0
77410,1074982123,39.27121,-76.55655,0,0
77415,1074968784,39.26962,-76.55718,0,0
77416,1074982121,39.27028,-76.55648,0,0
77417,25958540,39.27059,-76.55689,0,0
77418,1074982122,39.27089,-76.55653,0,0
77424,1074982120,39.27015,-76.55648,0,0
77425,1074968785,39.26953,-76.55713,0,0
77438,25960681,39.30371,-76.60899,1,1
77469,288019969,39.29184,-76.59957,1,1
77543,25957543,39.29542,-76.58645,1,1
77578,25955828,39.26676,-76.60179,0,0
77602,25959022,39.29973,-76.56328,1,1
77637,25958182,39.26302,-76.56642,1,1
77944,25958636,39.28032,-76.57185,1,1
77980,336677781,39.29158,-76.56236,1,1
77992,25957729,39.292,-76.58189,1,1
77993,895747705,39.292,-76.58178,1,1
78245,25958729,39.28666,-76.5664,1,1
78247,25955808,39.26726,-76.60393,0,0
78276,287587711,39.2872,-76.59931,1,1
78304,25958874,39.29957,-76.56722,1,1
78379,25957534,39.29746,-76.58955,1,1
78392,322676312,39.266,-76.5962,0,0
78416,925719024,39.26765,-76.60063,1,1
78529,322677989,39.286,-76.59341,1,1
78554,25956581,39.28579,-76.60313,1,1
78575,25961917,39.30323,-76.59443,1,1
78617,25958753,39.2923,-76.57404,1,1
78702,848249847,39.27364,-76.60234,1,1
78738,25960669,39.30369,-76.60965,1,1
78780,25956885,39.29607,-76.59991,1,1
78858,287994129,39.28118,-76.58125,1,1
78859,287994133,39.28113,-76.58131,1,1
78860,895747867,39.28117,-76.58138,1,1
78864,25956410,39.29184,-76.60703,1,1
78903,288009073,39.29378,-76.58928,1,1
78923,25961034,39.30534,-76.60224,1,1
78971,25958608,39.28037,-76.57471,1,1
78972,984085835,39.28039,-76.57413,1,1
79036,25958914,39.28476,-76.5623,1,1
79189,25959162,39.27172,-76.55289,1,1
79203,25957550,39.2997,-76.58732,1,1
79247,25962224,39.29989,-76.58237,1,1
79268,25958676,39.28146,-76.5687,1,1
79269,984085956,39.28586,-76.58634,1,1
79270,25957395,39.28585,-76.58649,1,1
79334,25958566,39.27164,-76.55555,1,1
79436,287995001,39.27922,-76.60638,1,1
79501,25960964,39.30494,-76.60511,1,1
79502,984086679,39.30495,-76.60478,1,1
79529,25960966,39.30497,-76.60436,1,1
79530,984086682,39.30499,-76.60383,1,1
79538,25957704,39.28627,-76.57579,1,1
79549,25960960,39.30491,-76.60588,1,1
79580,25956766,39.29903,-76.60446,1,1
79591,25956895,39.29818,-76.59914,1,1
79617,25958831,39.29358,-76.56948,1,1
79717,25956898,39.29501,-76.59768,1,1
79726,25957373,39.28622,-76.58882,1,1
79813,25961113,39.30519,-76.59882,1,1
80029,25959724,39.28404,-76.55477,1,1
80128,25958609,39.2812,-76.57549,1,1
80155,25960991,39.30396,-76.60285,1,1
80226,25958632,39.28038,-76.57255,1,1
80327,273136370,39.26702,-76.60193,1,1
80690,25958797,39.29918,-76.5738,1,1
80730,984084975,39.29134,-76.56271,1,1
80731,25959002,39.29043,-76.56264,1,1
80766,25957790,39.29219,-76.5769,1,1
80851,288009018,39.29035,-76.59387,1,1
80901,25958873,39.29944,-76.56722,1,1
80914,287993853,39.26414,-76.56229,1,1
80945,25957696,39.28616,-76.57864,1,1
80962,25956583,39.28523,-76.60174,1,1
80983,25957757,39.29981,-76.58447,1,1
81085,25962276,39.30688,-76.58279,1,1
81090,25957738,39.29548,-76.58492,1,1
81101,25962297,39.29997,-76.58025,1,1
81172,287994135,39.28023,-76.57982,1,1
81215,287994988,39.27422,-76.60375,1,1
81239,19463726,39.30303,-76.55361,1,1
81264,25961105,39.30724,-76.60072,1,1
81293,25957735,39.29439,-76.58204,1,1
81330,25961067,39.30403,-76.60127,1,1
81346,25955839,39.26629,-76.60095,1,1
81645,25956923,39.26602,-76.59668,0,0
81665,25962273,39.30527,-76.58269,1,1
81708,25957454,39.29512,-76.59479,1,1
81714,25958978,39.28702,-76.5573,1,1
81823,25958692,39.28048,-76.56768,1,1
81858,25956654,39.28901,-76.59944,1,1
81887,25962049,39.30458,-76.58704,1,1
81947,287996098,39.27377,-76.60269,1,1
81988,25957640,39.28602,-76.5822,1,1
81991,876550323,39.28605,-76.58155,1,1
81995,25957692,39.2861,-76.58004,1,1
81998,876550330,39.2861,-76.57994,1,1
82120,25957627,39.28597,-76.58363,1,1
82121,876550279,39.286,-76.58299,1,1
82129,876550288,39.29194,-76.58339,1,1
82130,25957712,39.29191,-76.58402,1,1
82225,25961986,39.30531,-76.59262,1,1
82272,25956173,39.2879,-76.60687,0,0
82292,25958307,39.27713,-76.56653,1,1
82609,25958633,39.28021,-76.57254,1,1
82610,25958799,39.29559,-76.57254,1,1
82643,25960969,39.30121,-76.60356,1,1
82654,25958767,39.29237,-76.57262,1,1
82681,25958611,39.28009,-76.57397,1,1
82766,25957755,39.29875,-76.58442,1,1
82775,25958361,39.26671,-76.56234,0,0
82915,25957523,39.29639,-76.59076,1,1
83009,25957803,39.2957,-76.57927,1,1
83130,25957733,39.29311,-76.58196,1,1
83162,336677851,39.27714,-76.5684,1,1
83228,25959273,39.27747,-76.5551,1,1
83250,288019970,39.29136,-76.59954,1,1
83268,25957465,39.29942,-76.59489,1,1
83361,25957498,39.29175,-76.58817,1,1
83402,288009117,39.29999,-76.57189,1,1
83475,25956383,39.29416,-76.60932,1,1
83608,25956888,39.29647,-76.59993,1,1
83733,25958755,39.29233,-76.57332,1,1
83775,25961956,39.30656,-76.59488,1,1
83800,287994154,39.27784,-76.57388,1,1
83861,25956897,39.29498,-76.59849,1,1
83898,287994134,39.28056,-76.58035,1,1
83962,25957813,39.29897,-76.57877,1,1
84109,25956798,39.29958,-76.6037,1,1
84174,288009069,39.28663,-76.58884,1,1
84278,25961944,39.30385,-76.59122,1,1
84309,25961084,39.30415,-76.59796,1,1
84420,25955880,39.27296,-76.60514,1,1
84492,25959012,39.29274,-76.5628,1,1
84517,25959718,39.28303,-76.5547,1,1
84534,25961133,39.30526,-76.59665,1,1
84564,25957639,39.286,-76.58291,1,1
84622,25955845,39.26663,-76.60086,1,1
84650,25956903,39.29504,-76.59668,1,1
84731,25956844,39.29296,-76.59816,1,1
84739,25955698,39.27281,-76.60919,1,1
84740,25956852,39.29321,-76.59727,1,1
84755,25957390,39.28482,-76.587,1,1
84853,288010853,39.26647,-76.6009,1,1
84980,25960959,39.3049,-76.60614,1,1
84990,25961915,39.30322,-76.59469,1,1
84998,25955697,39.2728,-76.60962,1,1
85013,25957765,39.29561,-76.58139,1,1
85036,25958829,39.29305,-76.56945,1,1
85055,25958768,39.29238,-76.57235,1,1
85245,882053194,39.27234,-76.6033,1,1
85246,25955898,39.27212,-76.60267,1,1
85328,25956815,39.29074,-76.59964,1,1
85426,287994136,39.28001,-76.57953,1,1
85427,895749887,39.28016,-76.57973,1,1
85428,287573626,39.2801,-76.57946,1,1
85429,895749888,39.28023,-76.57967,1,1
85482,25961904,39.30049,-76.59429,1,1
85545,25957533,39.29959,-76.59029,1,1
85575,25959041,39.2997,-76.5604,1,1
85588,25958303,39.27943,-76.56855,1,1
85604,25957752,39.29978,-76.58519,1,1
85622,817557634,39.28699,-76.55496,1,1
85623,25959807,39.28607,-76.5549,1,1
85647,25966323,39.3025,-76.5526,1,1
85650,25958649,39.2863,-76.57509,1,1
85705,25958319,39.26347,-76.56476,1,1
85843,336677330,39.29657,-76.60513,1,1
85940,288009019,39.29111,-76.59392,1,1
86151,25960722,39.30588,-76.60845,1,1
120215,983831943,39.26732,-76.60763,1,1
120594,25956394,39.29133,-76.60778,1,1
123661,816913458,39.28732,-76.55948,1,1
123910,947636818,39.26677,-76.59896,1,1
134072,25956117,39.28087,-76.60708,1,1
134345,25955800,39.26691,-76.60512,1,1
135012,876344110,39.28076,-76.60746,1,1
143922,25955792,39.26729,-76.60515,1,1
145590,287231035,39.27273,-76.55379,1,1
148659,287215909,39.2668,-76.56092,1,1
150526,25958614,39.28043,-76.57327,1,1
155330,25957822,39.29584,-76.57573,1,1
165192,984154572,39.26881,-76.55946,1,1
170226,287993856,39.27716,-76.56524,1,1
171032,25955793,39.26729,-76.60515,0,0
172695,816721095,39.29536,-76.59214,1,1
176931,984158409,39.28212,-76.55364,1,1
179345,25955529,39.26684,-76.6099,0,0
187051,288003172,39.29992,-76.55505,1,1
188680,25955879,39.27297,-76.60527,1,1
