8,888373229,39.30775,-76.62102,1,1
9,25934883,39.30766,-76.62093,1,1
10,888373228,39.30759,-76.62115,1,1
11,25934869,39.30753,-76.62109,1,1
47,825618075,39.28109,-76.62336,1,1
48,954423065,39.28172,-76.62503,1,1
288,1074644385,39.26571,-76.63231,1,1
291,984195603,39.26566,-76.63234,1,1
638,25956467,39.29776,-76.61046,1,1
640,813240765,39.29831,-76.61062,1,1
643,25956480,39.2988,-76.61023,1,1
800,828672170,39.26762,-76.62488,0,0
801,25927536,39.26741,-76.62261,0,0
951,881968515,39.30453,-76.61504,1,1
952,25960508,39.30452,-76.6153,1,1
953,881968514,39.30349,-76.61493,1,1
954,25960505,39.30347,-76.61524,1,1
976,810312770,39.27654,-76.6247,1,1
977,25927683,39.27635,-76.62407,1,1
1010,25934832,39.30234,-76.61731,1,1
1011,881968520,39.30234,-76.61716,1,1
1241,811081615,39.29437,-76.66745,1,1
1243,811081614,39.29427,-76.66639,1,1
1244,26967746,39.29426,-76.66669,1,1
1246,811081613,39.29424,-76.66743,1,1
1247,888407976,39.29075,-76.61249,1,1
1248,25956225,39.29048,-76.61234,1,1
1249,888407978,39.29075,-76.61227,1,1
1250,25956224,39.29063,-76.61248,1,1
1354,984135142,39.26828,-76.62731,0,0
1355,826339736,39.2682,-76.62576,0,0
1357,25927845,39.28101,-76.63584,1,1
1358,984135133,39.28136,-76.63628,1,1
1671,26967769,39.26744,-76.66313,0,0
1672,810006996,39.26997,-76.65742,0,0
1675,810006994,39.26774,-76.62763,0,0
1676,25927485,39.26754,-76.6255,0,0
1691,810006999,39.27092,-76.64666,0,0
1692,25926384,39.27075,-76.64485,0,0
2173,953963927,39.28761,-76.61858,0,0
2174,25928409,39.28759,-76.61931,0,0
2175,953963928,39.2876,-76.61889,0,0
2176,25928415,39.28765,-76.61767,0,0
2177,953963929,39.28766,-76.61723,0,0
2224,965148363,39.29432,-76.62865,1,1
2225,25928083,39.29399,-76.63278,1,1
2226,825618413,39.29434,-76.62803,1,1
2227,965148364,39.29439,-76.62684,1,1
2228,801859639,39.29373,-76.62518,1,1
2229,825618414,39.29382,-76.628,1,1
2230,25928082,39.29366,-76.63281,1,1
2231,965148366,39.2938,-76.62861,1,1
2276,888407458,39.29207,-76.62242,1,1
2277,25928443,39.29143,-76.62238,1,1
2344,25928487,39.29835,-76.62404,1,1
2345,813581185,39.29866,-76.62371,1,1
2346,813581182,39.29675,-76.62266,1,1
2347,25928491,39.29898,-76.62335,1,1
2348,813581183,39.29926,-76.62309,1,1
2361,25923887,39.29623,-76.665,1,1
2362,984137178,39.29706,-76.66504,1,1
2509,984392412,39.2927,-76.62787,1,1
2510,832247570,39.29122,-76.62771,1,1
2598,916282686,39.30295,-76.6654,1,1
2599,25929720,39.30242,-76.66536,1,1
2643,984106334,39.29991,-76.61156,1,1
2644,984161499,39.30054,-76.61163,1,1
2662,25929717,39.30211,-76.66571,1,1
2663,916282683,39.30277,-76.66601,1,1
2688,954418542,39.28391,-76.61868,1,1
2689,25928387,39.28338,-76.61901,0,0
2690,954418541,39.28274,-76.61897,0,0
2691,801258088,39.28194,-76.61892,0,0
2692,954418540,39.27861,-76.619,0,0
2693,19463243,39.27773,-76.61934,0,0
2779,25955655,39.27484,-76.61204,1,1
2780,888371893,39.27558,-76.61213,1,1
2791,801657941,39.28557,-76.61293,1,1
2792,888371890,39.28573,-76.61277,1,1
2879,25928303,39.28616,-76.62468,1,1
2880,953962891,39.28617,-76.62424,1,1
2886,809930704,39.28749,-76.62174,1,1
2887,953962892,39.28751,-76.62125,1,1
3050,966446904,39.29354,-76.65421,1,1
3051,25926597,39.29351,-76.65474,1,1
3052,966446905,39.29315,-76.65383,1,1
3053,825618537,39.29308,-76.6535,1,1
3215,813591331,39.30245,-76.62038,1,1
3273,25934870,39.30636,-76.61963,1,1
3292,25934903,39.3054,-76.61897,1,1
3293,888368849,39.30557,-76.61904,1,1
3294,336677418,39.30437,-76.61992,1,1
3295,888368851,39.30439,-76.61936,1,1
3296,888368850,39.30525,-76.61892,1,1
3297,888368857,39.30494,-76.62077,1,1
3298,25934807,39.3048,-76.62075,1,1
3299,25934847,39.3044,-76.61865,1,1
3300,888368853,39.30471,-76.62074,1,1
3301,25934806,39.30434,-76.62069,1,1
3302,888368854,39.30449,-76.61868,1,1
3303,813480183,39.30407,-76.61971,1,1
3304,25934805,39.30423,-76.62068,1,1
3305,888368866,39.304,-76.61964,1,1
3306,888368867,39.30386,-76.61951,1,1
3307,832945768,39.30439,-76.61927,1,1
3308,813480184,39.30372,-76.62061,1,1
3309,888368860,39.30381,-76.62062,1,1
3310,25934817,39.30228,-76.61874,1,1
3311,888368872,39.30374,-76.6194,1,1
3312,888368868,39.30439,-76.61912,1,1
3313,25934845,39.30335,-76.61842,1,1
3395,882068986,39.29871,-76.61237,1,1
3396,25956317,39.2987,-76.61295,1,1
3876,25934793,39.30176,-76.62024,1,1
3877,888370066,39.30191,-76.62005,1,1
3878,25934789,39.3011,-76.62012,1,1
3879,888370067,39.30117,-76.62,1,1
3880,25934797,39.30223,-76.61934,1,1
3881,888370065,39.30225,-76.61915,1,1
3882,888370072,39.29875,-76.62308,1,1
3883,25928498,39.29863,-76.62294,1,1
3892,888370074,39.30459,-76.61376,1,1
3897,25960531,39.30458,-76.61394,1,1
4044,816467578,39.28165,-76.61302,1,1
4045,25956052,39.28113,-76.613,1,1
4046,25956059,39.2822,-76.61306,1,1
4177,25928052,39.29422,-76.63704,1,1
4178,967925295,39.29422,-76.63696,1,1
4179,25928049,39.29326,-76.63699,1,1
4180,967925296,39.29326,-76.6369,1,1
4186,25926913,39.29362,-76.64265,1,1
4187,839963218,39.29347,-76.63839,1,1
4231,1053729992,39.29891,-76.64212,1,1
4232,25926986,39.29891,-76.64224,1,1
4262,25928118,39.29347,-76.63137,1,1
4280,19463253,39.26691,-76.61356,0,0
4741,25926753,39.28624,-76.64509,1,1
4742,984130932,39.28659,-76.64511,1,1
4947,1050931208,39.29601,-76.62265,1,1
4948,25928478,39.29577,-76.62265,1,1
4953,810015550,39.2873,-76.62681,1,1
4954,809930706,39.28729,-76.62725,1,1
4955,25923013,39.27523,-76.66709,1,1
4956,844681523,39.27605,-76.66463,1,1
4959,844701490,39.27063,-76.6559,0,0
5003,966451762,39.30216,-76.62032,1,1
5004,966451759,39.3029,-76.62048,1,1
5005,813591330,39.30267,-76.62043,1,1
5296,983834406,39.2876,-76.66004,1,1
5297,25923945,39.29837,-76.65804,1,1
5298,984131232,39.2984,-76.65716,1,1
5299,25926886,39.29321,-76.64545,1,1
5507,809952736,39.2858,-76.61921,0,0
5508,855192846,39.28593,-76.61922,0,0
5596,967922948,39.29362,-76.65256,1,1
5597,825618147,39.29362,-76.65291,1,1
5741,25928154,39.29383,-76.6277,1,1
5742,813482716,39.2931,-76.62766,1,1
5743,25928148,39.29274,-76.62763,1,1
5744,813482718,39.29415,-76.62802,1,1
5745,813482717,39.29402,-76.62769,1,1
5746,25928151,39.29382,-76.628,1,1
5778,25926195,39.27134,-76.64775,1,1
5779,806234856,39.28939,-76.62791,1,1
5780,825618046,39.28956,-76.62786,1,1
5847,825618073,39.28104,-76.62319,1,1
5848,25928272,39.28084,-76.62193,1,1
5849,825618071,39.2812,-76.62316,1,1
5850,25928234,39.28006,-76.62378,1,1
5851,825618074,39.28109,-76.62336,1,1
5852,825618072,39.28125,-76.62331,1,1
5853,19463229,39.28076,-76.62214,1,1
5863,25927939,39.28001,-76.62869,1,1
5866,984381062,39.28028,-76.6287,1,1
6027,25926604,39.29359,-76.6533,1,1
6028,25926629,39.29856,-76.6525,1,1
6029,825618146,39.2986,-76.6513,1,1
6393,25928003,39.28598,-76.629,1,1
6394,863567464,39.28602,-76.62833,1,1
6610,25934799,39.30329,-76.62056,1,1
6611,813480182,39.30523,-76.6208,1,1
6615,813480185,39.30303,-76.61845,1,1
6689,25927771,39.27769,-76.61954,0,0
6736,809757364,39.27723,-76.62471,1,1
6737,984167590,39.27732,-76.62467,1,1
7019,25960564,39.30548,-76.61458,1,1
7020,813595963,39.30551,-76.6139,1,1
7241,25922872,39.26651,-76.66754,1,1
7242,889849860,39.26593,-76.66751,1,1
7244,983817034,39.26453,-76.66685,1,1
7659,983816467,39.26613,-76.66446,1,1
7660,983816469,39.28243,-76.61913,0,0
7661,810341877,39.2817,-76.61907,0,0
7947,25960624,39.30777,-76.61356,1,1
8125,25923638,39.28743,-76.6627,1,1
8126,984480632,39.28752,-76.66193,1,1
8196,983922141,39.26507,-76.66661,1,1
8321,954207090,39.30636,-76.61551,0,0
8322,25960567,39.30607,-76.61461,0,0
8514,984170448,39.2632,-76.66642,1,1
8515,813592004,39.30539,-76.61667,1,1
8516,94256007,39.30538,-76.6169,1,1
8517,984170447,39.28771,-76.61364,1,1
8518,875590162,39.28744,-76.61362,1,1
8705,890673449,39.30558,-76.61895,1,1
8729,810461597,39.30326,-76.61156,1,1
8773,25934878,39.30648,-76.61949,1,1
8810,25928236,39.27993,-76.62349,1,1
8813,1046984776,39.2708,-76.64767,1,1
8814,1046984777,39.27094,-76.64751,1,1
8815,25926180,39.27074,-76.64774,1,1
8818,826434355,39.27536,-76.62063,1,1
9228,888403849,39.29836,-76.62273,1,1
9588,940832559,39.2807,-76.63265,1,1
9589,25927853,39.28048,-76.63236,1,1
9613,25960656,39.30257,-76.61094,1,1
9614,1074912313,39.30298,-76.61121,1,1
9634,1046199106,39.27135,-76.64955,0,0
9635,916285027,39.2712,-76.6479,0,0
9636,1046199107,39.27116,-76.64916,0,0
9637,25926187,39.27101,-76.64763,0,0
9638,1046199108,39.27108,-76.64662,0,0
9639,26967776,39.27092,-76.6447,0,0
9673,983818616,39.27006,-76.63573,1,1
10035,25956469,39.29875,-76.61136,0,0
10158,984173420,39.27473,-76.61453,1,1
10159,25955614,39.27472,-76.6148,1,1
10258,888402267,39.29297,-76.61358,1,1
10259,813446608,39.29269,-76.61356,1,1
10379,801258949,39.2864,-76.61795,0,0
10380,25928401,39.28633,-76.61926,0,0
10421,801258926,39.28692,-76.61929,0,0
10422,25928399,39.28626,-76.62074,1,1
10642,25926650,39.29285,-76.64891,1,1
10643,813346171,39.29292,-76.64798,1,1
10644,25926873,39.29205,-76.64538,1,1
10645,813346172,39.29245,-76.6454,1,1
10646,813346173,39.29297,-76.64636,1,1
10647,25926874,39.29294,-76.64721,1,1
10694,25956080,39.28656,-76.61357,0,0
10695,801259020,39.28653,-76.6141,0,0
10979,25928337,39.2803,-76.62025,1,1
10980,25928335,39.27998,-76.62022,1,1
10982,810401343,39.28037,-76.62112,1,1
10983,810401345,39.28059,-76.62098,1,1
11082,825618042,39.28278,-76.63781,1,1
11083,25926818,39.28214,-76.63732,1,1
11094,25934696,39.30226,-76.62404,1,1
11095,813475566,39.30199,-76.62646,1,1
11096,813475569,39.30254,-76.6246,1,1
11097,813475567,39.30263,-76.6245,1,1
11098,25934679,39.30305,-76.62527,1,1
11099,813475568,39.30358,-76.62595,1,1
11100,25934695,39.30219,-76.62415,1,1
11140,825618031,39.27696,-76.66188,1,1
11214,865993457,39.29462,-76.61018,1,1
11355,888401672,39.2961,-76.6255,1,1
11356,25928460,39.29574,-76.62507,1,1
11431,801258082,39.28459,-76.61923,0,0
11432,25928373,39.28407,-76.61923,0,0
11538,809930708,39.28767,-76.61691,0,0
11539,809930707,39.28618,-76.62391,1,1
11540,25928028,39.28723,-76.62775,1,1
11541,25928329,39.28747,-76.62216,1,1
11542,25928325,39.28741,-76.62357,1,1
11553,25928013,39.28603,-76.62785,1,1
11554,25928217,39.28334,-76.62637,1,1
11555,809930712,39.28305,-76.6259,1,1
11556,25928016,39.28605,-76.62756,1,1
11557,809930714,39.28659,-76.62784,1,1
11611,25927453,39.27453,-76.62735,1,1
11612,832343416,39.2773,-76.62506,1,1
11613,273136487,39.27548,-76.62607,1,1
11614,832343417,39.27727,-76.62493,1,1
11661,25928144,39.29457,-76.62866,1,1
11663,967791376,39.29477,-76.62817,1,1
11706,25956347,39.29459,-76.61129,1,1
11707,825668148,39.2946,-76.61098,1,1
11708,25956443,39.29649,-76.6114,1,1
11709,825668149,39.2965,-76.61123,1,1
11710,94159962,39.29585,-76.61118,0,0
11711,825668147,39.2965,-76.61123,0,0
12075,809767366,39.27734,-76.62526,1,1
12076,322677999,39.277,-76.62542,1,1
12126,25956273,39.29638,-76.615,1,1
12127,25956304,39.29641,-76.61398,1,1
12128,811276136,39.2964,-76.6144,1,1
12129,25956305,39.29643,-76.61335,1,1
12130,811276137,39.29683,-76.61401,1,1
12131,25956306,39.29524,-76.61271,1,1
12132,811276138,39.29644,-76.61316,1,1
12133,811276139,39.29623,-76.61278,1,1
12137,811276135,39.29457,-76.62582,1,1
12167,25922938,39.26709,-76.66327,1,1
12169,1074919225,39.27,-76.65619,1,1
12173,1074919224,39.27031,-76.65663,0,0
12174,25926032,39.27026,-76.65675,0,0
12190,813581184,39.29883,-76.62381,1,1
12193,983887500,39.29896,-76.62366,1,1
12247,825622900,39.30588,-76.61208,0,0
12248,839959809,39.30606,-76.61272,0,0
12249,825622901,39.30574,-76.61207,0,0
12250,839959808,39.30595,-76.61271,0,0
12257,984363711,39.27935,-76.62409,1,1
12258,25927694,39.27874,-76.62437,1,1
12285,811276440,39.29702,-76.62661,1,1
12286,25928456,39.29677,-76.6263,1,1
12287,811276438,39.29631,-76.62574,1,1
12351,25955456,39.26695,-76.61488,1,1
12352,25955463,39.26672,-76.61475,1,1
12353,825666589,39.26713,-76.61453,1,1
12354,825666590,39.26715,-76.6149,1,1
12355,25927597,39.26733,-76.61771,0,0
12368,809767731,39.28068,-76.61064,1,1
12798,25956084,39.2866,-76.61214,0,0
12987,825665021,39.27143,-76.64866,1,1
12988,825618044,39.27139,-76.64818,1,1
13019,25928457,39.29663,-76.62613,1,1
13020,983886291,39.2965,-76.6263,1,1
13021,983886293,39.29818,-76.62426,1,1
13022,983886292,39.29743,-76.62517,1,1
13023,287588916,39.29581,-76.62712,1,1
13024,811276437,39.29608,-76.62682,1,1
13025,983886290,39.29595,-76.62696,1,1
13101,94285673,39.27015,-76.66198,1,1
13115,1046985564,39.26561,-76.63518,0,0
13116,25927093,39.26501,-76.63522,0,0
13326,825618399,39.26921,-76.63169,0,0
13327,988806470,39.2699,-76.63391,1,1
13328,988806468,39.27001,-76.63386,1,1
13550,825670612,39.26715,-76.62119,0,0
13560,25927750,39.27522,-76.62011,1,1
13686,953886509,39.28417,-76.61405,1,1
13687,813049962,39.28415,-76.61436,1,1
13834,825670371,39.29875,-76.61136,1,1
13835,25956326,39.29875,-76.61156,1,1
13957,25934372,39.30615,-76.62904,1,1
13958,967790041,39.30619,-76.62898,1,1
14155,888398337,39.28885,-76.62365,1,1
14156,25928327,39.28853,-76.62364,1,1
14157,25928331,39.28858,-76.62226,1,1
14158,888398353,39.28871,-76.62226,1,1
14160,888398361,39.29638,-76.62055,1,1
14161,25928577,39.29624,-76.61989,1,1
14249,25956334,39.2905,-76.61022,1,1
14283,916288241,39.26588,-76.66727,0,0
14353,811140380,39.28256,-76.64663,1,1
14354,25926708,39.28204,-76.64661,1,1
14391,25928412,39.28529,-76.61916,0,0
14721,967705309,39.28585,-76.63212,1,1
14722,967705310,39.28583,-76.63248,1,1
14723,25927894,39.28582,-76.63275,1,1
15104,809519905,39.2917,-76.6137,1,1
15212,851480783,39.27087,-76.63634,1,1
15213,896048148,39.27126,-76.63687,1,1
15636,25927696,39.2795,-76.62402,1,1
15637,984374052,39.27972,-76.62393,1,1
15676,888396425,39.3078,-76.62088,1,1
15677,825618460,39.30743,-76.62097,1,1
16345,809930711,39.28391,-76.62669,1,1
16346,810336655,39.28415,-76.62682,1,1
16556,810337095,39.28556,-76.62728,1,1
16557,809930713,39.28502,-76.62698,1,1
16878,839956870,39.29356,-76.63554,1,1
17064,889845310,39.28626,-76.64471,1,1
17271,984190739,39.26887,-76.63256,1,1
17277,25928479,39.29488,-76.62195,1,1
17278,984190737,39.2949,-76.62143,1,1
17819,25928314,39.28496,-76.62291,1,1
17820,833154469,39.28515,-76.62261,1,1
17930,25956235,39.29234,-76.61353,1,1
18255,876345750,39.29059,-76.63825,1,1
18256,876345740,39.29029,-76.63824,1,1
18260,25926968,39.28977,-76.63822,1,1
18427,816474371,39.27992,-76.61336,1,1
18428,25956022,39.27989,-76.61413,1,1
18519,25956466,39.29709,-76.61023,1,1
18631,976564475,39.29333,-76.63471,1,1
18632,25928056,39.29331,-76.63554,1,1
18679,984147267,39.26997,-76.63505,1,1
18680,25926167,39.2707,-76.64875,1,1
18776,984195605,39.27009,-76.61508,1,1
18777,984195602,39.26299,-76.634,1,1
18778,25927139,39.26517,-76.63266,1,1
18779,25955557,39.26942,-76.61504,1,1
18794,811138544,39.27509,-76.66755,1,1
18820,25956101,39.28781,-76.61217,0,0
18821,954431120,39.28782,-76.61171,0,0
19311,25956061,39.28331,-76.61318,1,1
19312,890233076,39.28364,-76.61322,1,1
19315,916285025,39.26549,-76.6671,1,1
19316,916285026,39.26565,-76.66717,0,0
19319,25926355,39.27116,-76.64746,0,0
19333,25955405,39.26318,-76.61463,1,1
20062,25926575,39.28809,-76.64867,1,1
20063,851317230,39.28812,-76.64797,1,1
20137,984198506,39.27031,-76.63537,1,1
20713,25928179,39.29949,-76.62965,1,1
20714,984141238,39.30013,-76.62889,1,1
21069,25956063,39.28437,-76.61333,1,1
21164,810401344,39.28045,-76.62107,1,1
21287,25927163,39.26914,-76.63372,1,1
21291,25927128,39.26787,-76.63492,1,1
21573,25928402,39.28752,-76.62082,1,1
21574,25928389,39.28408,-76.61905,0,0
21575,813011523,39.28755,-76.6201,1,1
21595,825624115,39.29461,-76.61049,1,1
21605,813011526,39.28412,-76.61823,1,1
21606,813011525,39.28485,-76.61908,0,0
21623,833160876,39.28471,-76.61306,1,1
21624,25956064,39.28437,-76.61302,1,1
21702,984145083,39.28649,-76.61482,0,0
21703,25956069,39.28649,-76.61488,0,0
21927,25927191,39.26884,-76.6322,1,1
21928,826339740,39.26901,-76.63182,0,0
21929,863439940,39.26937,-76.63371,0,0
21952,812189945,39.28319,-76.62698,1,1
21953,25927968,39.28309,-76.62749,1,1
22379,876337045,39.27847,-76.63815,1,1
22380,288008537,39.27808,-76.63866,1,1
22433,25926751,39.2862,-76.64594,1,1
22437,888368878,39.3065,-76.61981,1,1
22438,984703880,39.30664,-76.61998,1,1
22439,890673259,39.3066,-76.61963,1,1
22440,984703879,39.30677,-76.61983,1,1
22657,25928281,39.28426,-76.62345,1,1
22658,984703395,39.28473,-76.62347,1,1
22678,813010767,39.28746,-76.62253,1,1
22679,809930705,39.28744,-76.62292,1,1
22770,25955613,39.27469,-76.61539,1,1
22771,25955606,39.27466,-76.6162,1,1
22773,25955569,39.27363,-76.61532,1,1
22843,25933211,39.30591,-76.63753,1,1
22844,25928283,39.28451,-76.62323,1,1
22864,19463878,39.29728,-76.61101,0,0
22885,25923009,39.27328,-76.66615,1,1
22919,25927137,39.26447,-76.6331,1,1
22973,25960518,39.30075,-76.61175,1,1
22975,826339738,39.26861,-76.63199,1,1
22976,25927141,39.26783,-76.63476,0,0
22977,826339737,39.26946,-76.63103,1,1
22978,25927241,39.26845,-76.63124,1,1
22981,25927243,39.26869,-76.63117,0,0
22982,25927247,39.26887,-76.63113,0,0
22999,826339732,39.26778,-76.62467,0,0
23000,19463251,39.26718,-76.62275,0,0
23001,826339734,39.26729,-76.62596,0,0
23003,826339733,39.26778,-76.62467,0,0
23005,826339735,39.26749,-76.62516,0,0
23010,25925960,39.26524,-76.65406,1,1
23055,25934335,39.30435,-76.63147,1,1
23064,25928027,39.28716,-76.62804,1,1
23288,287590233,39.30393,-76.63204,1,1
23296,25927253,39.26845,-76.63026,0,0
23336,25960588,39.30553,-76.6134,1,1
23347,25926885,39.293,-76.64543,1,1
23398,25960604,39.30527,-76.61205,1,1
23414,26967742,39.29348,-76.65553,1,1
23474,312347955,39.28101,-76.6596,1,1
23596,25926987,39.29893,-76.64154,1,1
23650,25927888,39.28578,-76.63362,1,1
23727,25960636,39.30122,-76.61084,1,1
23770,25955429,39.26624,-76.61483,1,1
23803,25925948,39.26418,-76.65522,1,1
23813,25927660,39.27678,-76.62552,1,1
23857,25934857,39.30598,-76.6209,1,1
23882,25926639,39.29276,-76.65173,1,1
23910,25927840,39.27959,-76.63676,1,1
23929,25926701,39.27985,-76.6465,1,1
24030,25926518,39.2812,-76.64915,1,1
24042,25928606,39.29854,-76.61706,1,1
24095,25956263,39.29635,-76.61575,1,1
24167,25926459,39.2842,-76.65452,1,1
24185,25923533,39.2798,-76.66502,1,1
24215,25928430,39.29474,-76.62504,1,1
24315,25955433,39.26625,-76.61438,1,1
24473,25927666,39.27663,-76.625,1,1
24534,25927126,39.26815,-76.63524,0,0
24558,25928077,39.29434,-76.63411,1,1
24606,25960529,39.30249,-76.61317,1,1
24635,25927583,39.26757,-76.62095,0,0
24682,25927944,39.28165,-76.62875,1,1
24683,25933168,39.30542,-76.6419,1,1
24692,25955455,39.26673,-76.61487,0,0
24714,25927428,39.27239,-76.63008,1,1
24729,25926765,39.28895,-76.64523,1,1
24734,25928091,39.29913,-76.63587,1,1
24744,25926376,39.27238,-76.64594,1,1
24768,25955671,39.27823,-76.61254,1,1
24812,25956250,39.29363,-76.61261,1,1
24844,25925949,39.26535,-76.65575,1,1
24873,25928198,39.29791,-76.62769,1,1
24924,25956228,39.29121,-76.61243,1,1
25010,25926568,39.28609,-76.64809,1,1
25039,826338855,39.27002,-76.63834,1,1
25040,810768047,39.26941,-76.63394,0,0
25041,826338856,39.2701,-76.63835,0,0
25099,25928034,39.289,-76.62802,1,1
25106,25926643,39.2928,-76.65031,1,1
25141,25926450,39.28341,-76.65593,1,1
25174,25956476,39.29877,-76.61075,1,1
25362,25934313,39.30648,-76.63264,1,1
25366,25926969,39.29085,-76.63826,1,1
25372,25926153,39.27093,-76.64911,1,1
25378,287590132,39.27018,-76.63196,1,1
25435,25960530,39.30355,-76.61327,1,1
25725,25926719,39.28374,-76.64491,1,1
25771,25923883,39.29522,-76.66492,1,1
25809,25934675,39.30272,-76.6257,1,1
25864,25926909,39.29394,-76.64408,1,1
25902,25956211,39.29414,-76.61486,1,1
25954,25955633,39.27725,-76.61557,1,1
25985,889811435,39.30732,-76.62098,1,1
26081,801258927,39.28629,-76.62003,1,1
26082,832259707,39.28632,-76.61944,1,1
26083,968444994,39.27714,-76.66135,1,1
26290,19463637,39.28334,-76.61292,1,1
26291,880293169,39.28368,-76.61296,1,1
26406,25927420,39.27112,-76.63071,1,1
26416,25926890,39.29389,-76.64547,1,1
26442,25928435,39.29028,-76.62374,1,1
26609,25934339,39.30413,-76.62973,1,1
26685,25928490,39.2991,-76.6235,1,1
26720,833067464,39.2938,-76.61365,1,1
26721,25956237,39.29359,-76.61364,1,1
26750,25928295,39.28611,-76.62586,1,1
26762,25933210,39.30558,-76.63803,1,1
26835,25923645,39.27983,-76.66239,1,1
26862,25928310,39.28525,-76.62348,1,1
26949,812182524,39.26625,-76.63199,1,1
26950,812182523,39.26475,-76.63291,1,1
27032,25927254,39.26881,-76.63086,0,0
27129,25926704,39.28101,-76.64656,1,1
27153,287590234,39.30406,-76.63185,1,1
27176,25928196,39.29866,-76.62863,1,1
27279,25926586,39.29346,-76.65624,1,1
27289,322677734,39.28429,-76.61493,1,1
27305,25928330,39.28809,-76.62222,1,1
27348,25960533,39.3046,-76.61335,1,1
27386,25934660,39.3017,-76.62672,1,1
27471,25926989,39.29896,-76.64079,1,1
27621,25926238,39.26903,-76.64706,1,1
27694,25923499,39.27989,-76.66562,1,1
27800,25934309,39.30593,-76.63341,1,1
27838,25960538,39.30361,-76.61194,1,1
27866,25956232,39.29123,-76.61194,1,1
27918,25928397,39.28416,-76.61766,1,1
28052,25928477,39.29486,-76.6226,1,1
28088,25956109,39.28066,-76.61123,1,1
28089,983957263,39.28068,-76.61072,1,1
28218,25927663,39.27671,-76.62526,1,1
28227,25955490,39.26669,-76.61354,0,0
28465,25927628,39.27287,-76.62175,0,0
28471,288007947,39.30555,-76.61222,1,1
28494,25923903,39.2932,-76.66242,1,1
28503,25928159,39.29461,-76.62803,1,1
28521,25927934,39.28291,-76.63008,1,1
28552,90696468,39.27207,-76.64631,1,1
28610,25928235,39.27972,-76.62359,1,1
28645,25960509,39.30455,-76.61454,1,1
28668,25927414,39.27149,-76.63079,1,1
28716,25927871,39.28669,-76.63517,1,1
28753,25955667,39.27703,-76.61233,1,1
28755,25923540,39.27965,-76.66413,1,1
28806,25926756,39.28816,-76.64694,1,1
28814,25927422,39.27199,-76.63059,1,1
28815,25933154,39.30114,-76.63882,1,1
28891,25934340,39.30038,-76.6286,1,1
28902,25927868,39.28665,-76.63589,1,1
28908,25926997,39.29903,-76.63872,1,1
28934,288008647,39.28014,-76.64652,1,1
28992,288008940,39.27443,-76.62067,1,1
29057,25934343,39.30078,-76.62808,1,1
29104,25955483,39.26647,-76.61163,1,1
29159,25960539,39.30362,-76.61176,1,1
29167,25923902,39.29308,-76.66234,1,1
29187,1043364889,39.30363,-76.61163,1,1
29188,1043364888,39.30363,-76.61115,1,1
29227,25927167,39.26899,-76.63344,1,1
29286,25956471,39.29876,-76.61113,0,0
29294,25960544,39.30553,-76.61622,1,1
29322,25955466,39.26694,-76.61465,0,0
29491,25955653,39.2748,-76.61268,1,1
29528,25955637,39.27892,-76.61567,1,1
29546,25928308,39.285,-76.62348,1,1
29550,25927940,39.28069,-76.62871,1,1
29574,25934344,39.30121,-76.62757,1,1
29612,968567994,39.29663,-76.62266,1,1
29614,968567995,39.29616,-76.62265,1,1
29643,25960527,39.30246,-76.61379,1,1
29695,25926675,39.29865,-76.64997,1,1
29766,25928255,39.28138,-76.62315,1,1
29831,25928447,39.29424,-76.62393,1,1
29898,25955432,39.26607,-76.61437,1,1
29901,25928522,39.29388,-76.62124,1,1
29957,25928433,39.29474,-76.62468,1,1
29959,25923853,39.29338,-76.66402,1,1
30067,25934700,39.3003,-76.62218,1,1
30129,25934657,39.3009,-76.62574,1,1
30142,25923888,39.29714,-76.66504,1,1
30189,25929719,39.30213,-76.66533,1,1
30232,26967784,39.27189,-76.6305,1,1
30242,25927033,39.26362,-76.63575,1,1
30268,90696469,39.27162,-76.64684,1,1
30269,25928120,39.29442,-76.6319,1,1
30352,25927461,39.27768,-76.62856,1,1
30417,25928437,39.29137,-76.62379,1,1
30462,25955599,39.27272,-76.61174,1,1
30469,25928454,39.29384,-76.62188,1,1
30510,25960519,39.30075,-76.61175,1,1
30553,25926502,39.28028,-76.6519,1,1
30650,25926757,39.28888,-76.64696,1,1
30683,25926711,39.28368,-76.64669,1,1
30712,25928501,39.29793,-76.62237,1,1
30713,953716426,39.29814,-76.62252,1,1
30817,25934907,39.30583,-76.61893,1,1
30926,25928590,39.29626,-76.61833,1,1
30944,25933152,39.3001,-76.63878,1,1
30989,25927590,39.26746,-76.61944,0,0
30993,25933208,39.30668,-76.63845,1,1
31020,287574262,39.30216,-76.61883,1,1
31038,25956218,39.29045,-76.61391,1,1
31064,25955464,39.26672,-76.61475,0,0
31149,25934310,39.30671,-76.63438,1,1
31180,25926855,39.28852,-76.63886,1,1
31265,25956231,39.29201,-76.6125,1,1
31315,25926542,39.28553,-76.65061,1,1
31328,25926673,39.29863,-76.65063,1,1
31473,25928025,39.28898,-76.6289,1,1
31522,25927887,39.28574,-76.63436,1,1
31588,25927581,39.26741,-76.62105,0,0
31728,25926164,39.26946,-76.64748,1,1
31763,25928333,39.28924,-76.62227,1,1
31806,25955612,39.2767,-76.61553,1,1
31912,25927876,39.28864,-76.63674,1,1
31927,25956086,39.28776,-76.61364,0,0
31946,25928568,39.29662,-76.62138,1,1
31949,25955592,39.27264,-76.61364,1,1
31963,25929751,39.30655,-76.66778,1,1
31975,25926645,39.29371,-76.65036,1,1
32008,25934352,39.3057,-76.63169,1,1
32050,25934281,39.30627,-76.637,1,1
32155,25956216,39.29448,-76.61425,1,1
32176,25926249,39.26511,-76.64444,1,1
32242,25955615,39.27526,-76.61543,1,1
32243,25926460,39.28445,-76.65381,1,1
32334,25956136,39.28664,-76.61072,0,0
32340,25956275,39.29857,-76.61642,1,1
32365,950155121,39.29841,-76.62031,1,1
32366,25928582,39.29839,-76.62077,1,1
32609,25928244,39.28146,-76.6241,1,1
32674,25928545,39.29398,-76.61896,1,1
32858,983960234,39.28063,-76.62367,1,1
32871,983960230,39.29866,-76.62401,1,1
32872,25928486,39.29849,-76.6242,1,1
32878,25926976,39.29321,-76.63838,1,1
32879,839963219,39.29347,-76.63839,1,1
32908,25926762,39.28824,-76.6452,1,1
33015,25923001,39.26692,-76.65778,1,1
33149,25928396,39.28399,-76.61764,1,1
33171,25927841,39.28175,-76.63681,1,1
33182,322677998,39.27684,-76.6249,1,1
33187,25927942,39.28117,-76.62873,1,1
33256,25934653,39.30036,-76.62657,1,1
33294,25960549,39.30679,-76.6163,0,0
33352,25928163,39.29463,-76.62768,1,1
33364,25928351,39.27983,-76.62006,1,1
33367,809757388,39.27991,-76.62014,1,1
33368,809757387,39.28014,-76.61999,1,1
33388,25925959,39.26486,-76.65448,1,1
33419,25923684,39.28039,-76.65996,1,1
33489,25928304,39.28732,-76.62593,1,1
33493,25927045,39.26374,-76.63355,1,1
33525,25928495,39.29772,-76.62239,1,1
33533,25929734,39.30026,-76.66525,1,1
33534,25927043,39.26399,-76.63434,1,1
33564,25923688,39.28127,-76.65921,1,1
33605,25927843,39.28066,-76.6354,1,1
33619,25926159,39.27,-76.64866,1,1
33707,25923627,39.28744,-76.66465,1,1
33720,25926778,39.28827,-76.64448,1,1
33848,25923835,39.29431,-76.66565,1,1
33956,273136440,39.26702,-76.61058,0,0
33975,25956092,39.28848,-76.61371,1,1
33984,25933054,39.30096,-76.64589,1,1
34000,25928280,39.28373,-76.62342,1,1
34007,25926359,39.27126,-76.64714,1,1
34018,25926063,39.27139,-76.65288,0,0
34024,25927909,39.2888,-76.63294,1,1
34078,25934659,39.30176,-76.62681,1,1
34121,809758066,39.28081,-76.62132,1,1
34122,809758065,39.28069,-76.62137,1,1
34215,25955457,39.26695,-76.61488,0,0
34217,25926720,39.28431,-76.64497,1,1
34245,25923849,39.29436,-76.66546,1,1
34264,25934272,39.30313,-76.63414,1,1
34335,25929752,39.30716,-76.66743,1,1
34374,25926930,39.29879,-76.64576,1,1
34499,25926974,39.29174,-76.6383,1,1
34570,25927044,39.26307,-76.63395,1,1
34634,983954975,39.27857,-76.61565,1,1
34641,25955636,39.27849,-76.61565,1,1
34654,25934658,39.30095,-76.62579,1,1
34703,25927958,39.28328,-76.62884,1,1
34739,25923619,39.28725,-76.665,1,1
34757,25926941,39.29887,-76.64362,1,1
34935,25926102,39.27891,-76.656,1,1
34946,25922902,39.26734,-76.66766,1,1
34999,25927038,39.26406,-76.6346,1,1
35092,25956319,39.29764,-76.6129,1,1
35156,25928488,39.29783,-76.62338,1,1
35167,25955559,39.27049,-76.61511,1,1
35181,25956214,39.29425,-76.61424,1,1
35252,287578872,39.28368,-76.61903,0,0
35256,25927891,39.28678,-76.63366,1,1
35353,25934260,39.30431,-76.6356,1,1
35393,25926975,39.29227,-76.63833,1,1
35400,25926692,39.29756,-76.64743,1,1
35505,25955434,39.26626,-76.61394,1,1
35515,25926162,39.27037,-76.64852,1,1
35553,25960506,39.30244,-76.61437,1,1
35569,25934913,39.30548,-76.61815,1,1
35720,25956284,39.29859,-76.6157,1,1
35774,25926549,39.28795,-76.65147,1,1
35801,25928328,39.28919,-76.62367,1,1
35900,25926871,39.29062,-76.64532,1,1
35943,25955430,39.26653,-76.61485,1,1
35953,25955593,39.27266,-76.61321,1,1
35954,25927369,39.27001,-76.63272,1,1
36005,25923585,39.28699,-76.66548,1,1
36115,26965801,39.26902,-76.63082,0,0
36160,336677730,39.3054,-76.61218,1,1
36228,25926175,39.27073,-76.64796,1,1
36277,25929731,39.3035,-76.66544,1,1
36282,25922866,39.26511,-76.66694,1,1
36367,25926487,39.28467,-76.65316,1,1
36596,1074905709,39.28053,-76.66042,1,1
36629,25926870,39.29011,-76.6453,1,1
36643,25926357,39.27114,-76.64728,1,1
36650,25926433,39.27535,-76.64215,1,1
36802,25926375,39.2715,-76.64696,1,1
36859,851480781,39.2732,-76.62905,1,1
36860,25927435,39.27295,-76.62937,1,1
36861,851480780,39.27313,-76.62895,1,1
36862,25927436,39.27287,-76.62927,1,1
36863,25927283,39.2706,-76.63598,1,1
36867,851480778,39.26744,-76.61892,0,0
36868,25927588,39.26717,-76.61945,0,0
36912,25927595,39.2674,-76.61838,0,0
36913,851480792,39.26742,-76.61862,0,0
36914,25927594,39.26716,-76.61827,0,0
36915,851480793,39.26717,-76.61857,0,0
36919,851480786,39.26585,-76.63533,0,0
36922,825618387,39.26573,-76.63534,0,0
36923,851480787,39.26585,-76.63517,0,0
36924,826339731,39.26573,-76.63518,0,0
36926,851480784,39.27051,-76.64219,0,0
36927,26967777,39.27029,-76.64,0,0
36929,851480785,39.27069,-76.64213,0,0
36930,25926412,39.27042,-76.63937,0,0
36931,851480790,39.27382,-76.62135,0,0
36932,25927709,39.27361,-76.62145,0,0
36933,851480791,39.27372,-76.62106,0,0
36934,19463244,39.27351,-76.62115,0,0
36935,851480789,39.26798,-76.63134,1,1
36936,25927223,39.26707,-76.63158,1,1
37061,25956099,39.2878,-76.61257,0,0
37087,25926642,39.29281,-76.65101,1,1
37114,25927133,39.26475,-76.6339,1,1
37134,25926920,39.29638,-76.64735,1,1
37141,25934664,39.30057,-76.62532,1,1
37214,25927867,39.28661,-76.63663,1,1
37289,25926496,39.28786,-76.6536,1,1
37296,25926990,39.29899,-76.64012,1,1
37358,25955617,39.27474,-76.61423,1,1
37359,983956776,39.27476,-76.61374,1,1
37375,25927116,39.26657,-76.63528,0,0
37393,826334144,39.26701,-76.62119,0,0
37413,25928001,39.28541,-76.62897,1,1
37425,25928489,39.29977,-76.62433,1,1
37480,25928326,39.28802,-76.62361,1,1
37493,25927266,39.26859,-76.62894,0,0
37507,25960536,39.30255,-76.61186,1,1
37574,25956308,39.29647,-76.61222,1,1
37576,25960541,39.30465,-76.61199,1,1
37583,25956465,39.29822,-76.61151,1,1
37643,25926712,39.28423,-76.64671,1,1
37668,25928311,39.28568,-76.6235,1,1
37669,888784518,39.28604,-76.62351,1,1
37670,888784516,39.28639,-76.62207,1,1
37671,25928323,39.28625,-76.62206,1,1
37673,888784514,39.28622,-76.62288,1,1
37674,25928312,39.28619,-76.62352,1,1
37739,25928571,39.29644,-76.6209,1,1
37786,25934361,39.30695,-76.63003,1,1
37857,288008935,39.27388,-76.621,0,0
37908,25926250,39.26483,-76.64408,1,1
37996,25927032,39.26287,-76.63535,0,0
38035,25934698,39.30146,-76.62304,1,1
38102,25923894,39.29919,-76.66518,1,1
38117,25927754,39.27507,-76.61945,1,1
38186,25927879,39.28866,-76.63596,1,1
38199,25956236,39.29357,-76.61403,1,1
38224,25926851,39.28658,-76.6373,1,1
38388,25926653,39.29375,-76.64897,1,1
38420,25956329,39.29046,-76.61104,1,1
38428,25927424,39.2722,-76.63006,1,1
38433,25960609,39.30541,-76.61205,1,1
38461,25955691,39.27275,-76.61085,1,1
38482,825624110,39.2946,-76.61082,1,1
38483,984039891,39.29621,-76.61104,1,1
38485,801872741,39.28704,-76.61214,1,1
38529,25933207,39.30642,-76.6385,1,1
38573,26967785,39.2723,-76.63019,1,1
38632,25933107,39.30536,-76.64403,1,1
38776,25926012,39.26743,-76.65163,1,1
38866,25956089,39.28779,-76.61283,0,0
38888,25927447,39.27874,-76.63009,1,1
38898,25934874,39.30669,-76.62004,1,1
38904,25960570,39.3062,-76.61462,0,0
38923,25956331,39.29126,-76.61108,1,1
38945,25928563,39.29491,-76.6213,1,1
38974,25955422,39.2662,-76.61547,1,1
38995,25956297,39.29519,-76.61374,1,1
38996,832246435,39.29551,-76.61377,1,1
39072,25927677,39.27914,-76.62439,1,1
39097,25926695,39.29874,-76.6475,1,1
39181,25926652,39.29375,-76.64968,1,1
39191,1074658677,39.27948,-76.64648,1,1
39193,25926395,39.27919,-76.64647,1,1
39209,25927870,39.2857,-76.63512,1,1
39327,25956244,39.29361,-76.61321,1,1
39367,25929757,39.30721,-76.66566,1,1
39441,25927956,39.28256,-76.6288,1,1
39471,25925958,39.26461,-76.65477,1,1
39501,25927372,39.27026,-76.63265,1,1
39523,875589403,39.28598,-76.62205,1,1
39524,25928322,39.28566,-76.62211,1,1
39760,25934873,39.30675,-76.62013,1,1
39765,26967779,39.26658,-76.63512,0,0
39793,25926019,39.26851,-76.65039,1,1
39794,25925967,39.26638,-76.65281,1,1
39810,287573974,39.29568,-76.61417,1,1
39839,25923893,39.29864,-76.66515,1,1
39858,25934337,39.30359,-76.63052,1,1
39869,25923685,39.28066,-76.66014,1,1
39870,25923651,39.28016,-76.66125,1,1
39871,811127489,39.28087,-76.6598,1,1
39872,811127490,39.28028,-76.66096,1,1
39904,25926571,39.28612,-76.64767,1,1
39958,336677839,39.27979,-76.61266,1,1
39971,25926991,39.29545,-76.63851,1,1
39996,25927363,39.27039,-76.63282,1,1
40020,25956311,39.29779,-76.61407,1,1
40049,25926867,39.29055,-76.64707,1,1
40092,25923848,39.29394,-76.6649,1,1
40106,25923646,39.28002,-76.66172,1,1
40132,25926685,39.297,-76.6474,1,1
40167,25927795,39.27463,-76.61703,1,1
40204,25960499,39.30237,-76.61596,1,1
40243,25934795,39.3015,-76.61958,1,1
40246,25925933,39.26338,-76.65615,1,1
40268,25926397,39.27818,-76.64596,1,1
40269,875589712,39.27894,-76.64646,1,1
40277,875589731,39.27759,-76.63929,1,1
40284,25926863,39.2886,-76.63744,1,1
40298,801657940,39.28658,-76.61275,0,0
40336,25956286,39.2986,-76.61554,1,1
40381,25934381,39.30737,-76.62744,1,1
40392,288028583,39.27065,-76.64803,1,1
40499,288007200,39.29278,-76.65087,1,1
40552,25926716,39.28318,-76.64486,1,1
40556,25928565,39.29492,-76.62102,1,1
40675,25926755,39.28765,-76.64691,1,1
40694,25928595,39.29629,-76.61695,1,1
40705,25956233,39.29234,-76.614,1,1
40762,25955657,39.27645,-76.61224,1,1
40765,25928492,39.29752,-76.62289,1,1
40770,801259019,39.28704,-76.6136,1,1
40771,25933156,39.30248,-76.63889,1,1
40831,25933205,39.30555,-76.63836,1,1
40994,25927869,39.28568,-76.63584,1,1
41013,25923925,39.29818,-76.66158,1,1
41072,25934285,39.30708,-76.6359,1,1
41103,25927960,39.28431,-76.6289,1,1
41144,25934877,39.30683,-76.6199,1,1
41194,25956238,39.29437,-76.61408,1,1
41204,25934680,39.30298,-76.62518,1,1
41507,25934270,39.30194,-76.63267,1,1
41511,25923498,39.28004,-76.66655,1,1
41519,25926456,39.27975,-76.65352,1,1
41708,25955670,39.27859,-76.61256,1,1
41753,25926838,39.28846,-76.64027,1,1
41769,918308398,39.306,-76.61402,0,0
41770,825623017,39.30599,-76.61343,0,0
41888,25956448,39.29729,-76.61129,0,0
41901,25956312,39.29834,-76.61411,1,1
41930,25928081,39.29343,-76.63237,1,1
42049,25922867,39.26531,-76.66681,1,1
42100,25960502,39.3024,-76.61514,1,1
42132,25926176,39.27073,-76.64796,1,1
42200,25960507,39.30351,-76.61447,1,1
42228,25926553,39.28802,-76.65007,1,1
42351,25926422,39.27024,-76.63954,0,0
42381,25956105,39.28859,-76.61222,1,1
42429,25928133,39.29011,-76.62749,1,1
42430,832247571,39.29121,-76.62746,1,1
42432,25928130,39.29011,-76.62775,1,1
42462,25956283,39.29859,-76.61587,1,1
42469,25960543,39.30542,-76.61622,1,1
42543,25955668,39.27767,-76.61245,1,1
42555,25928507,39.29965,-76.62273,1,1
42588,844701489,39.27087,-76.65587,0,0
42591,25926030,39.27041,-76.65691,0,0
42605,25929755,39.30527,-76.66554,1,1
42626,25955656,39.276,-76.61218,1,1
42697,25927886,39.28868,-76.6353,1,1
42700,25956328,39.29981,-76.61165,1,1
42703,25928505,39.29837,-76.62181,1,1
42712,25926928,39.29877,-76.64674,1,1
42722,25926432,39.27232,-76.63828,1,1
42782,25926445,39.28252,-76.6573,1,1
42853,984036029,39.30254,-76.62924,1,1
42854,25934342,39.30198,-76.62854,1,1
42869,25927980,39.28588,-76.63125,1,1
42910,25926872,39.29134,-76.64536,1,1
42959,25927859,39.28285,-76.63253,1,1
42973,25955425,39.26487,-76.61475,1,1
43049,25926996,39.29783,-76.63865,1,1
43204,25927788,39.27487,-76.61877,1,1
43273,801266390,39.28763,-76.61812,0,0
43274,809785587,39.28764,-76.61795,0,0
43278,25955568,39.2726,-76.61467,1,1
43306,25928072,39.29336,-76.63404,1,1
43333,25956209,39.29296,-76.61416,1,1
43359,25955692,39.27276,-76.61048,1,1
43383,25926973,39.29139,-76.63829,1,1
43455,25926745,39.28615,-76.6468,1,1
43467,25928493,39.29736,-76.62266,1,1
43565,25926177,39.27058,-76.64792,1,1
43598,25956100,39.28827,-76.6122,1,1
43758,25960565,39.3056,-76.61459,1,1
43817,25934347,39.30335,-76.62879,1,1
43850,25934783,39.30099,-76.62101,1,1
43853,25955454,39.26673,-76.61487,1,1
43980,25926498,39.28789,-76.65288,1,1
44004,25926924,39.29644,-76.64563,1,1
44188,806383136,39.29456,-76.61321,1,1
44189,25956252,39.29448,-76.61268,1,1
44190,806382851,39.29457,-76.61269,1,1
44302,925803896,39.28001,-76.62342,1,1
44303,809758055,39.28046,-76.62144,1,1
44446,25922843,39.26313,-76.66591,1,1
44449,984226053,39.26328,-76.66588,1,1
44450,984226052,39.26774,-76.65127,1,1
44451,25926013,39.26767,-76.65135,1,1
45009,25926585,39.29333,-76.65624,1,1
45010,984061250,39.29334,-76.65598,1,1
45208,984061333,39.30071,-76.63114,1,1
45411,25927963,39.28302,-76.62814,1,1
45412,984061999,39.28305,-76.6278,1,1
45414,825618032,39.27706,-76.66158,1,1
45415,1045092102,39.27709,-76.66148,1,1
45416,25923058,39.27677,-76.66251,1,1
45417,1045092103,39.27694,-76.66197,1,1
45663,984055478,39.29401,-76.61808,1,1
45664,25928548,39.29401,-76.61818,1,1
45692,984055477,39.29486,-76.62272,1,1
45693,954562686,39.29483,-76.62337,1,1
46026,810352525,39.28737,-76.61215,1,1
46027,950164184,39.28771,-76.61217,1,1
46105,983970136,39.28735,-76.62833,1,1
46106,25928009,39.28709,-76.62828,1,1
46239,25934312,39.30513,-76.63243,1,1
46240,984042806,39.30548,-76.63286,1,1
46241,984042807,39.29983,-76.62594,1,1
46242,25928470,39.29959,-76.62561,1,1
46243,25928146,39.29273,-76.62787,1,1
46248,984042808,39.3055,-76.63989,1,1
46249,25933179,39.30547,-76.64051,1,1
46260,984042810,39.28688,-76.62822,1,1
46261,809930710,39.28637,-76.62803,1,1
46269,25933165,39.30336,-76.63896,1,1
46270,984042805,39.30538,-76.63907,1,1
46369,25956234,39.29296,-76.61399,1,1
46370,984057067,39.29314,-76.614,1,1
46371,25928588,39.29501,-76.61824,1,1
46374,984057066,39.29508,-76.61604,1,1
46375,25928592,39.29505,-76.61688,1,1
46906,25956082,39.28604,-76.6124,1,1
47902,809743203,39.291,-76.62235,1,1
47904,25928442,39.29081,-76.62234,1,1
48261,983968893,39.30164,-76.62039,1,1
48262,19464087,39.30111,-76.62107,1,1
48265,25928223,39.28235,-76.62549,1,1
48266,984054049,39.28266,-76.62569,1,1
48286,984068739,39.26717,-76.66742,1,1
48287,25922935,39.26705,-76.66514,1,1
48288,984068740,39.30401,-76.66645,1,1
48289,25929728,39.30348,-76.66624,1,1
48292,984054801,39.29371,-76.65049,1,1
48293,25926641,39.29366,-76.65176,1,1
48361,25926823,39.28346,-76.63785,1,1
48362,984054662,39.28393,-76.63786,1,1
48838,25960542,39.30465,-76.61187,1,1
49058,25956230,39.29156,-76.61246,1,1
49059,950159944,39.29171,-76.61247,1,1
49135,888431221,39.29138,-76.61383,1,1
49136,25956219,39.29115,-76.61393,1,1
49137,888431222,39.2915,-76.61395,1,1
49201,25928355,39.28021,-76.62009,1,1
49310,876577161,39.2864,-76.64156,1,1
49311,25926827,39.28637,-76.64224,1,1
49359,25934389,39.30771,-76.62695,1,1
49485,984050491,39.29369,-76.62392,1,1
49486,25928444,39.2928,-76.62389,1,1
49794,970136199,39.28735,-76.6251,1,1
49795,322677591,39.28734,-76.6254,1,1
50219,25956341,39.29369,-76.61126,1,1
50259,25926773,39.28632,-76.64366,1,1
50342,953942428,39.28852,-76.62819,1,1
50343,25928024,39.28808,-76.62831,1,1
50344,953942429,39.28773,-76.62808,1,1
50352,322678957,39.30256,-76.61137,0,0
50409,25955475,39.26825,-76.61496,1,1
50466,25923844,39.29385,-76.66496,1,1
50469,25960501,39.30107,-76.61429,1,1
50494,287590252,39.28221,-76.64608,1,1
50504,888862220,39.28205,-76.62563,1,1
50580,288008655,39.27756,-76.64511,1,1
50582,25956464,39.2977,-76.61149,1,1
50590,26967788,39.26286,-76.63552,0,0
50634,25934848,39.30442,-76.61814,1,1
50647,25934336,39.30492,-76.63072,1,1
50648,968050315,39.30508,-76.63092,1,1
50650,968050316,39.30543,-76.63036,1,1
50654,968050317,39.30528,-76.6302,1,1
50655,25927896,39.28682,-76.63291,1,1
50662,25934871,39.30606,-76.61924,1,1
50756,25927464,39.2773,-76.62735,1,1
50811,25926301,39.26326,-76.64223,1,1
50827,25926354,39.27116,-76.64746,1,1
50916,25926534,39.2849,-76.65244,1,1
50988,25923773,39.28764,-76.65883,1,1
51030,25926696,39.29981,-76.64759,1,1
51133,25927889,39.28674,-76.63441,1,1
51150,25960540,39.30464,-76.61264,1,1
51169,25926748,39.28477,-76.64501,1,1
51174,25956270,39.2951,-76.6143,1,1
51176,25956146,39.28783,-76.61129,0,0
51341,25927932,39.28291,-76.6304,1,1
51351,25927410,39.27114,-76.6312,1,1
51357,25932827,39.30198,-76.6477,1,1
51505,25927446,39.27941,-76.63097,1,1
51511,25928600,39.29848,-76.61844,1,1
51517,25934378,39.30665,-76.62838,1,1
51521,288007173,39.29336,-76.65861,1,1
51524,287994017,39.27917,-76.61569,1,1
51590,25934702,39.30044,-76.6218,1,1
51687,25956015,39.27985,-76.61574,1,1
51711,25926614,39.29842,-76.65652,1,1
51858,25956048,39.28413,-76.61468,1,1
51860,25956087,39.28801,-76.61366,1,1
51861,813049963,39.28819,-76.61368,1,1
51910,25928506,39.29975,-76.62284,1,1
51956,25927697,39.27904,-76.62386,1,1
51957,25933111,39.30538,-76.64331,1,1
51976,25956213,39.29356,-76.61421,1,1
51983,25928153,39.29362,-76.6277,1,1
52034,25955519,39.2666,-76.61124,1,1
52050,25923892,39.29805,-76.66511,1,1
52061,25956310,39.2976,-76.61406,1,1
52085,25956350,39.29372,-76.61065,1,1
52089,908710054,39.27602,-76.62032,0,0
52091,25927743,39.27547,-76.62058,0,0
52150,968050932,39.30608,-76.62946,1,1
52151,25934358,39.30564,-76.63008,1,1
52152,968050933,39.30594,-76.62932,1,1
52153,25934359,39.30549,-76.62992,1,1
52154,25934373,39.30627,-76.62919,1,1
52155,25934374,39.30645,-76.62896,1,1
52156,968050934,39.30649,-76.62947,1,1
52157,968050935,39.30667,-76.62921,1,1
52158,968050937,39.30676,-76.6298,1,1
52160,968050938,39.30694,-76.62953,1,1
52230,25927926,39.28289,-76.63116,1,1
52232,25956242,39.29457,-76.61368,1,1
52378,25929746,39.30611,-76.66741,1,1
52412,25928500,39.29851,-76.62252,1,1
52474,25928258,39.28177,-76.6233,1,1
52482,813049965,39.29005,-76.6123,1,1
52485,813049966,39.29025,-76.61232,1,1
52486,813049964,39.29048,-76.61329,1,1
52488,806234850,39.28977,-76.61229,1,1
52541,25960535,39.30357,-76.61259,1,1
52670,273136441,39.26702,-76.61058,1,1
52769,984229570,39.27552,-76.64194,1,1
52797,25934865,39.30639,-76.62062,1,1
52862,25926509,39.28075,-76.65052,1,1
52863,984091430,39.28111,-76.64941,1,1
52928,25926709,39.28276,-76.64664,1,1
52966,25928222,39.28257,-76.62596,1,1
52968,984091429,39.28327,-76.62633,1,1
53009,288029671,39.26312,-76.64214,1,1
53059,968048298,39.30392,-76.62386,1,1
53060,25934686,39.30356,-76.62457,1,1
53061,968048297,39.30401,-76.6235,1,1
53062,968048296,39.30383,-76.62378,1,1
53063,25934685,39.30344,-76.62457,1,1
53064,968048295,39.30393,-76.62337,1,1
53065,968048294,39.30401,-76.62303,1,1
53066,968048293,39.30411,-76.62307,1,1
53084,25928313,39.2868,-76.62354,1,1
53102,25929747,39.30589,-76.6673,1,1
53186,25923768,39.28761,-76.65964,1,1
53188,25927676,39.27765,-76.62453,1,1
53223,25926710,39.28313,-76.64665,1,1
53296,25955654,39.2747,-76.61202,1,1
53297,25928332,39.28894,-76.62227,1,1
53417,25926743,39.28565,-76.64679,1,1
53443,25926848,39.28602,-76.638,1,1
53483,25934277,39.30314,-76.63312,1,1
53510,25955560,39.27154,-76.61519,1,1
53683,25926837,39.28844,-76.64097,1,1
53725,25934681,39.30307,-76.62505,1,1
53743,25956221,39.29117,-76.6134,1,1
53746,25933059,39.30312,-76.64602,1,1
53819,25926960,39.29412,-76.63985,1,1
53841,25923846,39.29362,-76.66464,1,1
53855,25928252,39.28138,-76.6233,1,1
53888,25928107,39.29941,-76.63409,1,1
53899,25934852,39.3034,-76.61741,1,1
53928,25926759,39.28821,-76.64588,1,1
54038,25928585,39.29845,-76.61922,1,1
54051,25923884,39.29541,-76.66493,1,1
54061,25923008,39.27362,-76.66658,1,1
54221,25956240,39.29423,-76.61367,1,1
54335,25934682,39.30316,-76.62512,1,1
54431,25923110,39.27909,-76.65926,1,1
54441,25956318,39.29975,-76.61302,1,1
54455,25956378,39.29452,-76.61017,1,1
54529,25928017,39.28607,-76.62727,1,1
54576,25956300,39.29574,-76.61379,1,1
54676,25926624,39.29852,-76.65388,1,1
54679,984231073,39.30727,-76.61647,1,1
54681,25960553,39.30711,-76.61631,1,1
54690,19464099,39.29466,-76.61412,1,1
54733,25956057,39.2806,-76.61274,1,1
54800,25934274,39.30274,-76.63365,1,1
54808,839982070,39.29321,-76.64545,1,1
54820,25960642,39.30256,-76.61158,0,0
54832,984230978,39.2692,-76.63484,1,1
54833,863439933,39.26889,-76.63419,1,1
54841,25928561,39.29407,-76.61681,1,1
54874,832285186,39.28281,-76.61288,1,1
54875,816467579,39.2828,-76.61312,1,1
54876,832285185,39.28313,-76.61316,1,1
54877,25956065,39.28223,-76.61283,1,1
54903,25956371,39.29586,-76.61086,0,0
54956,19463230,39.27938,-76.62391,1,1
55068,25960504,39.3045,-76.61615,1,1
55090,25928557,39.29403,-76.61775,1,1
55170,25928004,39.2865,-76.62902,1,1
55224,25923913,39.29333,-76.65933,1,1
55252,25934676,39.30476,-76.62688,1,1
55253,968049636,39.305,-76.62766,1,1
55254,968049639,39.30531,-76.62803,1,1
55256,25934351,39.30457,-76.62714,1,1
55260,968049643,39.30549,-76.62778,1,1
55262,968049638,39.30518,-76.6274,1,1
55440,25926690,39.29868,-76.64924,1,1
55473,25933061,39.30419,-76.64607,1,1
55531,25927957,39.28298,-76.62882,1,1
55907,25922839,39.26301,-76.66586,1,1
55909,25928413,39.28642,-76.61754,0,0
55910,25956301,39.29587,-76.61381,1,1
55911,832284604,39.28316,-76.61291,1,1
55920,287994000,39.28052,-76.6127,1,1
56041,25928448,39.29378,-76.62328,1,1
56114,25934715,39.30406,-76.62282,1,1
56144,25926822,39.28457,-76.63789,1,1
56179,25928584,39.29842,-76.62003,1,1
56190,25934784,39.30104,-76.6209,1,1
56267,25927959,39.28379,-76.62887,1,1
56297,25929716,39.30134,-76.66532,1,1
56323,25934858,39.30613,-76.62092,1,1
56362,25926018,39.26839,-76.65051,1,1
56371,25956217,39.29465,-76.61427,1,1
56436,25926784,39.28834,-76.64307,1,1
56469,25927695,39.27872,-76.62424,1,1
56529,25956134,39.28662,-76.61143,0,0
56576,25932852,39.30523,-76.64788,1,1
56766,25934924,39.3074,-76.61725,0,0
56786,25926186,39.27101,-76.64763,1,1
56824,26967787,39.26456,-76.63541,0,0
56938,25934656,39.30136,-76.62631,1,1
57043,25956153,39.28784,-76.61008,0,0
57643,25928450,39.29277,-76.62246,1,1
57776,25927986,39.28592,-76.63051,1,1
58271,832282781,39.2865,-76.6117,1,1
58401,809749483,39.28617,-76.61222,1,1
58402,832282860,39.28632,-76.61203,1,1
58704,25926436,39.27853,-76.63808,1,1
58705,984097471,39.27926,-76.63716,1,1
58785,954561388,39.29756,-76.62532,1,1
58786,811276439,39.29726,-76.62569,1,1
58797,805731313,39.29351,-76.63041,1,1
58798,954561385,39.29353,-76.62986,1,1
58799,954561384,39.2932,-76.62793,1,1
58800,25928141,39.29354,-76.62959,1,1
58801,954561387,39.29357,-76.63063,1,1
58803,954561386,39.29358,-76.62858,1,1
58808,805708013,39.2842,-76.61301,1,1
58929,25926603,39.29284,-76.6525,1,1
58956,25926016,39.26796,-76.651,1,1
58957,984226648,39.26836,-76.65054,1,1
58981,25926235,39.26597,-76.64524,1,1
58982,848135017,39.26666,-76.64532,1,1
59289,94251281,39.30699,-76.61663,0,0
59290,848135146,39.30723,-76.61699,0,0
59395,25926939,39.29884,-76.64435,1,1
59396,984326244,39.29884,-76.64429,1,1
59900,943870685,39.27447,-76.62077,0,0
59901,288008937,39.27401,-76.62126,0,0
59902,943870684,39.27454,-76.62101,0,0
59939,848134534,39.26601,-76.66733,1,1
59940,848134533,39.26631,-76.66667,1,1
60125,848134649,39.30184,-76.61133,0,0
60126,826381437,39.30121,-76.6113,0,0
60127,848134650,39.30205,-76.61134,0,0
60128,848134651,39.30157,-76.61132,0,0
60169,25934930,39.30768,-76.61768,0,0
60311,825618415,39.29423,-76.63175,1,1
60344,25927082,39.26501,-76.63538,0,0
60345,825618388,39.26559,-76.63535,0,0
60347,825618386,39.26523,-76.63537,0,0
60374,825618400,39.26914,-76.63134,0,0
60375,25927250,39.26908,-76.63109,0,0
60376,25928453,39.2943,-76.62258,1,1
60377,953936155,39.29459,-76.62259,1,1
60394,25928432,39.29371,-76.62499,1,1
60395,825618442,39.29359,-76.63142,1,1
60404,825618453,39.30743,-76.62097,1,1
60544,848134058,39.2696,-76.62395,0,0
60792,25934703,39.30053,-76.6219,1,1
60793,966372247,39.30083,-76.62225,1,1
60795,966372248,39.3008,-76.62151,1,1
60962,825618368,39.27032,-76.63846,0,0
60989,825618367,39.27087,-76.64778,1,1
61063,25932835,39.30303,-76.64778,1,1
61064,1029684724,39.3036,-76.64781,1,1
61233,25928476,39.29481,-76.62395,1,1
61389,25926181,39.27074,-76.64774,1,1
61390,966372949,39.30078,-76.62137,1,1
61391,25934781,39.30073,-76.62146,1,1
61392,966372948,39.30084,-76.62249,1,1
61393,25934704,39.3008,-76.62244,1,1
61663,832278269,39.2877,-76.61584,0,0
61664,25956071,39.28769,-76.61627,0,0
61697,832278273,39.28562,-76.61347,1,1
61698,809957741,39.28518,-76.61343,1,1
61720,322678992,39.29956,-76.6112,0,0
61721,826381436,39.30121,-76.61152,0,0
61722,25956472,39.29956,-76.61141,0,0
61723,826381435,39.3012,-76.61169,1,1
61725,826381439,39.30122,-76.61095,1,1
61726,826381438,39.30122,-76.61113,1,1
62013,954563892,39.30118,-76.62269,1,1
62077,322678031,39.29369,-76.62538,1,1
62342,888368861,39.3025,-76.61871,1,1
62343,954564435,39.30273,-76.61859,1,1
62920,813011524,39.28026,-76.6188,0,0
62921,825624347,39.2809,-76.61885,0,0
62925,25927822,39.27906,-76.61908,0,0
62926,825624348,39.28089,-76.61902,0,0
62960,25925947,39.26602,-76.65661,1,1
63013,25923710,39.28214,-76.65788,1,1
63086,25933055,39.30203,-76.64595,1,1
63137,825624418,39.2785,-76.61922,0,0
63142,825624417,39.27859,-76.61919,0,0
63146,825624414,39.27638,-76.61997,0,0
63147,25927752,39.27539,-76.62038,0,0
63148,825624415,39.27643,-76.62013,0,0
63149,825624416,39.27633,-76.61979,1,1
63150,288008943,39.27534,-76.62024,1,1
63157,25926545,39.28576,-76.64993,1,1
63180,25934365,39.30772,-76.63098,1,1
63207,25928461,39.29559,-76.62489,1,1
63241,25922985,39.26916,-76.66069,1,1
63283,25925934,39.26356,-76.65592,1,1
63312,810279489,39.27728,-76.61974,0,0
63313,825624526,39.27749,-76.61964,0,0
63315,806383135,39.29457,-76.61368,1,1
63380,25926847,39.28561,-76.63724,1,1
63392,26967770,39.2676,-76.6633,0,0
63409,26966153,39.2668,-76.61055,0,0
63452,25956309,39.2974,-76.61405,1,1
63661,25927938,39.27976,-76.62869,1,1
63670,25926951,39.29309,-76.64192,1,1
63709,25926981,39.29416,-76.63844,1,1
63858,25927851,39.28175,-76.63401,1,1
63905,25927866,39.28564,-76.63656,1,1
63932,25923633,39.28758,-76.66358,1,1
63949,287590249,39.26691,-76.65222,1,1
64012,25934338,39.30278,-76.62953,1,1
64279,25927438,39.27337,-76.62864,1,1
64385,25926861,39.28856,-76.63814,1,1
64462,25923776,39.28766,-76.65815,1,1
64515,25929733,39.30458,-76.6655,1,1
64552,25926356,39.27132,-76.64728,1,1
64642,25926883,39.29388,-76.64623,1,1
64657,25926061,39.27156,-76.65309,0,0
64681,25956296,39.29506,-76.61417,1,1
64709,25923928,39.29821,-76.66072,1,1
64970,25926858,39.28754,-76.63809,1,1
65029,25927690,39.27581,-76.62217,1,1
65033,25955619,39.27562,-76.61545,1,1
65057,25928579,39.29838,-76.62149,1,1
65069,25928483,39.29701,-76.62201,1,1
65084,953800904,39.28434,-76.61397,1,1
65087,25956049,39.2843,-76.6147,1,1
65140,25923556,39.27968,-76.66324,1,1
65146,25926869,39.29199,-76.64713,1,1
65183,25955673,39.27905,-76.61259,1,1
65239,25928233,39.2798,-76.62389,1,1
65339,25934346,39.30256,-76.62779,1,1
65345,25960555,39.30546,-76.61534,1,1
65386,25926544,39.28564,-76.65031,1,1
65559,25923693,39.28162,-76.65866,1,1
65646,25927922,39.28286,-76.63178,1,1
65665,25922883,39.26557,-76.66691,1,1
65677,25928574,39.29494,-76.62038,1,1
65741,25960589,39.30565,-76.61341,1,1
65742,825623016,39.30599,-76.61343,1,1
65760,25960548,39.30662,-76.61628,1,1
65761,825623014,39.30679,-76.6163,1,1
65803,909077338,39.29208,-76.62383,1,1
65804,25928438,39.29166,-76.6238,1,1
65807,25960665,39.30366,-76.61044,1,1
65843,25928150,39.29361,-76.62798,1,1
65849,25960652,39.30363,-76.61153,0,0
65900,25960545,39.30555,-76.61558,1,1
65924,825622898,39.30703,-76.61351,1,1
65929,25960635,39.30363,-76.61136,0,0
65931,215035037,39.30677,-76.61466,1,1
65932,1074912312,39.30751,-76.61471,1,1
65954,25927852,39.28129,-76.63342,1,1
66063,25928161,39.29435,-76.62768,1,1
66080,25956452,39.29664,-76.61078,1,1
66101,25960571,39.3062,-76.61462,1,1
66156,25955591,39.27262,-76.6141,1,1
66224,25956056,39.27995,-76.61267,1,1
66246,25934267,39.30048,-76.63265,1,1
66302,25956248,39.29238,-76.61253,1,1
66309,25928194,39.29584,-76.62739,1,1
66315,25932853,39.30659,-76.64798,1,1
66368,25925964,39.26563,-76.65364,1,1
66399,25926011,39.26696,-76.65217,1,1
66403,25926644,39.29299,-76.65033,1,1
66488,25923774,39.28764,-76.65875,1,1
66538,25956062,39.2842,-76.61331,1,1
66556,25926541,39.28529,-76.6513,1,1
66572,25928602,39.29851,-76.61776,1,1
66588,25955427,39.26563,-76.61479,1,1
66673,25926844,39.28651,-76.63941,1,1
66696,25922879,39.26573,-76.66698,0,0
66714,25956307,39.29646,-76.61279,1,1
66879,25923895,39.29814,-76.66286,1,1
66983,25926623,39.29847,-76.65499,1,1
66985,25927943,39.28137,-76.62874,1,1
67022,25934678,39.30398,-76.62594,1,1
67288,25927439,39.27344,-76.62874,1,1
67294,25960498,39.30235,-76.61668,1,1
67307,19464086,39.30753,-76.61716,0,0
67440,25928528,39.29395,-76.61974,1,1
67446,25926535,39.28503,-76.65214,1,1
67488,25926256,39.26439,-76.64353,1,1
67586,25934666,39.30012,-76.62475,1,1
67612,25956262,39.29633,-76.61627,1,1
67677,25927991,39.28695,-76.62981,1,1
67711,25926880,39.29382,-76.64722,1,1
67744,322677582,39.28898,-76.62366,1,1
67899,25926868,39.29128,-76.64711,1,1
67968,25926161,39.27023,-76.6484,1,1
67972,25926771,39.28628,-76.64439,1,1
68097,25927914,39.27973,-76.63141,1,1
68100,825624113,39.29374,-76.61011,1,1
68102,825624112,39.29461,-76.61049,1,1
68108,25956353,39.29375,-76.6105,1,1
68114,825624109,39.2946,-76.61098,0,0
68115,25956351,39.29372,-76.61065,0,0
68116,825624108,39.29461,-76.61065,0,0
68117,25956369,39.29361,-76.61022,0,0
68118,25956370,39.29379,-76.61033,1,1
68120,825624106,39.29383,-76.61017,1,1
68145,25926910,39.29307,-76.64262,1,1
68199,25926992,39.29669,-76.6386,1,1
68228,25927619,39.27046,-76.62253,0,0
68229,1074197675,39.27093,-76.62232,0,0
68339,25928575,39.29496,-76.6198,1,1
68342,25927996,39.28887,-76.63143,1,1
68380,25956255,39.29365,-76.61209,1,1
68433,25927348,39.26952,-76.63328,1,1
68454,25933191,39.30783,-76.63983,1,1
68550,25934266,39.30013,-76.63312,1,1
68594,25928128,39.29452,-76.63016,1,1
68750,25926832,39.28643,-76.64085,1,1
68773,25926474,39.28776,-76.65618,1,1
68811,94256005,39.3055,-76.61686,1,1
68857,287594052,39.26297,-76.66603,1,1
69044,25932837,39.30468,-76.64786,1,1
69189,25927911,39.28886,-76.63215,1,1
69425,25928441,39.29033,-76.62231,1,1
69491,25955605,39.27421,-76.61196,1,1
69495,25928452,39.29381,-76.62255,1,1
69530,25934912,39.30542,-76.61822,1,1
69651,848136106,39.29458,-76.61208,1,1
69653,806383137,39.29457,-76.61269,1,1
69668,25926859,39.28808,-76.63811,1,1
69818,25934665,39.30017,-76.62481,1,1
69945,25926876,39.29311,-76.64722,1,1
69987,25926854,39.28849,-76.63955,1,1
70019,1074692568,39.2756,-76.62148,1,1
70020,848235363,39.27558,-76.6214,1,1
70033,1074692552,39.27977,-76.61999,1,1
70034,1074692553,39.28003,-76.61984,1,1
70037,25927823,39.27906,-76.61908,1,1
70038,1074692550,39.27969,-76.6195,1,1
70039,882379042,39.27914,-76.6196,1,1
70040,1074692549,39.27935,-76.6197,1,1
70052,25927170,39.26902,-76.63338,1,1
70321,25934855,39.30448,-76.61681,1,1
70459,25934876,39.30688,-76.61996,1,1
70585,25956088,39.28779,-76.61309,0,0
70686,25934917,39.30536,-76.61753,1,1
70795,968122140,39.30642,-76.62868,1,1
70802,968122139,39.30669,-76.62868,1,1
70803,25934376,39.30633,-76.6288,1,1
70804,967790044,39.30542,-76.62816,1,1
70805,968122130,39.30599,-76.62839,1,1
70807,967790043,39.3056,-76.62791,1,1
70809,968122131,39.30582,-76.62865,1,1
70816,25926849,39.28655,-76.63802,1,1
70830,25934918,39.30547,-76.61753,1,1
70916,25932836,39.30412,-76.64784,1,1
71277,25956314,39.29866,-76.61414,1,1
71325,25923885,39.29567,-76.66495,1,1
71343,288010780,39.30213,-76.62647,1,1
71420,25960560,39.30598,-76.61529,1,1
71446,25925935,39.26398,-76.65546,1,1
71474,25926865,39.29006,-76.64702,1,1
71516,25934290,39.30752,-76.63532,1,1
71761,25929749,39.30522,-76.66698,1,1
71985,322677732,39.28649,-76.61512,0,0
71990,25927878,39.28866,-76.63604,1,1
72090,25934831,39.30233,-76.6176,1,1
72259,25960503,39.30344,-76.61606,1,1
72322,25955481,39.26634,-76.61274,1,1
72366,25928106,39.29919,-76.63451,1,1
72371,25926903,39.29301,-76.64473,1,1
72404,25926862,39.28911,-76.63819,1,1
72473,25955567,39.27259,-76.61525,1,1
72548,25923109,39.27859,-76.65897,1,1
72649,25928005,39.28698,-76.62904,1,1
72995,25960511,39.30111,-76.61309,1,1
73060,25926953,39.29406,-76.64127,1,1
73087,19463252,39.26713,-76.61791,0,0
73156,25927955,39.28209,-76.62877,1,1
73312,25960637,39.30206,-76.61092,1,1
73374,25928334,39.28953,-76.62228,1,1
73549,25923850,39.29441,-76.6649,1,1
73553,25926628,39.29853,-76.65343,1,1
73626,25929756,39.30596,-76.66559,1,1
73645,25928253,39.2812,-76.62316,1,1
73821,25928108,39.29979,-76.63358,1,1
73871,25926744,39.2868,-76.64684,1,1
73909,25926241,39.26741,-76.64543,1,1
73911,916324393,39.26754,-76.64554,1,1
74050,25932825,39.3009,-76.64764,1,1
74052,25934800,39.30421,-76.62148,1,1
74096,25934822,39.30231,-76.61798,1,1
74319,25926559,39.286,-76.64923,1,1
74397,25956055,39.27948,-76.61263,1,1
74528,25956201,39.2941,-76.61601,1,1
74661,25923851,39.29362,-76.66446,1,1
74775,25955461,39.26791,-76.61494,1,1
75230,25955634,39.27779,-76.61561,1,1
75243,25926390,39.27429,-76.64348,1,1
75333,26967768,39.26326,-76.66615,1,1
75401,25923112,39.27804,-76.65867,1,1
75411,25928257,39.28167,-76.62313,1,1
75412,25955603,39.27326,-76.61181,1,1
75429,25956054,39.2794,-76.61262,1,1
75433,25934854,39.30445,-76.61747,1,1
75457,26967744,39.2932,-76.65932,1,1
75478,25934697,39.30141,-76.62321,1,1
75483,25956264,39.29636,-76.61557,1,1
75490,25934842,39.30318,-76.61842,1,1
75502,25956260,39.2951,-76.6155,1,1
75543,25926754,39.28716,-76.64687,1,1
75639,25926833,39.28647,-76.64014,1,1
75691,25960551,39.30699,-76.61631,0,0
75715,312344725,39.30714,-76.62806,1,1
75725,25922903,39.26773,-76.66785,1,1
75811,288008597,39.29832,-76.65932,1,1
75868,25926952,39.29311,-76.64121,1,1
75932,25927426,39.27229,-76.62997,1,1
76054,25934677,39.30377,-76.62618,1,1
76067,25928157,39.29434,-76.62803,1,1
76150,25934881,39.3078,-76.62108,1,1
76155,19463865,39.30763,-76.62119,1,1
76371,25926955,39.29318,-76.63979,1,1
76421,25934909,39.30596,-76.61892,1,1
76580,25926923,39.2952,-76.64556,1,1
76600,288010757,39.30189,-76.62697,1,1
76601,968348604,39.30185,-76.62676,1,1
76603,968348605,39.30191,-76.62683,1,1
76606,968348603,39.3018,-76.62669,1,1
76668,25927340,39.26956,-76.63347,1,1
76684,25956271,39.2957,-76.61426,1,1
76711,25928446,39.29376,-76.62392,1,1
76761,288007172,39.29324,-76.65859,1,1
76839,25933086,39.3053,-76.64544,1,1
76949,25926915,39.29401,-76.64267,1,1
77015,25923941,39.29831,-76.65958,1,1
77067,25922901,39.26729,-76.66786,1,1
77153,19463239,39.28377,-76.62325,1,1
77292,25956294,39.29971,-76.6142,1,1
77349,215035129,39.30683,-76.61606,0,0
77352,25927408,39.27052,-76.63234,1,1
77439,25956068,39.28646,-76.6162,0,0
77547,25923038,39.2701,-76.66192,1,1
77580,25927463,39.27749,-76.62801,1,1
77665,25956104,39.28838,-76.61221,1,1
77703,848249308,39.26817,-76.6462,1,1
77704,25926242,39.26795,-76.64598,1,1
77752,25926470,39.28775,-76.65645,1,1
77782,25927854,39.2809,-76.63291,1,1
77809,25923683,39.27957,-76.65952,1,1
77867,25926714,39.28234,-76.64571,1,1
77975,25934716,39.30415,-76.62287,1,1
77985,25934284,39.30668,-76.63645,1,1
77991,25926693,39.2987,-76.64836,1,1
78168,25926999,39.29908,-76.63728,1,1
78208,25928462,39.29493,-76.62411,1,1
78232,25955658,39.27681,-76.6123,1,1
78239,25956340,39.29336,-76.61035,0,0
78260,288008384,39.27774,-76.65958,1,1
78286,25922881,39.26596,-76.66709,0,0
78319,25927977,39.28586,-76.63195,1,1
78333,25960523,39.30119,-76.61176,1,1
78391,25934268,39.30082,-76.6322,1,1
78433,925719023,39.27948,-76.61571,1,1
78434,25955638,39.27938,-76.6157,1,1
78518,25926520,39.28167,-76.64777,1,1
78618,25926931,39.29987,-76.64581,1,1
78696,322677936,39.28606,-76.61352,1,1
78718,806234852,39.28938,-76.6138,1,1
78719,25956093,39.28883,-76.61374,1,1
78720,25956106,39.28892,-76.61225,1,1
78721,806234853,39.28945,-76.61228,1,1
78724,25956107,39.28964,-76.61229,1,1
78726,25928031,39.28836,-76.62796,1,1
78728,806234851,39.28864,-76.6279,1,1
78747,25928035,39.289,-76.62778,1,1
78748,806234855,39.28925,-76.6277,1,1
78750,806234857,39.28772,-76.61521,0,0
78751,806234858,39.28774,-76.61475,0,0
78752,25956074,39.28773,-76.615,0,0
78753,25956095,39.28956,-76.61382,1,1
78754,806234854,39.28969,-76.61384,1,1
78815,25928250,39.28125,-76.62331,1,1
78970,25923011,39.27168,-76.66398,1,1
79005,25922893,39.26589,-76.66619,1,1
79010,25926750,39.28568,-76.64508,1,1
79028,25956265,39.29637,-76.61542,1,1
79184,825670614,39.27526,-76.62028,1,1
79319,25933083,39.30528,-76.64614,1,1
79349,25956315,39.29868,-76.61353,1,1
79383,25926729,39.28264,-76.64486,1,1
79428,25927913,39.28006,-76.63183,1,1
79596,25927671,39.27779,-76.62504,1,1
79625,25934801,39.3043,-76.62152,1,1
79748,25926760,39.2873,-76.64514,1,1
79805,288029858,39.2888,-76.633,1,1
79864,25926192,39.27099,-76.64744,0,0
79962,25955604,39.27361,-76.61186,1,1
79989,215035131,39.30671,-76.61617,0,0
80087,25934327,39.30117,-76.63171,1,1
80165,25960528,39.30353,-76.61383,1,1
80211,25926929,39.29762,-76.64569,1,1
80216,983940105,39.30704,-76.62101,1,1
80311,26967774,39.26656,-76.66734,1,1
80426,25933153,39.30054,-76.63881,1,1
80430,25926781,39.2883,-76.64378,1,1
80507,25926993,39.29687,-76.63861,1,1
80525,1074805529,39.26828,-76.62526,0,0
80543,288010783,39.30232,-76.62604,1,1
80549,336677836,39.28062,-76.61224,1,1
80570,25926904,39.29302,-76.64405,1,1
80662,25934273,39.30352,-76.63463,1,1
80664,968123820,39.30378,-76.63496,1,1
80677,25933082,39.30526,-76.64706,1,1
80825,26967745,39.29439,-76.66695,1,1
80871,25934311,39.30727,-76.63362,1,1
80949,888849946,39.28368,-76.62624,1,1
80950,25928218,39.28345,-76.62611,1,1
81022,288016776,39.307,-76.62789,1,1
81027,25923692,39.28138,-76.65904,1,1
81036,25926766,39.28952,-76.64526,1,1
81083,25927667,39.27711,-76.62669,1,1
81124,25933105,39.30533,-76.64473,1,1
81225,273136480,39.275,-76.62661,1,1
81247,25960568,39.30607,-76.61461,1,1
81295,25928526,39.29392,-76.62033,1,1
81303,25933206,39.30748,-76.63942,1,1
81319,826439454,39.26923,-76.6305,0,0
81320,25927256,39.26906,-76.63006,0,0
81322,826439453,39.26924,-76.63107,1,1
81342,322677935,39.28305,-76.61917,0,0
81395,25926191,39.27099,-76.64744,1,1
81587,25927982,39.28689,-76.6313,1,1
81596,25926758,39.28946,-76.647,1,1
81622,25926749,39.28523,-76.64504,1,1
81624,25928594,39.29628,-76.61761,1,1
81687,25934674,39.30266,-76.62559,1,1
81693,25960510,39.30109,-76.61367,1,1
81713,25933203,39.30552,-76.63908,1,1
81820,25934282,39.30519,-76.63667,1,1
81861,25926478,39.28778,-76.65556,1,1
81980,25923817,39.2944,-76.6667,1,1
82165,25928000,39.28485,-76.62894,1,1
82390,25955645,39.27478,-76.61336,1,1
82400,26967786,39.27037,-76.63229,1,1
82480,25933209,39.30697,-76.6388,1,1
82600,25934278,39.30355,-76.63255,1,1
82774,851500227,39.26837,-76.63445,1,1
82804,288008536,39.28249,-76.63305,1,1
82812,25926742,39.28515,-76.64674,1,1
82817,25927988,39.28692,-76.63056,1,1
82819,25926494,39.28786,-76.65379,1,1
82891,25928246,39.28104,-76.62319,1,1
82993,25926846,39.28557,-76.63795,1,1
83005,25926881,39.29449,-76.64727,1,1
83024,25927954,39.28295,-76.62961,1,1
83110,811169136,39.30661,-76.66741,1,1
83164,322678016,39.28359,-76.6192,0,0
83290,26965800,39.2684,-76.6291,0,0
83332,25929725,39.30454,-76.66666,1,1
83347,25923852,39.2932,-76.66387,1,1
83425,25933180,39.30551,-76.63978,1,1
83431,25928232,39.27976,-76.62373,1,1
83587,25923906,39.29312,-76.66133,1,1
83619,25926358,39.27114,-76.64728,0,0
83705,25956442,39.29649,-76.61149,1,1
83709,25923916,39.2934,-76.65778,1,1
83783,25926741,39.28464,-76.64674,1,1
83835,25934377,39.3068,-76.62854,1,1
83855,25956021,39.27987,-76.61456,1,1
83881,25955672,39.2789,-76.61258,1,1
83899,26967743,39.29326,-76.65777,1,1
84008,25934853,39.30341,-76.61672,1,1
84025,25928586,39.29498,-76.61898,1,1
84060,25927630,39.27296,-76.62188,0,0
84280,25934662,39.30239,-76.62612,1,1
84317,25927842,39.2814,-76.63633,1,1
84423,25927902,39.28876,-76.6338,1,1
84578,25928061,39.29428,-76.6356,1,1
84620,25929718,39.30183,-76.66552,1,1
84632,25933085,39.30667,-76.64625,1,1
84672,287994018,39.27986,-76.61536,1,1
84677,25926916,39.29514,-76.64731,1,1
84746,25928318,39.28535,-76.6223,1,1
84748,25926888,39.29363,-76.64546,1,1
84943,25928324,39.28686,-76.6221,1,1
85001,25955598,39.27268,-76.6125,1,1
85002,25927455,39.27445,-76.62726,1,1
85087,25927091,39.26473,-76.63523,0,0
85118,25926850,39.28705,-76.63807,1,1
85192,25923816,39.29425,-76.6669,1,1
85255,19463228,39.27999,-76.62363,1,1
85332,25926027,39.269,-76.64982,1,1
85333,984233413,39.26993,-76.64874,1,1
85334,984233412,39.26935,-76.64942,1,1
85335,984226650,39.26971,-76.649,1,1
85435,805697145,39.29862,-76.61482,1,1
85438,25956292,39.29862,-76.61493,1,1
85476,25923907,39.29325,-76.66133,1,1
85621,25927979,39.28685,-76.63202,1,1
85672,25933058,39.30473,-76.64612,1,1
85689,25926488,39.28482,-76.6527,1,1
85712,25926943,39.29889,-76.64293,1,1
85766,25956202,39.29412,-76.61545,1,1
85858,25923000,39.26758,-76.65863,1,1
85913,288029841,39.30509,-76.63656,1,1
85993,25933113,39.30541,-76.6426,1,1
86045,1074643236,39.27749,-76.66032,1,1
86065,25926917,39.29578,-76.64733,1,1
86129,25934362,39.30713,-76.62976,1,1
86189,25926786,39.28837,-76.64236,1,1
116952,25956335,39.29129,-76.61023,1,1
118164,965148365,39.29386,-76.62677,1,1
118988,25926587,39.29335,-76.65553,1,1
119239,888368865,39.30424,-76.62035,1,1
123177,983817033,39.26679,-76.66782,1,1
125570,25926130,39.27158,-76.6523,0,0
125572,25926129,39.2714,-76.65228,0,0
128105,984147269,39.27078,-76.65451,1,1
128289,825666591,39.26791,-76.61494,1,1
133208,848136323,39.26957,-76.63318,1,1
138912,826339739,39.26884,-76.6319,0,0
140946,25926567,39.28623,-76.64854,1,1
144407,25960598,39.30568,-76.61268,1,1
146178,25927094,39.26509,-76.63522,1,1
146395,25960597,39.30556,-76.6127,1,1
147911,25926882,39.29371,-76.64659,1,1
149643,25923631,39.28775,-76.66409,1,1
150059,809758069,39.2814,-76.62109,1,1
152804,851480777,39.26718,-76.61885,0,0
156215,25927405,39.26946,-76.63103,0,0
160238,984059353,39.28067,-76.62221,1,1
167112,25956148,39.28788,-76.61081,0,0
172309,25927092,39.26501,-76.63522,1,1
177324,882379973,39.27077,-76.64655,1,1
191438,25956268,39.29513,-76.61493,1,1
197915,811098874,39.29442,-76.6664,1,1
