39,25932994,39.31653,-76.6514,1,1
40,968127923,39.31706,-76.65133,1,1
41,26967721,39.3177,-76.65166,1,1
42,811080848,39.319,-76.64857,1,1
43,811080847,39.32111,-76.65331,1,1
44,25933040,39.31864,-76.64803,1,1
45,811080846,39.3198,-76.64973,1,1
46,288010705,39.3205,-76.65183,1,1
121,811080850,39.3188,-76.65201,1,1
122,25933010,39.31855,-76.65248,1,1
1172,811082043,39.31488,-76.64174,1,1
1173,25933324,39.31451,-76.64105,1,1
1174,811082042,39.31615,-76.64411,1,1
1330,25933031,39.3174,-76.64944,1,1
1331,984135138,39.31759,-76.64919,1,1
1332,25933231,39.31322,-76.64629,1,1
1334,984135137,39.31335,-76.64646,1,1
1337,984135136,39.31663,-76.64554,1,1
1338,811082041,39.31642,-76.64477,1,1
1351,984135144,39.32789,-76.65584,1,1
1352,984135143,39.32766,-76.65595,1,1
1353,983817148,39.32626,-76.65668,1,1
2026,25935626,39.3271,-76.62613,1,1
2370,984137180,39.3153,-76.64225,1,1
2371,25933258,39.31522,-76.64237,1,1
2890,968127917,39.3156,-76.65411,1,1
2891,25932930,39.31558,-76.65367,1,1
2892,968127918,39.31542,-76.65414,1,1
2893,25932898,39.31541,-76.65404,1,1
3606,25929896,39.31491,-76.6608,1,1
3607,917385025,39.31522,-76.65972,1,1
4013,875676823,39.34219,-76.65423,1,1
4577,967921839,39.32103,-76.66125,1,1
4578,25929935,39.32044,-76.65937,1,1
4650,811078121,39.32168,-76.66298,1,1
4651,967921782,39.32184,-76.66349,1,1
4813,967921657,39.32172,-76.66354,1,1
5556,895723515,39.34529,-76.62233,1,1
5557,882405903,39.34525,-76.62298,1,1
5558,895723528,39.34527,-76.62264,1,1
5631,25933186,39.31011,-76.64114,1,1
6322,967833731,39.33484,-76.65599,1,1
6323,25933717,39.33469,-76.65594,1,1
6368,1035664766,39.3144,-76.63464,1,1
6369,1035664768,39.31436,-76.63476,1,1
6370,25934408,39.31386,-76.63561,1,1
6710,967831218,39.3371,-76.63116,1,1
6711,25935541,39.33708,-76.63163,1,1
6712,967831219,39.33713,-76.63033,1,1
6713,25935542,39.33713,-76.63043,1,1
7075,811072117,39.33735,-76.63804,1,1
7076,25934225,39.33726,-76.63827,1,1
7077,811072116,39.3378,-76.6369,1,1
7078,25934227,39.33763,-76.63735,1,1
7079,811072115,39.33725,-76.63708,1,1
7080,25935491,39.33686,-76.6368,1,1
7081,811072120,39.34302,-76.63507,1,1
7082,25937287,39.34192,-76.63454,1,1
7083,811072119,39.34335,-76.63513,1,1
7084,811072118,39.3442,-76.63466,1,1
7085,811072121,39.34457,-76.63552,1,1
7086,25937276,39.34404,-76.63541,1,1
7087,25937279,39.34409,-76.63525,1,1
7172,983873028,39.34545,-76.64466,1,1
7173,984267834,39.34575,-76.64531,1,1
7475,983817149,39.31701,-76.63323,1,1
7476,25934456,39.31696,-76.63266,1,1
7477,273134868,39.3258,-76.6571,1,1
7641,983816493,39.33209,-76.66268,1,1
7642,25930371,39.33141,-76.66217,1,1
7643,983816494,39.3307,-76.66163,1,1
7644,25930281,39.33007,-76.66114,1,1
7645,983816496,39.32751,-76.65747,1,1
7646,25933484,39.32731,-76.65742,1,1
7948,1035661737,39.30809,-76.61358,1,1
8381,984103409,39.33124,-76.61592,1,1
8382,288003378,39.33094,-76.61543,1,1
8707,984103411,39.31799,-76.61257,1,1
8708,25960843,39.31799,-76.61285,1,1
8710,811074615,39.33719,-76.62903,1,1
8711,811074620,39.33709,-76.62508,1,1
8712,811074619,39.33723,-76.62811,1,1
8713,25935561,39.33722,-76.62843,1,1
8714,811074618,39.33715,-76.63002,1,1
8715,811074617,39.33716,-76.62962,1,1
8716,811074616,39.33717,-76.6295,1,1
8765,25937608,39.34664,-76.62231,1,1
8766,895728179,39.34745,-76.62247,1,1
8776,895728207,39.34779,-76.62253,1,1
8777,25937610,39.3475,-76.62248,1,1
9350,813341291,39.3126,-76.64658,1,1
9351,25933222,39.312,-76.64655,1,1
9394,813341292,39.31712,-76.65012,1,1
9395,25933006,39.31678,-76.65061,1,1
9396,813341293,39.31646,-76.65072,1,1
9397,25933005,39.31613,-76.65119,1,1
9622,825623012,39.30911,-76.62019,1,1
9623,844677384,39.31,-76.61976,1,1
9629,844677386,39.30856,-76.62049,1,1
9723,25960809,39.31943,-76.61548,1,1
9724,984105761,39.31953,-76.61549,1,1
9726,984105760,39.32061,-76.61557,1,1
9730,25961306,39.32207,-76.61311,1,1
9732,984105759,39.3221,-76.61243,1,1
9740,984105766,39.31794,-76.61434,1,1
9741,25960811,39.31792,-76.61481,1,1
9742,984105764,39.32188,-76.61564,1,1
9743,25961287,39.3207,-76.61558,1,1
9744,25960763,39.31123,-76.61496,1,1
9745,984105762,39.31146,-76.61498,1,1
10538,25961449,39.3308,-76.61505,1,1
10539,984107692,39.33088,-76.61517,1,1
10540,25961442,39.33143,-76.61624,1,1
10541,984107693,39.33154,-76.61642,1,1
10704,25930292,39.32572,-76.65785,1,1
10705,811078120,39.32608,-76.65767,1,1
10706,25933473,39.32585,-76.65715,1,1
10708,811078119,39.32612,-76.65691,1,1
10709,811078118,39.32706,-76.65642,1,1
10710,811078117,39.32487,-76.65809,1,1
10711,25930261,39.32434,-76.65922,1,1
10712,25930222,39.32195,-76.66385,1,1
10713,288010745,39.32114,-76.66119,1,1
10714,811078124,39.32352,-76.66111,1,1
10715,288010731,39.32301,-76.66254,1,1
10716,811078123,39.32276,-76.66311,1,1
10717,811078122,39.32239,-76.66355,1,1
10718,25930221,39.32183,-76.66391,1,1
11092,984176984,39.31795,-76.61404,1,1
11093,25960814,39.31794,-76.61422,1,1
11101,813475570,39.31078,-76.62699,1,1
11102,25934482,39.31073,-76.62797,1,1
11131,811078704,39.33056,-76.65417,1,1
11132,25933547,39.33029,-76.65401,1,1
11133,811078705,39.33041,-76.65362,1,1
11134,25933500,39.32805,-76.65577,1,1
11135,811078703,39.3299,-76.65449,1,1
11551,25933125,39.31001,-76.64368,1,1
11552,813343141,39.31004,-76.64316,1,1
11569,837414711,39.31111,-76.61865,1,1
11570,825618456,39.31092,-76.62085,1,1
11571,25935102,39.3111,-76.6193,1,1
11572,837414710,39.31094,-76.62023,1,1
11631,811074614,39.35205,-76.62328,1,1
11635,895700933,39.35244,-76.62335,1,1
11817,25934232,39.34,-76.63895,1,1
11820,25935533,39.33211,-76.62807,1,1
11821,984364244,39.33227,-76.62808,1,1
11824,984364243,39.34093,-76.63942,1,1
11873,25960623,39.30883,-76.61364,1,1
11874,984283939,39.30883,-76.61355,1,1
12524,811058625,39.34382,-76.64133,1,1
12525,25936337,39.34195,-76.63981,1,1
12526,811058626,39.34307,-76.63934,1,1
12527,25936352,39.34403,-76.64134,1,1
12528,25936339,39.34319,-76.64023,1,1
12529,811058624,39.34436,-76.64176,1,1
12530,811058627,39.34245,-76.63998,1,1
12547,25933009,39.31807,-76.65222,1,1
12548,967907372,39.31823,-76.6526,1,1
12716,811058313,39.34523,-76.64371,1,1
12717,25936300,39.34498,-76.64291,1,1
12718,811058311,39.34523,-76.64686,1,1
12719,811058312,39.34536,-76.64455,1,1
12720,25936291,39.34533,-76.64426,1,1
12721,25936049,39.34487,-76.65022,1,1
12722,25936252,39.34279,-76.6472,0,0
12723,811058308,39.34468,-76.65075,1,1
12724,25936043,39.34418,-76.65153,1,1
13254,813466781,39.33179,-76.6168,1,1
13255,813466782,39.3438,-76.62184,1,1
13256,25937585,39.34362,-76.6218,1,1
13257,25937633,39.34216,-76.62018,1,1
13258,813466783,39.3428,-76.621,1,1
13259,813466784,39.34232,-76.62041,1,1
13338,967906190,39.31863,-76.6534,1,1
13339,25932940,39.31851,-76.65336,1,1
13340,967906188,39.31854,-76.65345,1,1
13897,813468457,39.31125,-76.61445,1,1
13907,813468456,39.31757,-76.6142,1,1
13908,25960805,39.31737,-76.61419,1,1
13912,813468454,39.30981,-76.63304,1,1
13913,25934411,39.31047,-76.63398,1,1
13914,813468455,39.31051,-76.63325,1,1
13922,25934326,39.30949,-76.63264,1,1
14012,25935445,39.32708,-76.62777,1,1
14013,889838162,39.32709,-76.62751,1,1
14014,25935246,39.32559,-76.63365,1,1
14015,889838160,39.32782,-76.63374,1,1
14016,25935230,39.3247,-76.63424,1,1
14017,889838164,39.32587,-76.62507,1,1
14018,25935632,39.32576,-76.62498,1,1
14019,287616050,39.31786,-76.62051,1,1
14020,889838165,39.31838,-76.62094,1,1
14031,967905333,39.3188,-76.65391,1,1
14032,967905332,39.31869,-76.65391,1,1
14033,967905334,39.31862,-76.65368,1,1
14034,967905335,39.31871,-76.65364,1,1
15019,25960778,39.31127,-76.61379,1,1
15020,809520023,39.31147,-76.61378,1,1
15272,25936078,39.34516,-76.64752,1,1
15273,916287394,39.34519,-76.6472,1,1
15365,895704100,39.33498,-76.62149,1,1
15369,895704094,39.33482,-76.62153,1,1
15370,895704099,39.33492,-76.6214,1,1
15371,895704093,39.33487,-76.6216,1,1
15380,25935813,39.33678,-76.62456,1,1
15381,25935834,39.33691,-76.62446,1,1
15382,895704106,39.33687,-76.62471,1,1
15383,895704108,39.337,-76.62461,1,1
15525,25937559,39.34511,-76.62521,1,1
15526,895704281,39.34513,-76.62487,1,1
15527,895704282,39.34503,-76.62635,1,1
15528,25937556,39.34502,-76.62659,1,1
15631,1035659970,39.31016,-76.61374,1,1
15632,25960627,39.3099,-76.61371,1,1
16136,25934772,39.30925,-76.62287,1,1
16137,875160213,39.30963,-76.62334,1,1
16138,25934773,39.30933,-76.62276,1,1
16139,875160212,39.30974,-76.62328,1,1
16276,25935259,39.3223,-76.63173,0,0
16277,1074633469,39.32527,-76.63393,1,1
16278,889838161,39.325,-76.63414,1,1
16279,1074633470,39.32521,-76.63382,1,1
16868,19464084,39.31093,-76.62406,1,1
16869,889601605,39.31095,-76.62362,1,1
16886,889601602,39.34564,-76.64782,1,1
16953,916286780,39.32221,-76.66475,1,1
17299,895705940,39.33414,-76.62021,1,1
17300,288003344,39.33383,-76.61974,1,1
17301,895705936,39.33403,-76.62032,1,1
17302,288003345,39.33372,-76.61984,1,1
17741,25935892,39.33417,-76.62054,1,1
17742,25935893,39.33429,-76.62044,1,1
17743,1051830444,39.33443,-76.62094,1,1
17744,1051830449,39.33454,-76.62082,1,1
17797,967722983,39.34287,-76.639,1,1
17799,967722982,39.34287,-76.63867,1,1
18056,909105636,39.31918,-76.65507,1,1
18057,909105634,39.31907,-76.65512,1,1
18320,909105904,39.31584,-76.65723,1,1
18321,288016461,39.31581,-76.65764,1,1
18607,288016466,39.31597,-76.65769,1,1
18608,909105207,39.31599,-76.65734,1,1
18816,850771638,39.30942,-76.61369,1,1
18834,895711030,39.34534,-76.62188,1,1
18835,25937587,39.34531,-76.6221,1,1
18899,946245835,39.3108,-76.6237,1,1
18900,25935003,39.31078,-76.62405,1,1
19676,967722800,39.34304,-76.63899,1,1
19677,967722798,39.34292,-76.63934,1,1
19678,967722799,39.34304,-76.63863,1,1
20027,25934629,39.3186,-76.62942,1,1
20028,1074908033,39.31904,-76.62896,1,1
20080,984142833,39.31582,-76.64946,1,1
20081,25933028,39.31569,-76.64931,1,1
20431,25935815,39.33726,-76.62508,1,1
20586,94161128,39.34598,-76.6411,1,1
20730,984141139,39.31411,-76.66608,1,1
20731,25929852,39.3134,-76.66603,1,1
21013,25936274,39.34533,-76.6456,1,1
21014,984140642,39.34572,-76.64556,1,1
21707,25936276,39.34611,-76.64572,1,1
21708,984145081,39.34787,-76.64634,1,1
21709,25936258,39.3459,-76.64708,0,0
21710,984145082,39.34664,-76.64694,0,0
22136,25935463,39.33263,-76.63543,1,1
22137,1010445928,39.33268,-76.63545,1,1
22339,895714273,39.34657,-76.6223,1,1
22340,895711029,39.34551,-76.62213,1,1
22664,811055153,39.34028,-76.65803,1,1
22665,811055152,39.3399,-76.65793,1,1
22666,25935949,39.34187,-76.65738,1,1
22667,805618929,39.34129,-76.6579,1,1
22668,805618928,39.34104,-76.65754,1,1
22669,811055149,39.34168,-76.65756,1,1
22670,811055150,39.34128,-76.65715,1,1
22671,25930447,39.33906,-76.65772,1,1
22672,811055151,39.34081,-76.65844,1,1
22673,811055156,39.33938,-76.66694,1,1
22788,811055158,39.3527,-76.63399,1,1
22790,811055160,39.35273,-76.63414,1,1
22791,25937459,39.35195,-76.63447,1,1
22858,288008996,39.32991,-76.61618,1,1
22941,25933427,39.32439,-76.65694,1,1
22970,25934481,39.31059,-76.62797,1,1
22979,94245780,39.33137,-76.61614,1,1
23049,25931923,39.34436,-76.65879,1,1
23058,26967722,39.31717,-76.64603,1,1
23267,25932795,39.3095,-76.65565,1,1
23277,25934571,39.31848,-76.62954,1,1
23355,25934182,39.33618,-76.64105,1,1
23393,25961310,39.32336,-76.61319,1,1
23504,25934367,39.30791,-76.63072,1,1
23586,25932945,39.31841,-76.65251,1,1
23664,25961409,39.32846,-76.61025,1,1
23675,25935455,39.32999,-76.62794,1,1
23789,25933263,39.31785,-76.64725,1,1
23829,25937264,39.34353,-76.63632,1,1
23842,25935470,39.33419,-76.63592,1,1
23871,25930298,39.33065,-76.65986,1,1
23895,25934320,39.31008,-76.63383,1,1
24045,25961443,39.33155,-76.61623,1,1
24114,25933234,39.31389,-76.64558,1,1
24209,25960583,39.30879,-76.61479,1,1
24230,25932970,39.31141,-76.64825,1,1
24262,25933318,39.31368,-76.64149,1,1
24476,25933271,39.31697,-76.64571,1,1
24748,25934402,39.31326,-76.63665,1,1
24749,25932797,39.30952,-76.65508,1,1
24862,25935535,39.33293,-76.62813,1,1
24863,25937272,39.34369,-76.6364,1,1
24932,25933445,39.32181,-76.65491,1,1
25006,273125823,39.30969,-76.62091,0,0
25028,25935446,39.32798,-76.62782,1,1
25118,25960755,39.31102,-76.61655,1,1
25164,25933265,39.31728,-76.64664,1,1
25228,25936557,39.35275,-76.63989,1,1
25317,25961326,39.32818,-76.61596,1,1
25343,916227213,39.31539,-76.65978,1,1
25344,25929897,39.3151,-76.66085,1,1
25364,25929943,39.32029,-76.65852,1,1
25430,811078125,39.322,-76.66452,1,1
25431,916227215,39.32207,-76.66476,1,1
25452,25961298,39.32329,-76.61516,1,1
25491,25935397,39.32069,-76.62715,1,1
25509,25936042,39.34387,-76.65196,1,1
25550,287587782,39.3133,-76.62623,0,0
25551,25934475,39.31481,-76.63007,1,1
25560,25929846,39.31234,-76.66596,1,1
25788,25930383,39.33069,-76.65977,1,1
25823,288008038,39.3106,-76.63117,1,1
25979,889811437,39.31738,-76.63019,1,1
25980,825627396,39.31718,-76.62944,1,1
25983,25935588,39.32101,-76.62466,1,1
25984,889811436,39.32121,-76.62421,1,1
26007,25937651,39.34117,-76.61851,1,1
26428,25935456,39.33041,-76.62796,1,1
26487,25933442,39.32089,-76.65436,1,1
26554,25936449,39.35233,-76.64304,1,1
26558,25930340,39.33756,-76.66688,1,1
26577,25933266,39.31754,-76.64643,1,1
26587,25935538,39.33376,-76.62818,1,1
26673,25934319,39.30897,-76.63336,1,1
26722,25934363,39.30852,-76.63196,1,1
26832,25960626,39.30885,-76.6132,1,1
26955,25961329,39.32918,-76.61614,1,1
27014,25934635,39.31969,-76.62828,1,1
27157,25935469,39.33389,-76.63583,1,1
27183,25935532,39.33129,-76.62802,1,1
27234,25961518,39.33898,-76.61601,1,1
27246,25929892,39.31472,-76.66174,1,1
27259,25935101,39.31096,-76.61933,1,1
27316,25937611,39.34798,-76.62257,1,1
27378,25929758,39.30808,-76.66749,1,1
27412,25934401,39.31177,-76.63525,1,1
27425,287582088,39.31358,-76.62667,0,0
27455,25933325,39.31417,-76.64069,1,1
27501,25933123,39.30998,-76.64425,1,1
27520,25936076,39.34514,-76.64774,1,1
27605,25933015,39.31891,-76.65168,1,1
27627,25935712,39.32192,-76.61725,1,1
27641,25934317,39.30864,-76.6338,1,1
27685,26967724,39.32161,-76.65445,1,1
27688,25932026,39.35182,-76.6597,1,1
27691,25934424,39.31443,-76.63259,1,1
27749,26967707,39.34278,-76.64737,0,0
27799,25932968,39.31035,-76.64817,1,1
27851,25935607,39.32157,-76.62345,1,1
27880,25934608,39.31728,-76.6293,1,1
27890,25960897,39.31804,-76.6111,1,1
27984,287607441,39.32291,-76.63212,0,0
28056,25961308,39.32333,-76.6139,1,1
28070,983957275,39.33969,-76.66629,1,1
28073,25930351,39.33966,-76.66636,1,1
28085,25936245,39.34209,-76.64742,0,0
28086,983957272,39.34402,-76.64754,1,1
28235,25933433,39.32544,-76.65747,1,1
28264,25932810,39.30962,-76.65269,1,1
28290,25937321,39.34827,-76.63592,1,1
28358,25933430,39.3254,-76.6576,1,1
28448,25937332,39.34865,-76.63565,1,1
28460,25934734,39.30845,-76.62595,1,1
28520,25933033,39.31782,-76.64888,1,1
28678,25960710,39.30895,-76.61078,1,1
28718,25933190,39.30827,-76.64034,1,1
28727,25935565,39.33943,-76.62857,1,1
28748,25934494,39.31694,-76.63225,1,1
28783,25930295,39.32702,-76.65887,1,1
28800,25961324,39.32812,-76.61607,1,1
28951,25937305,39.34442,-76.63279,1,1
29033,288023012,39.31817,-76.64837,1,1
29042,25930301,39.32828,-76.658,1,1
29129,25937652,39.34126,-76.61846,1,1
29160,25934325,39.3093,-76.63292,1,1
29175,25933008,39.31843,-76.65239,1,1
29291,25932860,39.30786,-76.64806,1,1
29361,25935707,39.32184,-76.61928,1,1
29431,25960585,39.30986,-76.61486,1,1
29664,25961397,39.32825,-76.61107,1,1
29707,25933041,39.3185,-76.64789,1,1
29863,25933095,39.30883,-76.64636,1,1
29902,25935462,39.33088,-76.63492,1,1
29950,25933240,39.31055,-76.64307,1,1
29982,288003473,39.34208,-76.62026,1,1
30120,25930289,39.32607,-76.65817,1,1
30246,25934593,39.31711,-76.6294,1,1
30255,25934208,39.33692,-76.63916,1,1
30421,25930282,39.32947,-76.66069,1,1
30428,25933020,39.32007,-76.65084,1,1
30501,25934506,39.31646,-76.63039,1,1
30509,25934899,39.30922,-76.62013,0,0
30541,25937685,39.34531,-76.61711,1,1
30563,25936080,39.34599,-76.64797,1,1
30702,25936344,39.3443,-76.64194,1,1
30757,25932791,39.30945,-76.65718,1,1
31033,25961504,39.33641,-76.61497,1,1
31096,287609472,39.34114,-76.64754,0,0
31181,25934889,39.30994,-76.62166,0,0
31210,25960835,39.31796,-76.61354,1,1
31277,25933097,39.3099,-76.64643,1,1
31295,25960586,39.30988,-76.61426,1,1
31503,25934764,39.30987,-76.62402,1,1
31590,25932913,39.31967,-76.65659,1,1
31618,25935618,39.3231,-76.62291,1,1
31673,25934295,39.3096,-76.63654,1,1
31693,25934984,39.31324,-76.62635,0,0
31708,25961467,39.33478,-76.61509,1,1
31787,25935454,39.32948,-76.62792,1,1
31872,288008999,39.32652,-76.61596,1,1
31986,25933443,39.32094,-76.65426,1,1
31991,25935314,39.32704,-76.63278,1,1
32027,25961318,39.32807,-76.61551,1,1
32087,25933469,39.3259,-76.65762,1,1
32089,918179986,39.32612,-76.65758,1,1
32099,25935015,39.31084,-76.62286,1,1
32114,25932794,39.30948,-76.65596,1,1
32156,25933331,39.31157,-76.63943,1,1
32280,25961398,39.32825,-76.61099,1,1
32344,25960824,39.31538,-76.61404,1,1
32346,25934421,39.31442,-76.63388,1,1
32352,25961316,39.32692,-76.616,1,1
32423,25934932,39.30786,-76.61769,0,0
32472,288008415,39.31068,-76.64647,1,1
32498,25934959,39.31076,-76.62471,1,1
32663,25933422,39.32264,-76.65568,1,1
32695,25933447,39.32175,-76.65435,1,1
32706,25934413,39.31035,-76.63371,1,1
32788,25934297,39.30883,-76.63557,1,1
32851,25960782,39.31118,-76.61241,1,1
32874,25931965,39.35279,-76.66743,1,1
33030,25929843,39.31229,-76.66776,1,1
33057,25934736,39.30932,-76.62681,1,1
33143,26967719,39.31815,-76.64705,1,1
33214,25933021,39.32024,-76.65072,1,1
33228,25929836,39.30934,-76.65992,1,1
33245,25937284,39.3416,-76.63447,1,1
33452,25933789,39.332,-76.64841,1,1
33499,25935464,39.3332,-76.63561,1,1
33581,25932922,39.31928,-76.65538,1,1
33727,25961346,39.3282,-76.61216,1,1
33737,25937586,39.34433,-76.62194,1,1
33878,25937300,39.3443,-76.63373,1,1
33908,288003366,39.3306,-76.61473,1,1
33929,25961293,39.32202,-76.61448,1,1
34077,25930336,39.33384,-76.66403,1,1
34177,25935723,39.3232,-76.61716,1,1
34301,25960803,39.3179,-76.61537,1,1
34342,25935007,39.31116,-76.62343,0,0
34420,25933401,39.31559,-76.63896,1,1
34439,25929918,39.31567,-76.65892,1,1
34452,25934231,39.33934,-76.63855,1,1
34572,25935143,39.31848,-76.62102,1,1
34770,25935556,39.33974,-76.63064,1,1
34827,25934940,39.30903,-76.61777,1,1
34828,984037932,39.3093,-76.61779,1,1
34891,25934942,39.30976,-76.61714,1,1
34898,25933404,39.31619,-76.63884,1,1
34947,322678028,39.31853,-76.65255,1,1
35039,25933019,39.32,-76.65065,1,1
35166,25961441,39.33134,-76.61624,1,1
35250,25961299,39.32331,-76.61457,1,1
35385,25932921,39.3194,-76.65575,1,1
35468,25960628,39.30993,-76.61323,1,1
35519,25961400,39.32843,-76.61108,1,1
35520,25960771,39.31329,-76.61509,1,1
35713,25936365,39.34311,-76.6381,1,1
35850,25934484,39.31394,-76.62924,1,1
35912,25960711,39.31002,-76.61085,1,1
35925,25935894,39.33343,-76.61938,1,1
35949,25934236,39.33906,-76.63835,1,1
35997,25933257,39.31529,-76.64248,1,1
36033,25934556,39.31835,-76.63059,1,1
36246,25937318,39.34758,-76.63599,1,1
36303,25937391,39.3449,-76.628,1,1
36508,25931938,39.34648,-76.65943,1,1
36699,25935615,39.32217,-76.62216,1,1
36823,25961325,39.32808,-76.61595,1,1
36854,25934770,39.30843,-76.62193,1,1
37052,26967727,39.31029,-76.63474,1,1
37166,288009915,39.32335,-76.65622,1,1
37262,273134867,39.32515,-76.65749,1,1
37264,25930296,39.32828,-76.6598,1,1
37305,25930345,39.34035,-76.66697,1,1
37331,25932805,39.30953,-76.65487,1,1
37365,25935673,39.32125,-76.6214,1,1
37440,25929849,39.31438,-76.66788,1,1
37441,25929853,39.31443,-76.6661,1,1
37442,876487779,39.31443,-76.66626,1,1
37444,876487780,39.31444,-76.66578,1,1
37445,25935562,39.33728,-76.62715,1,1
37571,25963007,39.3454,-76.61628,1,1
37656,25930302,39.32947,-76.65889,1,1
37788,25930347,39.33962,-76.66644,1,1
37979,25931939,39.34718,-76.65923,1,1
38029,25935226,39.32286,-76.63227,0,0
38053,25933023,39.31997,-76.65011,1,1
38247,25933432,39.3255,-76.6575,1,1
38417,25937286,39.34185,-76.6347,1,1
38498,25933336,39.31255,-76.63782,1,1
38523,25933238,39.31437,-76.64506,1,1
38574,25935946,39.34027,-76.617,1,1
38578,25933320,39.31333,-76.64115,1,1
38726,25933025,39.31618,-76.64989,1,1
38744,25933431,39.32535,-76.65756,1,1
38754,25960716,39.31005,-76.61014,1,1
38783,25933022,39.32015,-76.65053,1,1
38836,25934743,39.30952,-76.62449,1,1
38922,25934588,39.31561,-76.6284,0,0
38963,288020561,39.31829,-76.64852,1,1
38970,895809232,39.34522,-76.62348,1,1
38971,895809233,39.34525,-76.62302,1,1
38972,882406133,39.34522,-76.62352,1,1
38978,336677743,39.31775,-76.61988,1,1
39095,25935301,39.32826,-76.63397,1,1
39138,25934582,39.31553,-76.62888,1,1
39150,25935117,39.31096,-76.61789,1,1
39228,336677771,39.32138,-76.6233,1,1
39287,25935534,39.33243,-76.62809,1,1
39312,25937387,39.34485,-76.62845,1,1
39353,25935719,39.32318,-76.61752,1,1
39398,25934766,39.3101,-76.62372,1,1
39448,288010768,39.31969,-76.65704,1,1
39449,984035701,39.32011,-76.65834,1,1
39484,25934400,39.31043,-76.63481,1,1
39790,25932965,39.31517,-76.65003,1,1
39865,25960802,39.31733,-76.61535,1,1
40087,25935584,39.32085,-76.62588,1,1
40138,25932993,39.31625,-76.65132,1,1
40162,25930300,39.32825,-76.65808,1,1
40201,25933029,39.31737,-76.64979,1,1
40202,288010001,39.31569,-76.62823,1,1
40313,94245785,39.33147,-76.61609,1,1
40574,25932918,39.31936,-76.656,1,1
40576,25929851,39.3129,-76.666,1,1
40680,25935903,39.33238,-76.61775,1,1
40730,25932919,39.31931,-76.65585,1,1
40914,25933122,39.30998,-76.64432,1,1
41062,288003665,39.34518,-76.64085,1,1
41100,25931949,39.34908,-76.65926,1,1
41129,841993571,39.34502,-76.64905,1,1
41130,811058309,39.34498,-76.64958,1,1
41359,25930288,39.32767,-76.65936,1,1
41541,26967715,39.32289,-76.66707,1,1
41576,25930267,39.32529,-76.65765,1,1
41624,25933132,39.31007,-76.64249,1,1
41792,968341675,39.3527,-76.66789,1,1
41799,25934390,39.30995,-76.62793,1,1
41812,918308395,39.31085,-76.62265,1,1
41861,25929920,39.31556,-76.65877,1,1
41939,25933007,39.31665,-76.65045,1,1
42123,25930349,39.33876,-76.66577,1,1
42128,25960709,39.30892,-76.61154,1,1
42317,25961517,39.3377,-76.61524,1,1
42337,25935836,39.33621,-76.62341,1,1
42348,25937377,39.34469,-76.62988,1,1
42498,25935617,39.32402,-76.62364,1,1
42501,25935612,39.32063,-76.62271,1,1
42526,25933037,39.31792,-76.64901,1,1
42580,25933317,39.31401,-76.64183,1,1
42624,25935042,39.3187,-76.62661,1,1
42654,25934469,39.31446,-76.63143,1,1
42723,25930255,39.32386,-76.6603,1,1
42725,25936261,39.34526,-76.64654,1,1
42823,25930318,39.33391,-76.66779,1,1
42908,25963031,39.34595,-76.61407,1,1
42984,25933239,39.31129,-76.64393,1,1
43159,25936340,39.34336,-76.64028,1,1
43395,25935515,39.34018,-76.63249,1,1
43509,25961331,39.33067,-76.61622,1,1
43547,26967718,39.31903,-76.6518,1,1
43601,322678027,39.31842,-76.65245,1,1
43690,25933004,39.31566,-76.65062,1,1
43724,25934957,39.31074,-76.62504,1,1
43760,25937385,39.3448,-76.62892,1,1
43813,25935838,39.33604,-76.62311,1,1
43818,25934619,39.31774,-76.62857,1,1
43872,25934364,39.30872,-76.63168,1,1
44495,25936358,39.34429,-76.64055,1,1
44496,1010526743,39.34489,-76.64075,1,1
44640,889822783,39.31313,-76.62843,1,1
44642,25934490,39.31284,-76.62817,1,1
44694,1010526632,39.3386,-76.66767,1,1
44695,25930341,39.33806,-76.66729,1,1
46660,25960905,39.31808,-76.61039,1,1
46850,967783900,39.30944,-76.63271,1,1
46852,25934412,39.31034,-76.63397,1,1
46853,967783895,39.31034,-76.63388,1,1
46947,984045230,39.33258,-76.66674,1,1
46948,848135552,39.3323,-76.66711,1,1
47081,1010524845,39.33923,-76.66614,1,1
47082,25930348,39.339,-76.66597,1,1
47083,1010524846,39.33929,-76.66712,1,1
47084,811055155,39.33917,-76.66735,1,1
47085,1010524842,39.33901,-76.6677,1,1
47086,25930344,39.33891,-76.6679,1,1
47087,25930350,39.33904,-76.66589,1,1
47088,1010524854,39.33926,-76.66606,1,1
47577,966382607,39.35047,-76.65951,1,1
47578,25931953,39.34995,-76.65942,1,1
48010,876575263,39.34508,-76.62559,1,1
48013,1053811912,39.31758,-76.62854,1,1
48391,876473181,39.31463,-76.66582,1,1
48392,25929854,39.31462,-76.6661,1,1
48393,876473179,39.31461,-76.66626,1,1
48394,25929850,39.31455,-76.66788,1,1
48779,25935814,39.33737,-76.62557,1,1
48780,968434161,39.33752,-76.62551,1,1
48782,968434162,39.33744,-76.62569,1,1
48979,288008039,39.31039,-76.63231,1,1
48982,968210391,39.3105,-76.62985,1,1
48984,288008049,39.31048,-76.63034,1,1
49021,968210328,39.31059,-76.63149,1,1
49022,968210327,39.31056,-76.63217,1,1
49023,968210329,39.3106,-76.63126,1,1
49024,25934416,39.31036,-76.63327,1,1
49027,968210325,39.31055,-76.63232,1,1
49028,968210324,39.31057,-76.62836,1,1
49029,813475571,39.31055,-76.62882,1,1
49030,25934418,39.31055,-76.63246,1,1
49031,968210322,39.31072,-76.62827,1,1
49032,968210321,39.3107,-76.62895,1,1
49033,968210323,39.31099,-76.62799,1,1
49035,288008048,39.31068,-76.62955,1,1
49038,25963061,39.34612,-76.61189,1,1
49039,983866355,39.34615,-76.611,1,1
49264,968210248,39.31137,-76.62802,1,1
49358,984064676,39.30797,-76.6266,1,1
49572,25935715,39.32315,-76.61846,1,1
49573,968325944,39.32316,-76.61807,1,1
49896,25935505,39.33739,-76.63415,1,1
49897,983864899,39.33764,-76.63529,1,1
49991,25937619,39.34959,-76.62285,1,1
50145,25933425,39.32269,-76.65557,1,1
50305,25935327,39.32845,-76.6341,1,1
50419,25934740,39.30883,-76.62543,1,1
50421,983935488,39.30922,-76.6249,1,1
50448,1011720805,39.32859,-76.63418,1,1
50519,25934938,39.30877,-76.61708,1,1
50651,287996514,39.33254,-76.6354,1,1
50690,25937275,39.34388,-76.63538,1,1
50764,25934765,39.31001,-76.62383,1,1
50777,25934478,39.31491,-76.62991,1,1
50821,25933185,39.30932,-76.64161,1,1
50946,25960784,39.31121,-76.61181,1,1
50962,25960775,39.31048,-76.61375,1,1
50990,25930297,39.32887,-76.66025,1,1
51019,25934949,39.31216,-76.6259,1,1
51068,25932987,39.31571,-76.65197,1,1
51070,288010671,39.3266,-76.65751,1,1
51103,287604156,39.34928,-76.63544,1,1
51196,25934185,39.33643,-76.64039,1,1
51314,25934487,39.3134,-76.62866,1,1
51489,25933043,39.31869,-76.64761,1,1
51491,25934522,39.31662,-76.62994,1,1
51680,25960823,39.31947,-76.61433,1,1
51731,25934639,39.31821,-76.62746,1,1
51777,25935468,39.33475,-76.63609,1,1
51778,25961399,39.32831,-76.61107,1,1
51881,25934508,39.31649,-76.63022,1,1
51977,25933237,39.31403,-76.64542,1,1
52006,25934953,39.31087,-76.62519,1,1
52292,25937282,39.34581,-76.63558,1,1
52348,25935675,39.3225,-76.62148,1,1
52711,288010789,39.32034,-76.62762,1,1
52750,25934493,39.31668,-76.63145,1,1
52766,25929838,39.30937,-76.65913,1,1
52773,287996515,39.33099,-76.63494,1,1
52775,25936064,39.34504,-76.64885,1,1
52776,916276164,39.34538,-76.64818,1,1
52913,287608159,39.31985,-76.65025,1,1
52990,25961289,39.32199,-76.61565,1,1
53150,25934395,39.3103,-76.63697,1,1
53156,25960810,39.31848,-76.61542,1,1
53219,25929844,39.31024,-76.66584,1,1
53298,25935901,39.33197,-76.61709,1,1
53313,25961322,39.32696,-76.61481,1,1
53572,26967711,39.33476,-76.66283,1,1
53626,25935695,39.32311,-76.61937,1,1
53681,25937278,39.34393,-76.63522,1,1
53701,25933438,39.32298,-76.65578,1,1
53728,25933189,39.30862,-76.64077,1,1
53852,25930188,39.32293,-76.66762,1,1
53986,876300757,39.31583,-76.64364,1,1
53987,968048899,39.31598,-76.64382,1,1
53988,876300746,39.31597,-76.6435,1,1
53990,968048898,39.31655,-76.64469,1,1
53992,968048900,39.3161,-76.64368,1,1
54098,25960758,39.31105,-76.61572,1,1
54144,25936244,39.34112,-76.64736,0,0
54289,25929840,39.30941,-76.65814,1,1
54318,25961292,39.32201,-76.61508,1,1
54360,25935161,39.31778,-76.61903,1,1
54403,25936450,39.35283,-76.64321,1,1
54433,25932998,39.31722,-76.6514,1,1
54524,288016518,39.31565,-76.65287,1,1
54527,25929841,39.31017,-76.6676,1,1
54558,25961323,39.3281,-76.6149,1,1
54605,25933330,39.31062,-76.63852,1,1
54634,25934961,39.31089,-76.62488,1,1
54635,983854180,39.31077,-76.62441,1,1
54637,25935019,39.31098,-76.62293,1,1
54638,983854182,39.31286,-76.62557,1,1
54671,983854181,39.31099,-76.62271,1,1
54673,984231072,39.31108,-76.62061,1,1
54686,25960825,39.31644,-76.61412,1,1
54691,25935708,39.32187,-76.61862,1,1
54693,984231074,39.3219,-76.61772,1,1
54697,984231075,39.31714,-76.61417,1,1
54698,25929773,39.3092,-76.66384,1,1
54763,25961297,39.32453,-76.61582,1,1
54812,916276623,39.34521,-76.64703,1,1
54814,916276622,39.34521,-76.64703,0,0
54858,25933249,39.31507,-76.64432,1,1
54870,25930337,39.33582,-76.66359,1,1
54910,25929759,39.30907,-76.66755,1,1
54963,25930268,39.32555,-76.6579,1,1
55008,25935466,39.33442,-76.63599,1,1
55045,25933227,39.31249,-76.64538,1,1
55131,25937299,39.34423,-76.63439,1,1
55163,25936298,39.34463,-76.6424,1,1
55284,25933752,39.33784,-76.65658,1,1
55379,26967708,39.34179,-76.64745,0,0
55471,25935573,39.33906,-76.62757,1,1
55702,25961396,39.32843,-76.61121,1,1
55776,25929815,39.30925,-76.66222,1,1
55813,25935837,39.33591,-76.62318,1,1
55824,25935141,39.31877,-76.62122,1,1
55876,25934642,39.31827,-76.62736,1,1
55880,25934647,39.31975,-76.62822,1,1
56037,288010657,39.33563,-76.66346,1,1
56077,25935902,39.33251,-76.61796,1,1
56142,25933769,39.33099,-76.65199,1,1
56251,25937304,39.34439,-76.633,1,1
56265,25935140,39.31775,-76.61975,1,1
56315,25933772,39.33143,-76.65052,1,1
56463,25933423,39.32176,-76.65501,1,1
56549,25932969,39.31089,-76.64822,1,1
56551,25963011,39.34577,-76.61478,1,1
56557,984227690,39.33314,-76.65582,1,1
56558,984228215,39.33378,-76.65594,1,1
56561,984228214,39.33244,-76.65528,1,1
56562,984227689,39.33141,-76.65467,1,1
56693,25933341,39.31435,-76.63778,1,1
56925,26967710,39.34076,-76.63285,1,1
57012,25929760,39.30964,-76.66757,1,1
57023,25930377,39.33481,-76.66277,1,1
57089,25933335,39.31094,-76.63759,1,1
57183,984227909,39.32848,-76.61492,1,1
57184,25961332,39.32827,-76.61491,1,1
57337,876572912,39.33012,-76.63476,1,1
57338,811100213,39.32971,-76.63463,1,1
57339,811100214,39.33029,-76.6348,1,1
57340,876572920,39.33048,-76.63485,1,1
57574,25933723,39.33126,-76.65458,1,1
57927,916235143,39.34482,-76.64807,1,1
58008,824562893,39.31111,-76.6144,1,1
58009,25960762,39.31109,-76.61495,1,1
58809,967699480,39.34495,-76.64276,1,1
58811,25936349,39.34475,-76.64231,1,1
58813,25936301,39.34478,-76.64268,1,1
58815,967699481,39.34486,-76.6428,1,1
59060,848135045,39.33493,-76.65603,1,1
59092,848134954,39.3151,-76.64995,1,1
59156,919728925,39.32457,-76.63424,1,1
59463,848134384,39.31701,-76.63508,1,1
59464,25934433,39.317,-76.63616,1,1
59555,875154339,39.31037,-76.62451,1,1
59557,19464085,39.31026,-76.62428,1,1
59559,875154338,39.31057,-76.62481,1,1
59560,875154337,39.31052,-76.62436,1,1
59561,25935002,39.31029,-76.62401,1,1
59609,25935606,39.32128,-76.62406,1,1
59610,848134312,39.32136,-76.62389,1,1
60093,25935691,39.32309,-76.62008,1,1
60094,848134685,39.32311,-76.61948,1,1
60170,848134673,39.30831,-76.61875,0,0
60206,25935623,39.32683,-76.62586,1,1
60207,1011714190,39.32692,-76.62592,1,1
60225,288010583,39.32627,-76.6254,1,1
60368,825618398,39.31083,-76.62315,0,0
60370,825618397,39.31083,-76.62315,1,1
60371,25935004,39.31081,-76.62345,1,1
60405,825618457,39.31084,-76.62286,0,0
60406,25934891,39.31013,-76.62169,0,0
60407,825618455,39.31089,-76.6215,1,1
60408,825618459,39.31048,-76.61953,1,1
60445,983927472,39.34181,-76.63976,1,1
60446,25936361,39.3411,-76.6395,1,1
60460,825618491,39.33485,-76.64446,0,0
60461,825618490,39.33478,-76.64464,0,0
60462,25934012,39.327,-76.64011,0,0
60482,825618494,39.33485,-76.64446,1,1
60483,825618493,39.33478,-76.64464,1,1
60507,25934576,39.3206,-76.63066,0,0
60508,825618484,39.32085,-76.63081,0,0
60509,25935344,39.32059,-76.63087,0,0
60510,825618485,39.32074,-76.63095,0,0
60522,25930416,39.34068,-76.66138,1,1
60523,848134011,39.34072,-76.66046,1,1
61042,25934523,39.31685,-76.63016,1,1
61043,848134284,39.31689,-76.6324,1,1
61045,848134285,39.31742,-76.63025,1,1
61135,984227032,39.34087,-76.66412,1,1
61136,25930364,39.34032,-76.66512,1,1
61143,25930373,39.33204,-76.66075,1,1
61145,984227034,39.33212,-76.66081,1,1
61438,25935552,39.3393,-76.63051,1,1
61439,983925590,39.33943,-76.63172,1,1
62117,966373904,39.34472,-76.64789,1,1
62166,918315222,39.34136,-76.63416,1,1
62422,25933295,39.31585,-76.64335,1,1
62423,25933292,39.31576,-76.64356,1,1
62479,811105814,39.33038,-76.61504,1,1
62480,25961333,39.32922,-76.61497,1,1
62481,25933042,39.31882,-76.64777,1,1
62482,25934398,39.31032,-76.63571,1,1
62483,811105813,39.31042,-76.63505,1,1
62484,876300733,39.31915,-76.64826,1,1
62485,811105811,39.31079,-76.61377,1,1
62486,25960776,39.31065,-76.61376,1,1
62487,811105812,39.31129,-76.61328,1,1
62503,918077740,39.33186,-76.66755,1,1
62504,25930308,39.33178,-76.66762,1,1
62505,918077738,39.31464,-76.6494,1,1
62506,25932976,39.31422,-76.64889,1,1
62507,918077739,39.31451,-76.64924,1,1
62596,1010516886,39.33454,-76.66267,1,1
62597,25930374,39.33444,-76.6626,1,1
62598,1010516888,39.33458,-76.6626,1,1
62599,25930378,39.33448,-76.66253,1,1
62770,875157802,39.3107,-76.62589,1,1
62771,25934952,39.31118,-76.62549,1,1
62772,875157803,39.3118,-76.62577,1,1
62773,916235142,39.3451,-76.64814,1,1
62775,966374637,39.34513,-76.64783,1,1
62970,25935898,39.33322,-76.61906,1,1
63082,25937289,39.34178,-76.6344,1,1
63306,25961315,39.32581,-76.61591,1,1
63369,25960789,39.31433,-76.61399,1,1
63513,288003379,39.3311,-76.61551,1,1
63650,25929761,39.30815,-76.66571,1,1
63669,25960777,39.31114,-76.61378,1,1
63710,25935899,39.33257,-76.61805,1,1
63736,25935069,39.32006,-76.62391,1,1
63785,25935053,39.31976,-76.62459,1,1
63845,25929847,39.31284,-76.6678,1,1
63931,26967717,39.31967,-76.65121,1,1
63933,25930203,39.32304,-76.66758,1,1
64011,25932862,39.30982,-76.64816,1,1
64019,25933003,39.3175,-76.65149,1,1
64046,25930453,39.34083,-76.65812,1,1
64103,288009970,39.3206,-76.65162,1,1
64115,25932946,39.31852,-76.65261,1,1
64250,25960581,39.30982,-76.61565,1,1
64328,25960798,39.31532,-76.61523,1,1
64357,25929842,39.31122,-76.66768,1,1
64463,25933104,39.30996,-76.64499,1,1
64510,25960761,39.31042,-76.61489,1,1
64588,25935453,39.32871,-76.62786,1,1
64794,25937393,39.34498,-76.62707,1,1
64900,25960632,39.31,-76.61159,1,1
64936,25933395,39.31584,-76.63956,1,1
64946,288029765,39.33383,-76.63581,1,1
64947,25935510,39.33712,-76.63304,1,1
64986,25937627,39.34309,-76.62133,1,1
65058,26966096,39.31372,-76.62636,1,1
65162,25935614,39.32189,-76.62275,1,1
65176,25933001,39.31764,-76.65171,1,1
65216,25933333,39.31024,-76.63831,1,1
65228,26967720,39.31763,-76.64941,1,1
65374,25933405,39.31637,-76.63849,1,1
65588,25935044,39.31889,-76.62631,1,1
65591,25961334,39.33072,-76.61505,1,1
65603,288016497,39.31252,-76.6281,1,1
65832,25960756,39.31118,-76.61656,1,1
66085,26967713,39.33829,-76.66541,1,1
66159,288009923,39.31561,-76.64117,1,1
66181,25961503,39.33769,-76.61534,1,1
66202,287604155,39.34931,-76.63561,1,1
66215,25961344,39.3299,-76.6136,1,1
66274,25961355,39.32216,-76.61112,1,1
66358,25933342,39.31485,-76.63826,1,1
66444,25934454,39.31667,-76.63266,1,1
66501,25934292,39.30826,-76.63631,1,1
66575,25961295,39.32326,-76.61574,1,1
66587,25961508,39.33641,-76.61481,1,1
66674,25933241,39.31158,-76.64429,1,1
66705,25961288,39.32195,-76.6164,1,1
66785,25961301,39.32457,-76.61466,1,1
66787,25934771,39.30853,-76.62179,1,1
66817,25935137,39.31776,-76.62036,1,1
66856,25960579,39.30875,-76.61558,1,1
66863,322677939,39.30966,-76.64816,1,1
66870,25933096,39.30985,-76.64731,1,1
66915,25931941,39.34824,-76.65913,1,1
66984,25934990,39.3135,-76.62607,1,1
66997,25929919,39.31573,-76.65874,1,1
67077,25934982,39.31292,-76.62644,1,1
67308,25960578,39.30872,-76.6164,1,1
67428,25929762,39.30912,-76.66575,1,1
67452,288010716,39.31468,-76.6425,1,1
67565,25934059,39.33241,-76.64689,1,1
67603,25932986,39.31585,-76.65212,1,1
67840,25930191,39.32262,-76.66661,1,1
67979,25961469,39.33477,-76.61497,1,1
68110,25933332,39.31206,-76.63864,1,1
68245,25935144,39.31929,-76.62164,1,1
68254,25961335,39.33038,-76.61437,1,1
68303,25960631,39.30998,-76.61232,1,1
68306,288029833,39.30919,-76.66401,1,1
68353,848136316,39.3386,-76.65729,1,1
68354,25933751,39.33821,-76.65685,1,1
68432,287609471,39.34208,-76.64724,0,0
68486,25961347,39.3284,-76.61217,1,1
68500,25960848,39.31138,-76.61094,1,1
68521,25933287,39.31526,-76.64411,1,1
68556,25961361,39.32345,-76.61113,1,1
68620,25934321,39.31017,-76.63347,1,1
68635,25930335,39.33515,-76.66504,1,1
68647,25935895,39.33352,-76.61928,1,1
68711,25929942,39.32018,-76.65856,1,1
68717,25933103,39.30993,-76.64568,1,1
68741,825621113,39.33189,-76.64227,0,0
68742,25934007,39.32711,-76.64046,0,0
68756,25933248,39.31486,-76.64454,1,1
68759,825621116,39.31917,-76.62882,1,1
68846,25937334,39.35001,-76.6353,1,1
68862,322677938,39.30953,-76.6464,1,1
68919,26967723,39.32291,-76.65588,1,1
68999,968123125,39.3186,-76.65331,1,1
69000,811080842,39.31812,-76.65212,1,1
69001,968123124,39.31835,-76.65233,1,1
69003,968123123,39.31831,-76.65242,1,1
69030,25935169,39.31785,-76.617,1,1
69215,25930334,39.33552,-76.66533,1,1
69221,25933754,39.33648,-76.65634,1,1
69222,848136212,39.3366,-76.65635,1,1
69416,19463857,39.33246,-76.61769,1,1
69421,882406134,39.34516,-76.62444,1,1
69862,25932948,39.32003,-76.65373,1,1
69897,25930338,39.33566,-76.6634,1,1
70113,25961341,39.32815,-76.6135,1,1
70255,25930357,39.33733,-76.66462,1,1
70263,25960785,39.31135,-76.61181,1,1
70281,25937331,39.3487,-76.63583,1,1
70377,25936408,39.34883,-76.64201,1,1
70433,25930356,39.33731,-76.66469,1,1
70444,25935100,39.3111,-76.61995,1,1
70453,19463856,39.33205,-76.61705,1,1
70516,25933786,39.3317,-76.6495,1,1
70719,25960773,39.31429,-76.61516,1,1
70896,876575260,39.34504,-76.62621,1,1
70898,882405909,39.34506,-76.62594,1,1
70956,336677814,39.32217,-76.61026,1,1
71273,25934298,39.30806,-76.6346,1,1
71363,848136335,39.33446,-76.64533,1,1
71364,288010723,39.33418,-76.64588,1,1
71396,25960783,39.31132,-76.61242,1,1
71458,25937623,39.34301,-76.62144,1,1
71525,882423236,39.35071,-76.62305,1,1
71526,895809915,39.35087,-76.62308,1,1
71527,895809918,39.35193,-76.62326,1,1
71710,25935581,39.32086,-76.62672,1,1
71757,25929763,39.30969,-76.6658,1,1
71772,25932982,39.31475,-76.64816,1,1
71843,25931954,39.35099,-76.6596,1,1
71942,25933719,39.3355,-76.65625,1,1
71943,848135492,39.33628,-76.65632,1,1
71956,25935576,39.33931,-76.62728,1,1
72118,25933315,39.31018,-76.63974,1,1
72225,25935118,39.31112,-76.6179,1,1
72279,25936254,39.34519,-76.6472,0,0
72289,848135428,39.33267,-76.64696,1,1
72290,25934060,39.33259,-76.64695,1,1
72384,25933397,39.31575,-76.63922,1,1
72390,26967660,39.34901,-76.64648,0,0
72423,25929845,39.31129,-76.6659,1,1
72598,322677570,39.3301,-76.61393,1,1
72842,25960815,39.31852,-76.61426,1,1
72877,25933188,39.30854,-76.64068,1,1
72911,25937373,39.34457,-76.63101,1,1
73068,25933483,39.3273,-76.65752,1,1
73070,848135163,39.32817,-76.65802,1,1
73088,25933346,39.3156,-76.64154,1,1
73104,25930355,39.33773,-76.665,1,1
73107,288010370,39.33694,-76.65639,1,1
73170,25960852,39.31129,-76.61021,1,1
73218,25933429,39.32466,-76.65702,1,1
73352,19463859,39.3112,-76.61574,1,1
73825,848135934,39.34376,-76.65807,1,1
73826,811055154,39.34296,-76.65725,1,1
73905,25930353,39.33678,-76.6643,1,1
73938,25929893,39.3149,-76.66179,1,1
73946,25932972,39.31193,-76.64828,1,1
73962,288009867,39.34669,-76.64755,1,1
73964,811058310,39.34523,-76.64686,1,1
73965,848135892,39.34686,-76.64732,1,1
74082,25930258,39.32054,-76.65932,1,1
74214,848135830,39.33885,-76.62732,1,1
74273,26967714,39.33879,-76.6657,1,1
74376,25933314,39.31015,-76.64039,1,1
74442,25935676,39.32275,-76.62096,1,1
74621,25934457,39.31695,-76.63254,1,1
74626,25932949,39.32008,-76.65361,1,1
74658,25960765,39.31228,-76.61502,1,1
74687,25961320,39.32585,-76.61476,1,1
74773,25937458,39.35158,-76.63448,1,1
74830,25935943,39.3402,-76.61709,1,1
74851,25929819,39.3093,-76.66115,1,1
74914,848135657,39.34,-76.63235,1,1
74950,25937460,39.3519,-76.63433,1,1
74954,848135663,39.35198,-76.6343,1,1
74957,25932978,39.31298,-76.64834,1,1
74958,848135665,39.31415,-76.64881,1,1
75100,25937371,39.34453,-76.63164,1,1
75213,25929848,39.31333,-76.66783,1,1
75262,25933026,39.31607,-76.64976,1,1
75375,25934235,39.33869,-76.63811,1,1
75425,25930372,39.332,-76.66082,1,1
75448,322677569,39.33051,-76.61459,1,1
75462,811100215,39.32883,-76.63432,1,1
75522,25933030,39.31725,-76.64964,1,1
75553,25932983,39.3143,-76.64762,1,1
75583,19463858,39.31142,-76.61023,1,1
75737,25960580,39.30979,-76.61647,1,1
76115,25936379,39.34295,-76.63799,1,1
76151,968045037,39.30811,-76.62136,1,1
76154,968045040,39.308,-76.62155,1,1
76171,25933497,39.3287,-76.65589,1,1
76214,25961305,39.32205,-76.61382,1,1
76424,25930362,39.33832,-76.66535,1,1
76427,25934226,39.33837,-76.63788,1,1
76465,25934941,39.30973,-76.61782,1,1
76565,25932846,39.30967,-76.6513,1,1
76566,25932861,39.30876,-76.64814,1,1
76751,25933340,39.3129,-76.63723,1,1
76752,25930354,39.33681,-76.66424,1,1
76874,25933434,39.32442,-76.65687,1,1
77023,25961294,39.32323,-76.61651,1,1
77065,25935231,39.3247,-76.63424,0,0
77133,26967716,39.31914,-76.65536,1,1
77159,25937335,39.34996,-76.63514,1,1
77225,25930198,39.32274,-76.66656,1,1
77269,25961342,39.32833,-76.61352,1,1
77307,25935851,39.33598,-76.62302,1,1
77321,25934228,39.33814,-76.63771,1,1
77390,25933351,39.31561,-76.64075,1,1
77405,25930331,39.33264,-76.66309,1,1
77489,288023013,39.31657,-76.65087,1,1
77499,25961521,39.33901,-76.61592,1,1
77544,25936316,39.34754,-76.64676,0,0
77679,25937319,39.34759,-76.63582,1,1
77707,25933343,39.315,-76.6384,1,1
77735,288003556,39.35048,-76.6351,1,1
77763,25961345,39.3294,-76.61276,1,1
77764,25929890,39.31461,-76.66256,1,1
77765,968349178,39.31458,-76.66309,1,1
77767,968349179,39.31468,-76.66205,1,1
77769,968349176,39.31484,-76.66211,1,1
77770,25929865,39.31456,-76.66345,1,1
77772,26967729,39.31471,-76.66355,1,1
77774,25929867,39.31478,-76.66258,1,1
77775,968349175,39.31475,-76.66303,1,1
77784,25929863,39.31451,-76.66433,1,1
77785,968349182,39.31454,-76.66375,1,1
77786,968349180,39.3147,-76.66376,1,1
77787,25929864,39.31468,-76.66444,1,1
77828,25935674,39.32155,-76.62076,1,1
77860,25934483,39.31179,-76.62805,1,1
78086,25935167,39.31783,-76.61766,1,1
78103,25935679,39.3218,-76.61999,1,1
78104,25934491,39.31465,-76.62803,1,1
78155,25930319,39.33348,-76.66703,1,1
78263,25937310,39.34447,-76.63232,1,1
78337,967932647,39.34159,-76.66788,1,1
78339,25931822,39.34111,-76.66757,1,1
78343,25931823,39.34114,-76.66746,1,1
78438,25933219,39.30983,-76.63826,1,1
78527,25934985,39.31364,-76.62655,0,0
78528,983941640,39.31478,-76.62762,0,0
78532,983941641,39.34095,-76.6335,1,1
78533,25935514,39.34066,-76.63302,1,1
78579,25934391,39.31004,-76.62787,1,1
78777,25935098,39.31096,-76.61984,1,1
78782,25937281,39.34579,-76.63576,1,1
78850,25932977,39.31519,-76.6487,1,1
78876,25930375,39.33332,-76.66176,1,1
78904,25932858,39.30972,-76.6499,1,1
78962,336676990,39.30877,-76.61516,1,1
78991,25934617,39.31658,-76.6287,1,1
79040,25933230,39.31288,-76.64659,1,1
79076,25933252,39.31526,-76.64304,1,1
79261,25960630,39.3089,-76.61226,1,1
79449,25932912,39.31957,-76.65662,1,1
79629,25960847,39.31125,-76.61093,1,1
79664,25934489,39.31404,-76.62907,1,1
79812,25932859,39.30977,-76.64901,1,1
79877,25933403,39.31541,-76.63878,1,1
79948,25930376,39.33335,-76.6617,1,1
79993,25933027,39.31552,-76.64909,1,1
80245,25935490,39.33643,-76.63659,1,1
80398,810378841,39.31009,-76.64174,1,1
80526,25930333,39.33499,-76.66491,1,1
80546,288003557,39.35044,-76.63494,1,1
80560,25935071,39.32034,-76.62333,1,1
80625,26967712,39.33776,-76.66494,1,1
80839,984231718,39.31284,-76.62533,1,1
80840,25934980,39.31249,-76.62505,1,1
80844,25935537,39.33528,-76.62828,1,1
80939,287609485,39.32224,-76.63188,0,0
80975,25934897,39.30911,-76.62019,0,0
81014,25933018,39.31959,-76.65104,1,1
81063,1029694211,39.34616,-76.61019,1,1
81065,25963097,39.34616,-76.61069,1,1
81192,25960844,39.318,-76.61212,1,1
81223,25933221,39.31094,-76.64648,1,1
81250,25935904,39.33264,-76.61797,1,1
81301,25935248,39.32556,-76.63359,1,1
81339,25934989,39.31317,-76.62574,1,1
81442,25935720,39.32319,-76.61733,1,1
81443,288007462,39.33312,-76.66675,1,1
81494,25960780,39.31234,-76.61388,1,1
81583,25933270,39.31682,-76.64604,1,1
81603,25934234,39.33849,-76.63797,1,1
81684,25930342,39.33706,-76.6665,1,1
81793,25935835,39.33612,-76.62352,1,1
81873,25960799,39.3164,-76.61529,1,1
81913,25935714,39.32314,-76.61869,1,1
82049,25937622,39.34344,-76.62177,1,1
82142,287604049,39.34762,-76.64165,1,1
82198,25961408,39.32829,-76.61024,1,1
82211,25930343,39.3361,-76.66577,1,1
82234,25961348,39.32906,-76.61218,1,1
82342,322679002,39.30958,-76.62103,0,0
82438,25935518,39.34038,-76.63226,1,1
82443,25933094,39.30792,-76.64632,1,1
82595,25934511,39.31716,-76.6307,1,1
82787,288010655,39.33585,-76.66353,1,1
82795,25935613,39.32097,-76.62204,1,1
82856,25930314,39.33294,-76.66665,1,1
82896,25933233,39.31287,-76.64585,1,1
82911,25932806,39.30956,-76.65409,1,1
82930,25930346,39.34038,-76.6669,1,1
82960,25935008,39.31096,-76.62338,1,1
82983,25933264,39.31697,-76.64629,1,1
83108,25935955,39.34169,-76.65602,1,1
83148,25930299,39.32944,-76.65897,1,1
83282,25935075,39.31977,-76.62201,1,1
83368,25935713,39.32314,-76.61882,1,1
83434,26967705,39.34738,-76.64662,0,0
83555,25934586,39.31558,-76.62856,0,0
83558,825627389,39.31711,-76.6294,1,1
83560,825627390,39.31776,-76.62974,1,1
83561,825627391,39.31816,-76.62987,0,0
83570,25934519,39.31751,-76.63021,1,1
83571,825627394,39.31803,-76.62983,1,1
83572,825627393,39.31776,-76.62974,0,0
83573,825627392,39.31803,-76.62983,0,0
83574,825627388,39.31711,-76.6294,0,0
83576,825627395,39.31816,-76.62987,1,1
83578,825627398,39.317,-76.62965,1,1
83580,825627397,39.31718,-76.62944,0,0
83582,825627399,39.317,-76.62965,1,1
83670,25935233,39.32487,-76.6342,0,0
83772,25935163,39.3178,-76.61835,1,1
83774,25929690,39.31532,-76.66791,1,1
83991,25961291,39.32075,-76.61442,1,1
84118,25933229,39.31351,-76.64667,1,1
84138,25937457,39.35161,-76.6346,1,1
84161,25934316,39.30834,-76.63421,1,1
84207,19464083,39.3111,-76.6236,0,0
84399,25960896,39.31803,-76.61135,1,1
84503,25934732,39.30806,-76.62648,1,1
84510,25935905,39.33332,-76.61897,1,1
84624,25935536,39.33446,-76.62822,1,1
85194,25935051,39.31945,-76.62531,1,1
85296,25933228,39.3137,-76.64691,1,1
85325,25936328,39.3491,-76.64629,0,0
85814,25933220,39.30903,-76.63731,1,1
85892,968126672,39.31547,-76.6528,1,1
85893,968126669,39.31572,-76.6548,1,1
85894,968126670,39.3157,-76.65544,1,1
85895,968126667,39.31539,-76.65365,1,1
85896,968126671,39.31588,-76.65541,1,1
85898,968126668,39.31555,-76.65489,1,1
85968,25934394,39.30915,-76.62703,1,1
86062,25960584,39.30881,-76.6142,1,1
86088,25961328,39.32825,-76.61543,1,1
86116,871895069,39.31159,-76.62305,1,1
86134,26967706,39.34588,-76.64691,0,0
86146,25930189,39.32289,-76.66748,1,1
86153,25960788,39.31333,-76.61391,1,1
117962,25935624,39.32713,-76.62651,1,1
123013,25935495,39.3378,-76.63602,1,1
123411,25934452,39.31705,-76.63393,1,1
128655,25936289,39.34537,-76.64479,1,1
134256,25932896,39.31585,-76.6564,1,1
134544,25932899,39.31601,-76.6564,1,1
134770,25937677,39.34542,-76.61866,1,1
144663,25935559,39.33978,-76.62974,1,1
146437,25934507,39.31669,-76.63032,1,1
156023,25935583,39.32086,-76.62617,1,1
177071,25931853,39.34092,-76.66395,1,1
189899,848135893,39.34572,-76.6468,1,1
199636,25935011,39.31251,-76.62341,1,1
