5171,287987835,39.3696,-76.43604,1,1
5172,287994802,39.37278,-76.4309,1,1
5173,808858360,39.37264,-76.43106,1,1
6519,834014370,39.38086,-76.42684,1,1
6520,834014369,39.38114,-76.42649,1,1
6521,26129737,39.38028,-76.4276,1,1
6522,26129722,39.3781,-76.42981,1,1
6523,834014373,39.37912,-76.42886,1,1
6524,834014371,39.37965,-76.42633,1,1
6525,834014372,39.37988,-76.42677,1,1
6526,834014368,39.38161,-76.4259,1,1
6527,26129738,39.38022,-76.42747,1,1
6563,808850294,39.37267,-76.43075,1,1
10393,883428126,39.38782,-76.42899,1,1
10394,833850948,39.3857,-76.43065,1,1
10395,883428138,39.39592,-76.43039,1,1
10396,26134668,39.39433,-76.42823,1,1
10397,883428140,39.38276,-76.42413,1,1
10398,834014367,39.38125,-76.42612,1,1
10399,883428141,39.38287,-76.42427,1,1
10400,834014366,39.38258,-76.42464,1,1
10405,883428115,39.39731,-76.43048,0,0
10406,26134666,39.39672,-76.43155,0,0
10408,26134664,39.3965,-76.43123,0,0
13112,273137760,39.39672,-76.43155,1,1
13113,835305807,39.39767,-76.43292,1,1
14549,983809418,39.37173,-76.42924,1,1
14550,968344170,39.36133,-76.41626,1,1
14728,848135775,39.3929,-76.42704,1,1
14729,983809245,39.39429,-76.42817,1,1
18235,808814824,39.36291,-76.42423,1,1
18257,808814823,39.36311,-76.42418,1,1
18258,808814821,39.37503,-76.43378,1,1
23105,833850954,39.38141,-76.43366,1,1
23555,984072434,39.37571,-76.42056,1,1
23566,984072437,39.35407,-76.39462,1,1
23569,848135577,39.36491,-76.42344,1,1
23570,984072436,39.36505,-76.42332,1,1
23572,984072435,39.35932,-76.39272,1,1
25591,26129819,39.37547,-76.41663,1,1
25870,287986565,39.38336,-76.43144,1,1
26357,26132408,39.36368,-76.37894,1,1
27113,336677951,39.38293,-76.43052,1,1
27280,287985828,39.39583,-76.40728,1,1
27793,26129672,39.36974,-76.4233,1,1
28450,26129457,39.3723,-76.43377,1,1
28642,833848342,39.37312,-76.43337,1,1
28643,26129456,39.37234,-76.43393,1,1
31224,874808283,39.37187,-76.43245,1,1
31225,874808282,39.37237,-76.43136,1,1
31226,874808281,39.37108,-76.43462,1,1
31227,26129403,39.36953,-76.4359,1,1
31746,838706920,39.36273,-76.42428,1,1
31747,26129660,39.36219,-76.42446,1,1
32245,833850952,39.3843,-76.43174,1,1
32247,26129512,39.38045,-76.43431,1,1
32248,833850951,39.38518,-76.43107,1,1
32249,26134633,39.38371,-76.43221,1,1
32251,833850950,39.38424,-76.43314,1,1
32252,833850949,39.38542,-76.43475,1,1
33752,26129455,39.37196,-76.434,1,1
33807,26134792,39.38991,-76.41476,1,1
34592,26129550,39.357,-76.43111,1,1
34718,287989840,39.37218,-76.43384,1,1
35229,838706857,39.35417,-76.40898,1,1
35231,838706859,39.35421,-76.4092,1,1
36218,26134663,39.3917,-76.42592,1,1
36288,833846341,39.37335,-76.43175,1,1
36289,808858359,39.3729,-76.43109,1,1
36290,833846342,39.37366,-76.43222,1,1
36402,26132295,39.36276,-76.38833,1,1
36592,287985833,39.38533,-76.42101,1,1
37477,287985830,39.39297,-76.411,1,1
37478,838706729,39.39482,-76.40858,1,1
37827,26135713,39.39771,-76.40481,1,1
37845,26129225,39.35351,-76.43566,1,1
37970,833847495,39.37365,-76.43302,1,1
37972,287985846,39.37336,-76.43321,1,1
37973,833847494,39.37496,-76.43209,1,1
37974,833847493,39.37082,-76.42771,1,1
37976,833847492,39.37201,-76.42921,1,1
37977,833847491,39.37236,-76.42973,1,1
38709,26129734,39.38175,-76.42902,1,1
40967,26129571,39.36078,-76.42565,1,1
41082,838706673,39.39472,-76.40845,1,1
41083,287985831,39.39286,-76.41089,1,1
41931,26129464,39.3721,-76.43306,1,1
42101,273137761,39.3965,-76.43123,1,1
42107,26129580,39.36139,-76.42501,1,1
42502,273133294,39.39302,-76.43427,0,0
43949,273133293,39.3932,-76.43464,0,0
45571,983790549,39.38113,-76.42857,1,1
45572,26129736,39.38051,-76.42805,1,1
46846,809075028,39.37318,-76.43089,1,1
51436,26132297,39.36303,-76.38671,1,1
53177,26129478,39.37479,-76.43409,1,1
54286,983781321,39.37248,-76.43328,1,1
57941,26129770,39.37782,-76.42446,1,1
57942,916172349,39.37832,-76.42484,1,1
58633,848134728,39.3634,-76.39695,1,1
59161,26129814,39.37555,-76.41718,1,1
59404,848135080,39.36087,-76.39086,1,1
59895,26129795,39.3664,-76.41495,1,1
59896,848134562,39.36753,-76.4074,1,1
60266,26129227,39.35456,-76.43444,1,1
60267,848134604,39.35524,-76.43363,1,1
60528,848134010,39.38326,-76.43256,1,1
60529,833850955,39.38304,-76.43274,1,1
60530,848134009,39.38347,-76.4324,1,1
61730,808814822,39.37289,-76.43052,1,1
61731,809104777,39.37229,-76.43117,1,1
61732,26129459,39.37205,-76.43333,1,1
61734,809104776,39.373,-76.43065,1,1
61736,809104778,39.37253,-76.43052,1,1
61737,809104779,39.37273,-76.43028,1,1
62319,838786952,39.3617,-76.38893,1,1
63006,26129735,39.38156,-76.42888,1,1
63197,26129471,39.37333,-76.43304,1,1
63608,984081788,39.36727,-76.40977,1,1
63609,848134561,39.36702,-76.41226,1,1
63621,26129665,39.36559,-76.42286,1,1
63622,984081787,39.36608,-76.42076,1,1
63942,26134798,39.39171,-76.41264,1,1
64434,808858354,39.35995,-76.40921,1,1
64435,968344171,39.3615,-76.41624,1,1
64436,808858353,39.3598,-76.40947,1,1
64682,26135714,39.39757,-76.40472,1,1
67206,287985829,39.39571,-76.40716,1,1
68314,26131809,39.37108,-76.41022,1,1
68914,287627114,39.37802,-76.42968,1,1
68915,833993319,39.37955,-76.42826,1,1
69061,848136184,39.36623,-76.41807,1,1
69062,26129777,39.36619,-76.41888,1,1
70337,26129551,39.3576,-76.43018,1,1
71453,26129663,39.36482,-76.42352,1,1
72255,848135421,39.37732,-76.42409,1,1
72256,26129756,39.37605,-76.42284,1,1
73279,848136062,39.37889,-76.43636,1,1
74559,287986112,39.39217,-76.42647,1,1
74808,848135686,39.38527,-76.42109,1,1
75513,26129573,39.36122,-76.42514,1,1
76413,26134806,39.39725,-76.42143,1,1
76741,26131818,39.36521,-76.40165,1,1
79329,26129751,39.37267,-76.42279,1,1
79551,26134698,39.39547,-76.42286,1,1
81049,287985834,39.38524,-76.42089,1,1
81096,26131819,39.36771,-76.40615,1,1
81150,26129670,39.36836,-76.42317,1,1
82290,26129674,39.3711,-76.42336,1,1
82316,984085548,39.37297,-76.4134,1,1
82317,984079315,39.37149,-76.41093,1,1
82499,824693821,39.37222,-76.43401,1,1
82500,808858358,39.37202,-76.43417,1,1
83183,832125077,39.35552,-76.39475,1,1
83185,984085123,39.3562,-76.3944,1,1
84255,26134791,39.39,-76.41488,1,1
85156,19461271,39.39162,-76.41254,1,1
85872,26129556,39.35803,-76.42954,1,1
139491,848134983,39.37573,-76.42005,1,1
