103,967716030,39.35694,-76.6348,1,1
2384,966376102,39.36792,-76.65425,1,1
2385,984256123,39.36793,-76.65431,1,1
2390,25932692,39.37198,-76.6599,1,1
2391,984256119,39.37234,-76.66016,1,1
2418,25936691,39.36936,-76.65656,1,1
2419,949699104,39.36977,-76.65688,1,1
2420,949699099,39.3689,-76.65605,1,1
2421,25936714,39.36811,-76.65484,1,1
3728,930734114,39.36243,-76.65018,0,0
3729,917401603,39.36222,-76.6502,0,0
3730,930734115,39.36206,-76.65023,0,0
3731,26967654,39.36087,-76.6504,0,0
3733,930734113,39.39219,-76.66608,0,0
5643,832001383,39.37997,-76.62717,1,1
5644,832001384,39.38135,-76.62736,1,1
5645,25938072,39.37957,-76.62712,1,1
5646,832001376,39.38049,-76.62113,1,1
5647,832001377,39.38059,-76.62095,1,1
5648,832001375,39.38009,-76.62178,1,1
6141,838201822,39.39586,-76.61746,1,1
6142,25984580,39.39562,-76.61534,1,1
7415,918322707,39.36195,-76.63107,1,1
8702,25937722,39.35322,-76.62349,1,1
8738,25947397,39.39618,-76.62419,1,1
8739,878307800,39.39626,-76.6238,1,1
10755,25938224,39.37441,-76.62649,1,1
10756,1054372828,39.37487,-76.62654,1,1
10758,1054372831,39.37352,-76.62638,1,1
10761,90696382,39.37299,-76.62632,1,1
11050,984140641,39.36621,-76.65626,1,1
11051,984383202,39.36656,-76.65548,1,1
11110,25963652,39.36494,-76.6134,1,1
11321,287997682,39.38529,-76.63598,1,1
11322,1054373130,39.38553,-76.63731,1,1
11323,918302919,39.38876,-76.62608,1,1
11324,1054373127,39.38927,-76.62758,1,1
11636,895700936,39.35358,-76.61927,1,1
11637,882416620,39.35348,-76.62041,1,1
11638,895700935,39.35326,-76.6235,1,1
11640,895700937,39.35336,-76.62183,1,1
11641,811074612,39.35326,-76.62298,1,1
11781,917392421,39.36004,-76.65107,1,1
11782,25936163,39.35552,-76.64936,0,0
11836,940381384,39.37554,-76.66068,1,1
11837,848134887,39.37536,-76.66056,1,1
12348,810999505,39.36211,-76.64201,1,1
12349,25937841,39.36219,-76.637,1,1
12350,810999503,39.36226,-76.64205,1,1
13183,810235710,39.38093,-76.66075,0,0
13184,1054374089,39.38479,-76.66222,0,0
13185,1054374090,39.38473,-76.66249,0,0
13188,1054374092,39.38479,-76.66222,1,1
13189,916172042,39.38473,-76.66249,1,1
13190,25936892,39.37404,-76.65034,1,1
13191,1054374081,39.3758,-76.65092,1,1
13192,25937065,39.37355,-76.64682,1,1
13193,1054374079,39.37365,-76.64646,1,1
13214,832060442,39.38456,-76.62643,1,1
13215,1054374076,39.38623,-76.62456,1,1
15949,882416619,39.35374,-76.62496,1,1
15950,25937721,39.35371,-76.6253,1,1
15969,811074613,39.35342,-76.62112,1,1
16149,810336046,39.36701,-76.61053,1,1
16774,25947056,39.38251,-76.62751,1,1
16805,889500919,39.37516,-76.66046,1,1
17224,917392419,39.36048,-76.65026,0,0
17226,25936204,39.36044,-76.65042,1,1
17227,25936189,39.35971,-76.65027,0,0
17228,917396996,39.36048,-76.65026,1,1
18156,967724910,39.36149,-76.63494,1,1
18157,967724908,39.36089,-76.63508,1,1
18158,967724907,39.36073,-76.63512,1,1
18159,967724860,39.36193,-76.63071,1,1
18160,25937934,39.3619,-76.62824,1,1
18161,967724905,39.36087,-76.63494,1,1
18162,288003572,39.36061,-76.63515,1,1
18167,967724858,39.36177,-76.63061,1,1
18168,810999514,39.36174,-76.63,1,1
18169,967724859,39.36178,-76.63072,1,1
18171,967724904,39.36071,-76.63498,1,1
18172,288003571,39.36059,-76.63501,1,1
19298,895711246,39.35377,-76.61666,1,1
19299,25937766,39.35372,-76.61774,1,1
20194,918349091,39.36457,-76.61598,1,1
20195,25938184,39.36432,-76.61765,1,1
20434,25932035,39.35539,-76.65941,1,1
20435,984197849,39.35544,-76.65929,1,1
20583,25937471,39.35389,-76.63422,1,1
20584,984357692,39.36678,-76.6551,1,1
20585,288029169,39.36675,-76.65518,1,1
20926,1054502535,39.39748,-76.66538,1,1
20927,287998929,39.39547,-76.66274,1,1
21007,848134971,39.36646,-76.65902,1,1
21008,25937436,39.35328,-76.63478,1,1
21009,984140638,39.35335,-76.63503,1,1
21010,984140643,39.35499,-76.6345,1,1
21011,25937472,39.35477,-76.63445,1,1
21012,984140640,39.36655,-76.65964,1,1
21015,25936787,39.36655,-76.65219,1,1
21016,25936187,39.35971,-76.65041,0,0
21017,917394438,39.36044,-76.65042,0,0
21019,917394439,39.3604,-76.65055,1,1
21483,967716027,39.35812,-76.63513,1,1
21484,25937495,39.35646,-76.63473,1,1
21485,25937483,39.35643,-76.63486,1,1
21486,967716029,39.35691,-76.63494,1,1
21719,25936711,39.36692,-76.6544,1,1
21720,811046524,39.36731,-76.6534,1,1
21724,25936829,39.3667,-76.64783,1,1
21725,25937961,39.36874,-76.62829,1,1
21726,811046528,39.36905,-76.62593,1,1
21727,25936825,39.36715,-76.64812,1,1
21728,811046526,39.36702,-76.64804,1,1
21729,811046527,39.36749,-76.64828,1,1
21765,25937907,39.36873,-76.63214,1,1
21766,25937911,39.36929,-76.6341,1,1
21767,25937904,39.36806,-76.63408,1,1
21768,811007759,39.36952,-76.6345,1,1
21769,811007760,39.36868,-76.63409,1,1
22090,25946229,39.3968,-76.64507,1,1
22091,918302430,39.3973,-76.64511,1,1
22268,25932738,39.38011,-76.66043,0,0
22273,810235709,39.36871,-76.65153,0,0
22274,810235708,39.37473,-76.65423,0,0
22275,25936873,39.37404,-76.65374,0,0
22760,25947292,39.38729,-76.62422,1,1
22761,25947181,39.39354,-76.62823,1,1
22762,918302918,39.3936,-76.62971,1,1
22772,918302917,39.38929,-76.64095,1,1
22774,25946165,39.38837,-76.64124,1,1
22789,25937462,39.3531,-76.63403,1,1
22832,832060440,39.38328,-76.62719,1,1
22834,832060439,39.38291,-76.62819,1,1
22935,25937901,39.36715,-76.63427,1,1
23520,832060445,39.38171,-76.62741,1,1
23523,832060444,39.38211,-76.62747,1,1
23526,25938073,39.38156,-76.62739,1,1
23754,25936240,39.36112,-76.6481,1,1
24061,25938136,39.36878,-76.62262,1,1
24111,25931975,39.35327,-76.66506,1,1
24112,968332200,39.35341,-76.66465,1,1
24117,968332198,39.35364,-76.66408,1,1
24168,949709404,39.35392,-76.6634,1,1
24488,25937923,39.36181,-76.63147,1,1
24605,25936888,39.38135,-76.65317,1,1
24666,25937847,39.36208,-76.6348,1,1
24981,25947290,39.38726,-76.62422,1,1
25468,25944449,39.3977,-76.66555,0,0
26279,810961149,39.35607,-76.65809,1,1
26280,1053802604,39.35675,-76.6565,1,1
26367,25947296,39.3873,-76.62409,1,1
26861,288004088,39.36356,-76.61925,1,1
27466,25936237,39.36104,-76.64857,1,1
27557,25932012,39.3549,-76.66218,1,1
27689,968336294,39.3534,-76.66001,1,1
27714,25936697,39.37016,-76.65733,1,1
27724,25963689,39.36763,-76.61342,1,1
27913,25947006,39.38519,-76.63549,1,1
28281,25937478,39.35564,-76.63454,1,1
28317,25937468,39.35309,-76.63313,1,1
28351,25984421,39.38333,-76.61286,1,1
28629,25937903,39.36806,-76.63424,1,1
28719,25936199,39.36117,-76.65075,1,1
28895,25963669,39.36806,-76.61555,1,1
29405,1057522984,39.38301,-76.66184,0,0
29406,261477382,39.37584,-76.65598,0,0
29440,25945837,39.38377,-76.65755,1,1
29762,25947199,39.39551,-76.62704,1,1
29774,25932030,39.35428,-76.66024,1,1
29930,969380024,39.39583,-76.613,1,1
29933,969249321,39.39577,-76.61332,1,1
30025,25946310,39.39663,-76.6397,1,1
30317,25947185,39.39352,-76.6281,1,1
30318,832055060,39.39441,-76.62783,1,1
30319,832055061,39.39499,-76.62761,1,1
30320,25947197,39.39557,-76.6272,1,1
30321,25947382,39.39558,-76.62617,1,1
30322,832055063,39.39603,-76.62488,1,1
30325,288003570,39.3597,-76.63512,1,1
30327,832055055,39.3925,-76.62818,1,1
30328,25947118,39.38999,-76.62814,1,1
30329,832055056,39.39093,-76.62831,1,1
30335,832055064,39.39782,-76.62639,1,1
30336,832055062,39.39644,-76.62674,1,1
31306,25937902,39.36715,-76.6341,1,1
31681,25936137,39.35916,-76.65287,1,1
32015,25963637,39.36471,-76.61485,1,1
32220,288029766,39.35575,-76.6347,1,1
32284,25936194,39.36041,-76.65102,1,1
32714,25937864,39.3641,-76.63432,1,1
32744,25947295,39.38721,-76.62408,1,1
32768,810961146,39.35487,-76.66144,1,1
32769,25932013,39.35487,-76.66187,1,1
32770,810961147,39.3544,-76.66246,1,1
32771,25932008,39.35426,-76.66263,1,1
32772,810961145,39.35502,-76.66127,1,1
32773,25932015,39.35502,-76.66211,1,1
32826,25932023,39.35512,-76.66046,1,1
32831,25963160,39.35388,-76.61508,1,1
32873,25931982,39.35563,-76.66446,1,1
33047,25937851,39.3622,-76.63463,1,1
33119,25936910,39.37321,-76.64911,1,1
33138,26967653,39.36276,-76.63465,1,1
33429,25938194,39.36859,-76.62116,1,1
33653,25937473,39.35478,-76.63429,1,1
34404,25936171,39.36011,-76.65198,1,1
34444,25936220,39.35732,-76.6499,0,0
34462,26967663,39.3553,-76.63446,1,1
34495,25937463,39.35307,-76.6339,1,1
34496,288003615,39.36342,-76.63433,1,1
34647,25937733,39.35949,-76.62463,1,1
35245,25938205,39.36823,-76.61805,1,1
36201,25936205,39.36052,-76.65062,1,1
36317,25937910,39.36903,-76.63409,1,1
36431,25963161,39.35391,-76.61485,1,1
36741,25945840,39.38251,-76.65528,1,1
37271,25938264,39.377,-76.62677,1,1
37341,25963695,39.36744,-76.61249,1,1
37460,25937909,39.36905,-76.63422,1,1
38028,288029168,39.36683,-76.65498,1,1
39323,25984486,39.38355,-76.61046,1,1
39329,25936109,39.35752,-76.65476,1,1
39705,312375083,39.36446,-76.63408,1,1
39740,25937723,39.35384,-76.62364,1,1
39887,25937867,39.3646,-76.63407,1,1
40316,25937726,39.35615,-76.62416,1,1
40318,983879883,39.35691,-76.62431,1,1
40739,25936834,39.36862,-76.64856,1,1
41045,25938401,39.38128,-76.61933,1,1
41073,25936509,39.35773,-76.6449,1,1
41185,288003573,39.36032,-76.63506,1,1
41330,287606007,39.36712,-76.64841,1,1
41476,25938137,39.36899,-76.62422,1,1
41659,25944447,39.39748,-76.66538,0,0
41688,25937853,39.36273,-76.6345,1,1
41845,25963625,39.36461,-76.61576,1,1
42291,25936893,39.37389,-76.6503,1,1
42559,288029767,39.35577,-76.63457,1,1
42659,25936581,39.35338,-76.63901,1,1
42666,25931986,39.35547,-76.66432,1,1
42766,25947151,39.39732,-76.63303,1,1
42947,968340776,39.3542,-76.66275,1,1
42949,968332159,39.3541,-76.66297,1,1
43357,25945836,39.38307,-76.65651,1,1
43462,25936909,39.37319,-76.64933,1,1
43484,25937855,39.36192,-76.63312,1,1
43727,25936454,39.35329,-76.64243,1,1
43753,25932455,39.36661,-76.66435,1,1
43842,25937469,39.3531,-76.63294,1,1
44072,25937185,39.37286,-76.63904,1,1
44624,984225939,39.35392,-76.64357,1,1
44625,25936451,39.35315,-76.6433,1,1
44626,25937725,39.35511,-76.62392,1,1
44627,984225934,39.35578,-76.62407,1,1
45273,984224985,39.37121,-76.62609,1,1
45274,25938121,39.37092,-76.62605,1,1
45449,25936782,39.36531,-76.65016,0,0
45450,916289390,39.3669,-76.65049,1,1
46447,833069829,39.3854,-76.65953,1,1
46448,833069828,39.38515,-76.65874,1,1
46456,25944370,39.38465,-76.65836,1,1
48218,983939208,39.39255,-76.64201,1,1
48219,984054142,39.39317,-76.64275,1,1
50080,26967655,39.36528,-76.65032,0,0
50081,917401602,39.36222,-76.6502,1,1
50088,25936791,39.36663,-76.6515,1,1
50089,917401604,39.36687,-76.65064,1,1
50102,983965102,39.37961,-76.62263,1,1
50103,25938299,39.3795,-76.62282,1,1
50413,25937869,39.36546,-76.63407,1,1
50622,25932526,39.36659,-76.66071,1,1
50881,25963698,39.36721,-76.61155,1,1
50886,312375082,39.36461,-76.63425,1,1
50903,25947166,39.39479,-76.63087,1,1
51060,25937505,39.35328,-76.63077,1,1
51100,94160931,39.35385,-76.61542,1,1
51252,288003565,39.35883,-76.6351,1,1
51287,25984413,39.38324,-76.61382,1,1
51370,25937849,39.36207,-76.63467,1,1
51538,984229753,39.38428,-76.66492,1,1
51542,25944234,39.38428,-76.66743,1,1
51561,25938270,39.37749,-76.62514,1,1
51704,25938399,39.38099,-76.62002,1,1
52102,288010112,39.36331,-76.64688,1,1
52131,288003617,39.36626,-76.63425,1,1
52180,25984650,39.39659,-76.61031,1,1
52202,916276163,39.36054,-76.65055,1,1
52203,984229414,39.36209,-76.65031,1,1
52460,25938161,39.36325,-76.6199,1,1
52581,25947174,39.39592,-76.63087,1,1
52614,25944322,39.38956,-76.66447,0,0
52615,984229596,39.39207,-76.66632,0,0
52718,916276160,39.3604,-76.65055,1,1
52719,917392420,39.36027,-76.65108,1,1
52720,916276159,39.36048,-76.65055,1,1
52722,917396997,39.36061,-76.65026,1,1
52723,917402625,39.36057,-76.65042,1,1
52724,916276156,39.36054,-76.65055,1,1
52727,916276162,39.36057,-76.65042,0,0
52728,916276161,39.36061,-76.65026,0,0
52732,810999504,39.36024,-76.65119,1,1
52865,25937506,39.35332,-76.63028,1,1
52967,25936554,39.35337,-76.64059,1,1
52969,25937954,39.3687,-76.63156,1,1
53104,917401601,39.36687,-76.65064,0,0
53105,916289389,39.3669,-76.65049,0,0
53166,25937474,39.35389,-76.63406,1,1
53349,876642140,39.36205,-76.62636,1,1
53350,25937940,39.36196,-76.62743,1,1
53941,25947149,39.39764,-76.63404,1,1
54127,288003569,39.35971,-76.63527,1,1
54393,288003566,39.35882,-76.63523,1,1
54493,25932580,39.37616,-76.66634,1,1
54831,25936507,39.35665,-76.64451,1,1
54985,25936740,39.36383,-76.65018,0,0
55119,25936505,39.36127,-76.64618,1,1
55122,25936168,39.36005,-76.65178,1,1
55123,810999502,39.36199,-76.64399,1,1
55124,25936959,39.36141,-76.64624,1,1
55125,810999501,39.3628,-76.64671,1,1
55130,25936110,39.35733,-76.65478,1,1
55132,810999499,39.36207,-76.64646,1,1
55133,810999500,39.36252,-76.64661,1,1
55134,810999498,39.36113,-76.64698,1,1
55136,810999497,39.36126,-76.64691,1,1
55137,25936242,39.36103,-76.64781,1,1
55138,810999496,39.35877,-76.65314,1,1
55139,25936243,39.36114,-76.64792,1,1
55200,810999507,39.36197,-76.63146,1,1
55201,810999506,39.36148,-76.6348,1,1
55202,25938094,39.36226,-76.6236,1,1
55203,25937848,39.36222,-76.63477,1,1
55204,810999508,39.36254,-76.6347,1,1
55220,25937865,39.36447,-76.63426,1,1
55263,25984594,39.39622,-76.61155,1,1
55320,25937939,39.36184,-76.62739,1,1
55322,810999511,39.36192,-76.62627,1,1
55323,26967664,39.36178,-76.62825,1,1
55325,810999510,39.3618,-76.628,1,1
55326,810999513,39.36112,-76.62483,1,1
55329,810999512,39.36195,-76.6259,1,1
55330,25937735,39.36035,-76.62474,1,1
55475,966370837,39.36797,-76.6545,1,1
55477,25936715,39.36789,-76.65385,1,1
55478,966376100,39.36803,-76.65467,1,1
55745,25938160,39.36302,-76.62039,1,1
56019,25932579,39.37614,-76.66685,1,1
56177,25938071,39.37951,-76.62711,1,1
56203,25944278,39.38444,-76.66375,1,1
56633,984228230,39.36616,-76.65664,1,1
56653,25938183,39.36408,-76.61828,1,1
56686,25938089,39.36498,-76.6253,1,1
57180,25963653,39.36507,-76.61343,1,1
57181,983849850,39.36509,-76.61319,1,1
57182,918349092,39.36515,-76.61023,1,1
57201,832000935,39.3733,-76.66023,1,1
57202,984228036,39.37436,-76.66029,1,1
57203,984228031,39.37107,-76.63693,1,1
57204,25937897,39.37012,-76.63566,1,1
57205,984228030,39.37128,-76.63712,1,1
57208,25936716,39.36692,-76.65327,1,1
57209,811046525,39.36693,-76.65391,1,1
57335,810999509,39.36238,-76.62298,1,1
57336,983849848,39.36296,-76.62058,1,1
57703,984229247,39.38446,-76.65817,1,1
57704,848135032,39.38431,-76.65803,1,1
57705,848135976,39.37381,-76.6455,1,1
57706,984229246,39.37385,-76.64527,1,1
57728,261477383,39.37601,-76.65581,0,0
57729,984229244,39.37874,-76.65961,0,0
57730,984229243,39.39192,-76.66586,0,0
58858,848134821,39.36688,-76.65317,1,1
58859,288010100,39.36675,-76.65285,1,1
59022,25944363,39.38424,-76.65797,1,1
59115,288010085,39.36637,-76.65845,1,1
59239,811007758,39.36914,-76.63375,1,1
59242,848135120,39.36924,-76.63399,1,1
59253,25947176,39.39641,-76.6313,1,1
59256,848135135,39.39705,-76.63237,1,1
59680,25946238,39.39428,-76.64339,1,1
59714,848134470,39.36633,-76.65819,1,1
59975,25936176,39.36035,-76.65127,1,1
59976,1074630661,39.3604,-76.65107,1,1
60001,848134514,39.38751,-76.65935,1,1
60002,25944393,39.38729,-76.65933,1,1
60015,848134513,39.39084,-76.66063,1,1
60016,25944394,39.38796,-76.65939,1,1
60018,25938419,39.38164,-76.61844,1,1
60019,848134507,39.38223,-76.61756,1,1
60171,25947279,39.38846,-76.62494,1,1
60290,848134618,39.37422,-76.64399,1,1
60291,25937098,39.37403,-76.64444,1,1
60465,25944390,39.39113,-76.66084,1,1
60466,848133986,39.3918,-76.66121,1,1
60469,848133985,39.39394,-76.6621,1,1
60531,848134004,39.38452,-76.63113,1,1
60532,25947050,39.3845,-76.63102,1,1
60533,848134005,39.38471,-76.63186,1,1
60929,848134239,39.39479,-76.62776,1,1
60930,832055059,39.3942,-76.62807,1,1
60931,848134236,39.39155,-76.62841,1,1
60932,848134238,39.39186,-76.62838,1,1
60933,25947108,39.38993,-76.62827,1,1
60934,848134237,39.39211,-76.62836,1,1
60993,848134269,39.35375,-76.63416,1,1
60994,811055159,39.35329,-76.63404,1,1
61091,25984396,39.38291,-76.61666,1,1
61092,983928073,39.38297,-76.6165,1,1
61108,983928070,39.38896,-76.62636,1,1
61109,848134671,39.38886,-76.62599,1,1
61110,25984401,39.38319,-76.61431,1,1
61111,983928068,39.3832,-76.61417,1,1
61114,918353367,39.38467,-76.62617,1,1
61115,983928071,39.38483,-76.62603,1,1
61161,984227069,39.36864,-76.6302,1,1
62497,918077737,39.36701,-76.6533,1,1
62523,25932693,39.3716,-76.65954,1,1
62524,918077733,39.3717,-76.65964,1,1
62767,25938090,39.36602,-76.62543,1,1
62768,984226556,39.36712,-76.62557,1,1
62774,810961148,39.35538,-76.65976,1,1
62776,984226554,39.35583,-76.65867,1,1
62777,984226553,39.36235,-76.63789,1,1
62778,25937842,39.36232,-76.63699,1,1
62846,984226551,39.35934,-76.62461,1,1
62847,25937729,39.35866,-76.62453,1,1
62849,25937724,39.35396,-76.62367,1,1
62850,984226550,39.35415,-76.62371,1,1
62851,984226552,39.36221,-76.62398,1,1
62852,806234121,39.3621,-76.62472,1,1
62990,25937193,39.372,-76.63805,1,1
63530,25937718,39.35361,-76.62662,1,1
63729,25936769,39.36232,-76.64901,1,1
63735,25937477,39.35564,-76.63467,1,1
64736,25936839,39.37018,-76.64918,1,1
64795,25937856,39.36205,-76.63308,1,1
65254,25963675,39.36792,-76.6146,1,1
65420,26967665,39.35529,-76.66378,1,1
65558,25938265,39.37705,-76.62609,1,1
66441,25937476,39.35529,-76.63458,1,1
66544,25937513,39.35341,-76.62912,1,1
66629,25932675,39.37631,-76.66242,1,1
66698,25932024,39.35499,-76.66043,1,1
66784,287575798,39.38358,-76.65734,1,1
67231,25937470,39.35316,-76.63217,1,1
67250,25963164,39.35397,-76.61428,1,1
67251,849331002,39.35404,-76.61341,1,1
67326,25938083,39.3632,-76.62508,1,1
67611,25936502,39.36014,-76.64578,1,1
67679,288003614,39.36345,-76.63448,1,1
67931,25937846,39.36216,-76.6359,1,1
68250,848136312,39.39581,-76.63084,1,1
68251,25947173,39.39572,-76.63083,1,1
68338,26967656,39.36096,-76.64892,1,1
68410,25937727,39.35698,-76.62432,1,1
68899,25937525,39.35351,-76.62786,1,1
69026,25944448,39.3977,-76.66555,1,1
69063,25937868,39.36546,-76.63424,1,1
69177,25984483,39.38349,-76.6111,1,1
69185,848136205,39.38311,-76.61563,1,1
69614,25932588,39.37629,-76.66391,1,1
69615,848136111,39.37632,-76.66317,1,1
69616,848136112,39.37631,-76.66347,1,1
69942,25936468,39.3561,-76.64433,1,1
70394,25947500,39.39606,-76.61903,1,1
70439,25936545,39.35339,-76.64193,1,1
70463,25947047,39.38365,-76.6295,1,1
70551,25937728,39.35783,-76.62443,1,1
70971,918360101,39.39442,-76.63078,1,1
70972,25947167,39.39375,-76.63021,1,1
70997,288003537,39.35467,-76.62383,1,1
71127,287574512,39.3843,-76.66448,1,1
71582,848135600,39.38329,-76.62889,1,1
71584,25947053,39.38324,-76.6288,1,1
71875,25936229,39.36086,-76.64933,1,1
71876,25936216,39.36085,-76.65023,0,0
71877,848135472,39.361,-76.65018,1,1
72144,25938116,39.36822,-76.62571,1,1
72197,25937194,39.37165,-76.63758,1,1
72341,25946269,39.39748,-76.6451,1,1
72356,287604277,39.36664,-76.65254,1,1
72664,287998935,39.37927,-76.65134,1,1
72665,848135310,39.38114,-76.65283,1,1
72729,848135325,39.3623,-76.63627,1,1
72730,25937845,39.36229,-76.63589,1,1
72859,25936869,39.37199,-76.6528,0,0
73039,848135159,39.37383,-76.64003,1,1
73040,25937169,39.37369,-76.63992,1,1
73144,848135190,39.38437,-76.62656,1,1
73145,832060441,39.3841,-76.62674,1,1
73196,312346539,39.39291,-76.62815,1,1
73209,25932573,39.37066,-76.65813,1,1
73210,848135201,39.37153,-76.65946,1,1
73280,26967657,39.36074,-76.64928,1,1
73351,848136043,39.3947,-76.63086,1,1
73486,25944364,39.38554,-76.65897,1,1
73488,848136015,39.38688,-76.6593,1,1
73654,25937526,39.35353,-76.62767,1,1
73672,832000927,39.37372,-76.64621,1,1
74138,288003538,39.36377,-76.62515,1,1
74536,25946187,39.39135,-76.64113,1,1
74569,25936929,39.37834,-76.65127,1,1
74570,848135745,39.37857,-76.65129,1,1
74793,848135688,39.35465,-76.61175,1,1
74795,25963191,39.35412,-76.61242,1,1
74859,25946240,39.39534,-76.64435,1,1
74866,25946184,39.38966,-76.64086,1,1
74871,848135700,39.39085,-76.64094,1,1
75795,875678529,39.35605,-76.6669,1,1
75796,810961161,39.35585,-76.66557,1,1
75985,25946242,39.39595,-76.64474,1,1
76224,26967661,39.3552,-76.64903,0,0
76400,25938218,39.37201,-76.62619,1,1
76575,25936784,39.36468,-76.64734,1,1
76608,25946228,39.39654,-76.64498,1,1
76714,25936780,39.36144,-76.64863,1,1
76778,25936891,39.3731,-76.65008,1,1
76882,25937514,39.35349,-76.62819,1,1
77320,25938082,39.36209,-76.62495,1,1
77326,806234122,39.36199,-76.62536,1,1
77434,25937064,39.37344,-76.64738,1,1
77600,25938120,39.36968,-76.62589,1,1
77629,287607336,39.35725,-76.65004,0,0
77850,25936231,39.36083,-76.64894,1,1
78175,25937456,39.35618,-76.63481,1,1
78186,26967662,39.3562,-76.63467,1,1
78713,25938199,39.36845,-76.62011,1,1
78889,25947490,39.39613,-76.61958,1,1
78992,312375069,39.36483,-76.64739,1,1
79043,288003618,39.36626,-76.63408,1,1
79058,25936866,39.37198,-76.653,0,0
79685,19432348,39.37725,-76.65114,1,1
79712,25937507,39.35336,-76.62978,1,1
79994,25936453,39.35327,-76.64253,1,1
80028,918312522,39.36223,-76.63491,1,1
80134,25938119,39.36906,-76.62579,1,1
80564,25936238,39.36091,-76.64855,1,1
80764,287998709,39.39625,-76.64195,1,1
80874,25947257,39.38619,-76.62442,1,1
80959,25936504,39.3609,-76.64605,1,1
81105,25936840,39.37063,-76.64934,1,1
82036,983939205,39.38766,-76.64041,1,1
82037,848135227,39.38665,-76.63953,1,1
82040,848134476,39.3945,-76.64355,1,1
82041,983939206,39.39487,-76.64391,1,1
82044,287998717,39.39729,-76.63869,1,1
82048,848135785,39.39229,-76.64175,1,1
82055,25947052,39.38339,-76.62906,1,1
82091,25936826,39.36779,-76.64833,1,1
82562,25937863,39.36407,-76.63416,1,1
82788,25936136,39.35922,-76.65312,1,1
82984,25963152,39.3538,-76.61609,1,1
83007,273127005,39.35558,-76.64919,0,0
83091,288003574,39.36033,-76.63521,1,1
83438,25936906,39.37233,-76.64984,1,1
83563,25938274,39.37824,-76.62461,1,1
83673,25937501,39.35322,-76.63149,1,1
84367,25936777,39.36384,-76.65002,0,0
84464,25931970,39.35322,-76.66532,1,1
84512,25936467,39.3559,-76.64426,1,1
84887,25963265,39.3554,-76.61092,1,1
85007,25936905,39.37199,-76.64975,1,1
85092,25931966,39.35285,-76.6671,1,1
85313,25936841,39.37153,-76.64963,1,1
85403,25931987,39.35543,-76.66376,1,1
86143,25936465,39.35527,-76.64405,1,1
124675,838212832,39.39635,-76.62303,1,1
127045,809836375,39.36504,-76.6111,1,1
128284,967713218,39.36228,-76.63979,1,1
128286,967713219,39.36241,-76.63979,1,1
134095,967724909,39.36193,-76.6306,1,1
136945,25937439,39.35376,-76.63655,1,1
136948,848134972,39.36659,-76.66024,1,1
137656,25936719,39.36789,-76.65364,1,1
143849,25947021,39.38529,-76.63392,1,1
157765,25932449,39.36673,-76.66497,1,1
166017,916294347,39.36234,-76.65002,1,1
168903,25936550,39.35346,-76.64112,1,1
169285,806234123,39.36213,-76.62538,1,1
173117,983849851,39.36517,-76.61179,1,1
173144,984228034,39.36693,-76.6534,1,1
176226,25937179,39.37455,-76.64084,1,1
182565,287583611,39.37632,-76.66255,1,1
187811,848135471,39.36145,-76.65003,1,1
