1035,25656866,39.41621,-77.40505,1,1
1036,25656889,39.41611,-77.40303,1,1
1037,25656862,39.41388,-77.40532,1,1
1038,100351738,39.41383,-77.40467,1,1
1053,844680977,39.43596,-77.4026,1,1
1054,100353243,39.43549,-77.40308,1,1
1056,844680974,39.41505,-77.40513,1,1
1057,25656864,39.415,-77.40522,1,1
1059,25657184,39.4413,-77.40408,0,0
1272,287981354,39.40002,-77.40381,1,1
1275,877694280,39.40019,-77.40378,1,1
5463,984717464,39.43414,-77.37781,1,1
6570,25657105,39.43592,-77.4102,0,0
6572,983918319,39.43615,-77.4099,0,0
7574,940833532,39.42271,-77.40855,1,1
7575,100351665,39.42266,-77.40794,1,1
9053,983953256,39.42906,-77.38125,1,1
9054,1044980390,39.4325,-77.37992,1,1
9055,100354973,39.43354,-77.37896,1,1
9056,1044980391,39.43366,-77.37873,1,1
9534,1009337396,39.41633,-77.41424,1,1
9535,997671799,39.41596,-77.4144,1,1
9751,940833034,39.43209,-77.40658,1,1
9752,100353132,39.43176,-77.40533,1,1
9908,1009337745,39.42345,-77.41318,1,1
9909,100352759,39.42334,-77.4129,1,1
10250,100351635,39.42176,-77.41212,1,1
10251,100351657,39.4216,-77.40998,1,1
10252,1009337802,39.42231,-77.4119,1,1
10253,1009337803,39.42204,-77.40994,1,1
10453,100351597,39.41561,-77.41455,1,1
10454,997671789,39.41651,-77.41417,1,1
10832,851949772,39.4392,-77.40573,0,0
10833,25657159,39.43753,-77.40778,0,0
11064,968375524,39.41448,-77.4053,1,1
11605,976396551,39.41881,-77.40616,1,1
11606,100351765,39.41871,-77.4047,1,1
11607,976396559,39.41779,-77.4048,1,1
11608,100351747,39.4175,-77.40483,1,1
11688,877684503,39.4011,-77.4029,1,1
11975,877684186,39.40695,-77.40431,1,1
11976,877670842,39.40631,-77.40401,1,1
12186,100352750,39.42407,-77.41486,1,1
12187,839853528,39.4248,-77.41574,1,1
12227,877670848,39.40379,-77.40376,1,1
12228,877670849,39.40342,-77.40469,1,1
12229,877684358,39.40429,-77.40374,1,1
13048,877684984,39.40292,-77.40573,1,1
13049,100351557,39.4024,-77.40725,1,1
16372,100351556,39.40235,-77.41036,1,1
16373,1009477113,39.40349,-77.41088,1,1
19608,801636119,39.42395,-77.41456,1,1
19609,100352752,39.42368,-77.41385,1,1
19612,100352764,39.42416,-77.41117,1,1
19613,801636052,39.4244,-77.41107,1,1
19675,25657074,39.42717,-77.40995,1,1
20405,100353075,39.42397,-77.40398,1,1
20406,801635581,39.425,-77.40384,1,1
20407,100353332,39.44122,-77.39735,1,1
20409,801635579,39.43632,-77.40224,1,1
20410,801635582,39.43214,-77.40515,1,1
20417,25656854,39.41784,-77.41053,1,1
20418,801635578,39.41845,-77.41044,1,1
20419,100353244,39.4334,-77.40285,1,1
20420,801635577,39.43446,-77.40276,1,1
20916,983802604,39.42652,-77.38569,1,1
20918,983802606,39.4258,-77.38504,1,1
20919,983802607,39.42707,-77.38459,1,1
20920,100354650,39.42663,-77.38546,1,1
20922,100354123,39.41572,-77.38412,1,1
21460,25656893,39.41828,-77.39773,1,1
22199,878272810,39.43421,-77.37313,1,1
23040,100351663,39.41887,-77.40703,1,1
23382,1025206049,39.43513,-77.40343,1,1
23383,100353239,39.43383,-77.40437,1,1
23602,100352926,39.43056,-77.40583,1,1
23713,25657417,39.4045,-77.38407,1,1
23907,25656980,39.42821,-77.41916,1,1
24085,25657094,39.43377,-77.41028,1,1
24342,25657443,39.40246,-77.37789,1,1
24658,25657352,39.40443,-77.39396,1,1
24679,100351329,39.4196,-77.41641,1,1
24849,25657070,39.42594,-77.41044,1,1
24935,984030688,39.39832,-77.40686,1,1
24936,25656811,39.39793,-77.40823,1,1
25170,100353130,39.43162,-77.40538,1,1
25260,100352916,39.42897,-77.40658,1,1
25397,100352763,39.42291,-77.41108,1,1
25518,100353971,39.4061,-77.38932,1,1
25587,100351653,39.41909,-77.41035,1,1
26371,100352795,39.42853,-77.41485,1,1
26635,100352779,39.42558,-77.4106,1,1
26805,25656997,39.42823,-77.41831,1,1
26992,25657409,39.40749,-77.38821,1,1
27140,273128684,39.40406,-77.36797,0,0
27802,874630079,39.41325,-77.41107,1,1
27803,100351608,39.41305,-77.4111,1,1
27893,336677798,39.42282,-77.40996,1,1
27974,100354057,39.40394,-77.38064,0,0
28332,273130207,39.39905,-77.41239,0,0
28425,100354904,39.42796,-77.38181,1,1
28536,25657083,39.43316,-77.41367,0,0
28731,25656845,39.41384,-77.41533,1,1
28807,100351620,39.41926,-77.41325,1,1
28893,100352103,39.42552,-77.41973,1,1
29200,100352130,39.42852,-77.41946,1,1
29414,100351745,39.41549,-77.40424,1,1
29552,25657368,39.40446,-77.39186,0,0
29768,832952525,39.39893,-77.40872,1,1
29769,25656812,39.39842,-77.40847,1,1
30586,100351619,39.41951,-77.4155,1,1
30839,25657454,39.40376,-77.37548,0,0
30933,1025205333,39.40825,-77.39782,1,1
30934,25656887,39.40789,-77.39661,1,1
30960,25657434,39.40307,-77.38099,1,1
31006,100353985,39.40915,-77.38706,1,1
31237,100354508,39.40438,-77.36652,0,0
31566,25657394,39.40559,-77.39071,1,1
31689,100353126,39.42915,-77.40326,1,1
31758,25657442,39.40391,-77.37894,0,0
31809,25657123,39.43758,-77.41033,1,1
31944,801636187,39.42742,-77.40991,1,1
31945,1025205766,39.42925,-77.41015,1,1
32211,25657115,39.43684,-77.41074,1,1
32324,100351742,39.41374,-77.40357,1,1
32389,25657392,39.40556,-77.39082,1,1
32408,25656783,39.39958,-77.41036,0,0
32713,100351312,39.42006,-77.41986,1,1
32716,100354980,39.43461,-77.37694,1,1
32817,25657447,39.40322,-77.3778,1,1
32880,100352108,39.42666,-77.4177,1,1
32935,25657125,39.4398,-77.41051,1,1
32950,100351731,39.41234,-77.39765,1,1
33103,100352760,39.4233,-77.41273,1,1
33433,100351295,39.41316,-77.41824,1,1
33940,100351534,39.40649,-77.41194,1,1
34138,100353961,39.4085,-77.39022,1,1
34195,25656691,39.41104,-77.41665,1,1
34392,100353902,39.40205,-77.37812,1,1
34834,100353133,39.4327,-77.40489,1,1
35165,100352762,39.42297,-77.41176,1,1
35855,100351535,39.40658,-77.41193,1,1
35869,100351600,39.41754,-77.41372,1,1
35963,100351590,39.41495,-77.41487,1,1
36326,236507917,39.39802,-77.41837,0,0
36473,100352122,39.42769,-77.41609,1,1
36488,100353128,39.43037,-77.40314,1,1
36494,25657081,39.42997,-77.40614,1,1
36692,100353913,39.40231,-77.39258,1,1
36763,100351551,39.40776,-77.41176,1,1
36806,100352805,39.42901,-77.41413,1,1
37325,215041759,39.44164,-77.38209,1,1
37564,25656986,39.42902,-77.41888,0,0
37603,25656985,39.429,-77.41947,0,0
37692,25657367,39.4041,-77.39244,0,0
37954,100353959,39.41001,-77.39324,1,1
38145,273128937,39.39826,-77.41653,0,0
38968,100353134,39.43103,-77.40308,1,1
39028,25656847,39.41416,-77.41096,1,1
39512,100351648,39.41397,-77.40765,1,1
39860,25656782,39.39986,-77.41014,0,0
40339,100351567,39.41048,-77.40819,1,1
40356,100353761,39.40073,-77.39093,1,1
40357,984034396,39.40129,-77.39159,1,1
40472,100351626,39.41926,-77.41305,1,1
40636,25657068,39.42295,-77.41165,1,1
41537,100352106,39.42598,-77.417,1,1
41675,25656868,39.42279,-77.40956,1,1
41724,261459617,39.39904,-77.41347,0,0
41840,100354054,39.40372,-77.38084,0,0
42161,25656839,39.40593,-77.41198,1,1
42618,100353136,39.43219,-77.40298,1,1
42696,100351617,39.41659,-77.41066,1,1
43125,100354909,39.4285,-77.38146,1,1
43459,984075023,39.40365,-77.37976,0,0
43460,25657441,39.40364,-77.37892,0,0
43482,261459618,39.39922,-77.41174,0,0
43501,984075022,39.40406,-77.3926,0,0
43502,25657358,39.40381,-77.39359,0,0
43503,984075021,39.40143,-77.40305,0,0
43504,877670851,39.40126,-77.40372,0,0
43830,100351536,39.40691,-77.41189,1,1
43898,998472298,39.43417,-77.37477,1,1
44517,1010306332,39.41267,-77.41115,1,1
44518,100351555,39.41194,-77.41123,1,1
44541,1010306322,39.41285,-77.41113,1,1
45182,1010304800,39.41292,-77.41577,1,1
45183,100351303,39.41252,-77.41596,1,1
45187,1010304796,39.41395,-77.41489,1,1
45188,100351579,39.41437,-77.4151,1,1
45189,1010304795,39.41455,-77.41503,1,1
45190,1010304794,39.414,-77.41467,1,1
45610,877670853,39.40126,-77.40372,1,1
45611,877670850,39.40308,-77.40376,1,1
45614,877670847,39.40559,-77.40382,1,1
45616,877670843,39.40603,-77.40409,1,1
45617,877670846,39.40584,-77.40371,1,1
45618,877670845,39.40579,-77.404,1,1
45621,877670844,39.40612,-77.40379,1,1
45622,877670841,39.41008,-77.4061,1,1
45790,100354900,39.42784,-77.38289,1,1
45791,1043791041,39.42789,-77.38201,1,1
46079,877670854,39.40149,-77.40372,1,1
46080,877671660,39.40146,-77.40383,1,1
46081,877671658,39.40161,-77.40467,1,1
46082,877671661,39.40229,-77.40373,1,1
46083,877671653,39.40222,-77.40253,1,1
46084,877671655,39.40153,-77.40355,1,1
46085,877670852,39.40149,-77.40372,0,0
46086,877671654,39.40277,-77.40375,1,1
46089,877671656,39.40153,-77.40355,0,0
46091,273128659,39.40046,-77.40779,0,0
46092,877671659,39.40146,-77.40383,0,0
47628,984053201,39.39832,-77.37987,1,1
47772,1082822253,39.41996,-77.39531,1,1
47773,801632991,39.41847,-77.39724,1,1
47774,1082822254,39.42087,-77.3947,1,1
47775,1082822255,39.42281,-77.39196,1,1
48034,1082822673,39.42183,-77.39388,1,1
48035,1082631984,39.42156,-77.39418,1,1
48460,971285781,39.40437,-77.39411,1,1
48466,971285783,39.40395,-77.40279,1,1
48468,971285784,39.40402,-77.40313,1,1
49675,983866114,39.40508,-77.41161,1,1
49747,100354111,39.40397,-77.37719,0,0
49748,984153861,39.40398,-77.37782,1,1
49914,984028382,39.41319,-77.3993,1,1
49915,1010307244,39.41359,-77.40093,1,1
49992,100351552,39.40921,-77.41162,1,1
49993,1009472608,39.40956,-77.41156,1,1
50354,25657350,39.40403,-77.39372,1,1
50502,100353310,39.43987,-77.39871,1,1
50694,100352131,39.42784,-77.41883,1,1
50742,25657354,39.4022,-77.39251,1,1
51012,25657173,39.43972,-77.40553,0,0
51120,25657076,39.42579,-77.40803,1,1
51180,25656841,39.41073,-77.41142,1,1
51270,100350688,39.39801,-77.41867,0,0
51721,25657102,39.43571,-77.41047,0,0
52047,25657121,39.43685,-77.41032,1,1
52506,19454752,39.40404,-77.37549,0,0
52567,844661005,39.40915,-77.40104,1,1
52568,100351701,39.40849,-77.39864,1,1
52569,844661004,39.40853,-77.39877,1,1
52586,287981369,39.40281,-77.39849,0,0
52589,844661017,39.40399,-77.39388,0,0
52591,273128668,39.40261,-77.3984,0,0
52593,844661016,39.40378,-77.39374,0,0
52916,287981351,39.39877,-77.40533,1,1
52959,100351683,39.40944,-77.40213,1,1
53113,100353127,39.42979,-77.4032,1,1
53183,25657423,39.40519,-77.38443,1,1
53465,100352107,39.42709,-77.41816,1,1
53592,25656770,39.39879,-77.41337,0,0
53782,100351656,39.42034,-77.41019,1,1
53821,25656973,39.42792,-77.41891,1,1
53837,100355731,39.4343,-77.36997,1,1
53838,801561520,39.43436,-77.36798,1,1
54295,25656821,39.40006,-77.40935,1,1
54351,100351766,39.41994,-77.40449,1,1
54430,100351543,39.4109,-77.4148,1,1
54792,100352927,39.43091,-77.4057,1,1
55216,100351667,39.42255,-77.4065,1,1
55280,100351615,39.41539,-77.41081,1,1
55644,25656822,39.39985,-77.40924,0,0
55662,25656852,39.41802,-77.41354,1,1
55755,100353979,39.40602,-77.38526,1,1
55933,336677796,39.42613,-77.41035,1,1
56421,100351768,39.42242,-77.40419,1,1
56620,100351632,39.42049,-77.41261,1,1
57081,100354207,39.40086,-77.37295,1,1
57638,100351640,39.41407,-77.4091,1,1
57943,940867546,39.43061,-77.41021,1,1
57944,100352906,39.43003,-77.41019,1,1
60437,19454779,39.44136,-77.40434,0,0
60438,801639929,39.44284,-77.40441,1,1
62919,100353299,39.43887,-77.39967,1,1
63089,983949007,39.43505,-77.41083,0,0
63090,19454776,39.43342,-77.41288,0,0
63118,983949006,39.42882,-77.41924,0,0
63384,25656884,39.40843,-77.39845,1,1
63539,940199076,39.41477,-77.41494,1,1
63589,25657118,39.4367,-77.41032,1,1
64402,100353901,39.40126,-77.37853,1,1
64458,25657144,39.43578,-77.40999,0,0
64941,100351599,39.4168,-77.41404,1,1
64948,25657096,39.43423,-77.41031,1,1
65106,851884211,39.44056,-77.40454,0,0
65107,19421885,39.44,-77.40497,0,0
65108,851884210,39.44102,-77.40424,0,0
65578,100353980,39.40797,-77.38916,1,1
65801,100351734,39.41142,-77.39588,1,1
65934,25656829,39.40135,-77.40995,1,1
66116,215041847,39.41017,-77.40611,1,1
66259,100353078,39.42549,-77.40374,1,1
66287,19454778,39.43768,-77.40798,0,0
66643,100354911,39.43261,-77.37986,1,1
66686,100352910,39.43115,-77.41023,1,1
66932,100351628,39.41974,-77.41287,1,1
67008,992118287,39.40058,-77.4064,0,0
67009,287981361,39.40003,-77.40855,0,0
67011,992118285,39.40094,-77.40406,1,1
67012,877671657,39.40049,-77.4049,1,1
67013,992118286,39.40044,-77.4062,1,1
67224,100351763,39.41728,-77.4006,1,1
67264,100351746,39.41686,-77.40493,1,1
67944,100351199,39.41208,-77.41616,1,1
68335,25656771,39.39945,-77.41184,0,0
68440,100351669,39.40971,-77.40348,1,1
68754,100353774,39.39857,-77.38884,1,1
68940,100352105,39.42492,-77.41587,1,1
69747,940286568,39.44236,-77.40469,1,1
70027,100351732,39.41174,-77.39652,1,1
70359,25657351,39.40403,-77.39372,0,0
70368,100352911,39.43212,-77.41028,1,1
70669,100351670,39.40998,-77.40505,1,1
71197,25656891,39.41659,-77.40217,1,1
71358,100351783,39.41769,-77.39966,1,1
71608,100353775,39.3991,-77.38918,1,1
71961,100353960,39.40951,-77.39224,1,1
71987,25656820,39.40006,-77.40935,0,0
72036,25657126,39.43981,-77.41035,1,1
72344,25657031,39.43061,-77.41643,0,0
72938,100351324,39.4198,-77.4179,1,1
73273,25657407,39.40582,-77.38484,1,1
73353,100351733,39.41201,-77.39705,1,1
73538,875018798,39.39794,-77.41689,0,0
73540,875018797,39.39819,-77.41695,0,0
73542,236507900,39.39802,-77.41824,0,0
73721,100353081,39.42719,-77.40343,1,1
73807,19454751,39.40475,-77.38971,0,0
73808,984078377,39.40479,-77.39003,1,1
74095,19454777,39.4355,-77.4103,0,0
74545,25657425,39.40541,-77.38405,1,1
75083,287981337,39.40673,-77.38666,1,1
75133,100351320,39.41992,-77.41901,1,1
76059,100353962,39.40899,-77.3912,1,1
76139,25656805,39.39921,-77.40888,1,1
76246,100353124,39.42793,-77.40337,1,1
76564,100352914,39.43245,-77.40804,1,1
77654,215041771,39.43759,-77.37719,1,1
77657,950290681,39.43891,-77.38007,1,1
77660,801561521,39.4344,-77.36657,1,1
77662,25657127,39.44176,-77.41082,1,1
77751,100351764,39.41803,-77.40477,1,1
78218,100351655,39.41896,-77.40841,1,1
79377,100352865,39.43044,-77.41188,1,1
79666,25657505,39.43427,-77.37094,1,1
79670,100353011,39.43299,-77.41029,1,1
79949,25656840,39.40616,-77.41197,1,1
80544,100352869,39.4308,-77.41134,1,1
80860,100351571,39.41031,-77.40703,1,1
81007,100351553,39.41078,-77.41264,1,1
81405,950288153,39.44111,-77.38202,1,1
81425,25657030,39.43106,-77.41631,0,0
81427,100351616,39.41626,-77.41069,1,1
81471,100351767,39.42122,-77.40432,1,1
82021,273128939,39.39801,-77.41967,0,0
82067,100354506,39.40411,-77.36647,0,0
82485,100351196,39.4111,-77.41762,1,1
83133,25657428,39.40437,-77.38151,1,1
83706,100351630,39.41917,-77.41157,1,1
84122,100352887,39.42587,-77.40924,1,1
84298,100353300,39.43896,-77.39958,1,1
84476,940208263,39.40465,-77.3851,0,0
84477,940208266,39.40192,-77.39232,1,1
84480,25657413,39.40425,-77.38393,0,0
84481,940208262,39.40446,-77.38519,0,0
84482,25657416,39.4045,-77.38407,0,0
84484,940208261,39.40014,-77.37904,1,1
84519,25657131,39.43424,-77.40986,1,1
84993,25657397,39.41059,-77.39432,1,1
85045,100351728,39.40914,-77.39557,1,1
85158,940209553,39.40514,-77.392,1,1
85342,25657077,39.42701,-77.40748,1,1
85402,100352753,39.42351,-77.41335,1,1
85558,100352877,39.42427,-77.40876,1,1
85586,100354110,39.4037,-77.37715,0,0
116971,844680961,39.41621,-77.40495,1,1
116973,844680956,39.41388,-77.40527,1,1
147173,273128622,39.40453,-77.36241,0,0
148550,273128623,39.40426,-77.36241,0,0
153628,25657398,39.40456,-77.38909,0,0
161126,100351605,39.41428,-77.41222,1,1
164397,971285782,39.40445,-77.39416,1,1
