1039,844680963,39.46,-77.39556,1,1
1040,844680964,39.46008,-77.39552,1,1
1055,844680975,39.44398,-77.40174,1,1
1058,844680969,39.44374,-77.40162,1,1
1934,983829692,39.46954,-77.41753,1,1
1935,100356273,39.46828,-77.41387,1,1
1936,983829693,39.47122,-77.41992,1,1
2124,983909743,39.47049,-77.41274,1,1
2127,100356320,39.47084,-77.41262,1,1
2129,983909744,39.47253,-77.41238,1,1
4074,1052348512,39.44413,-77.38227,1,1
4075,215041747,39.44367,-77.38225,1,1
5732,1063138362,39.48312,-77.39672,0,0
5733,1063136248,39.48261,-77.39665,0,0
5734,1063138363,39.48534,-77.39714,0,0
6909,100356787,39.47906,-77.38295,1,1
7869,1063136250,39.48541,-77.39751,0,0
7870,1063136249,39.48285,-77.39704,0,0
7871,1063136251,39.48492,-77.39741,0,0
7872,1063134514,39.47183,-77.40109,0,0
7873,1063136252,39.48116,-77.397,0,0
7874,1063136244,39.48087,-77.39665,0,0
7875,1063134515,39.46965,-77.40148,0,0
7876,1063136245,39.48043,-77.39669,0,0
7877,983813336,39.48139,-77.39257,1,1
7878,1063136246,39.47889,-77.39698,0,0
7879,25657589,39.48184,-77.39662,0,0
7880,1063136247,39.48165,-77.39464,1,1
7881,25657586,39.48186,-77.39696,0,0
8239,983813337,39.47974,-77.3874,1,1
8240,983816354,39.48035,-77.38892,1,1
8241,983816353,39.47905,-77.3833,1,1
8243,983816355,39.47961,-77.37859,1,1
8244,983813338,39.47908,-77.38241,1,1
8558,100357052,39.48335,-77.36418,1,1
8709,851953179,39.44554,-77.40276,0,0
8839,851952972,39.4455,-77.40248,0,0
8840,25657233,39.44427,-77.40045,1,1
10366,100356399,39.46968,-77.4039,1,1
10367,1009336425,39.47168,-77.40738,1,1
10412,100356404,39.46885,-77.40165,0,0
10413,1063134513,39.47034,-77.40166,0,0
10414,273129967,39.46921,-77.40195,0,0
10415,1063134512,39.46982,-77.40181,0,0
10416,953058352,39.46484,-77.40165,0,0
10417,1063134511,39.4674,-77.40181,0,0
10418,1063134510,39.46792,-77.40177,0,0
13826,997694700,39.45879,-77.39342,1,1
13827,100355131,39.45767,-77.3929,1,1
13832,100355132,39.45768,-77.39275,1,1
13833,997694697,39.45885,-77.39327,1,1
14736,1009481251,39.44602,-77.41136,1,1
14737,100353358,39.44516,-77.41121,1,1
14738,1009481252,39.44601,-77.4115,1,1
14739,100353354,39.44514,-77.41136,1,1
15548,983809912,39.4871,-77.37258,1,1
15549,100357079,39.48602,-77.37259,1,1
17379,801639841,39.4516,-77.41363,1,1
17380,25657207,39.45024,-77.41264,1,1
17384,100353490,39.45554,-77.41472,1,1
17386,801639847,39.45614,-77.41484,1,1
17423,801639859,39.46198,-77.41576,1,1
17424,801627889,39.45996,-77.41639,1,1
17425,801639860,39.46189,-77.4158,1,1
17970,801639902,39.46436,-77.41476,1,1
17971,801636331,39.46263,-77.41537,1,1
17989,801635580,39.44356,-77.39507,1,1
17990,25657243,39.44378,-77.39485,1,1
18001,801639928,39.45,-77.38153,1,1
18478,1045611656,39.47088,-77.40567,1,1
18479,1009336424,39.47008,-77.40427,1,1
19294,1045610909,39.46877,-77.40166,0,0
19295,100356387,39.46867,-77.40168,0,0
19296,1045610908,39.46882,-77.40203,0,0
19297,273129966,39.46847,-77.40207,0,0
19382,100353535,39.46195,-77.41561,1,1
19886,100356252,39.46464,-77.41467,1,1
21045,100353378,39.45254,-77.41411,1,1
21046,997695762,39.45311,-77.41426,1,1
21051,997695758,39.45315,-77.41409,1,1
21052,100353380,39.45259,-77.41395,1,1
24479,806003821,39.44948,-77.38371,1,1
24480,100355347,39.44932,-77.38424,1,1
24982,25657212,39.45694,-77.4151,1,1
25594,25657488,39.44618,-77.39149,1,1
25799,940358064,39.44362,-77.40318,0,0
25801,940358065,39.44362,-77.40318,1,1
25802,940269809,39.44349,-77.40351,1,1
26294,1013284068,39.47692,-77.37209,1,1
26295,100356880,39.47474,-77.37184,1,1
27745,100353511,39.45703,-77.41165,1,1
30759,1063121625,39.44449,-77.39522,1,1
30760,801639971,39.44419,-77.39508,1,1
30761,1063121624,39.44475,-77.39534,1,1
30763,1063121631,39.44508,-77.39686,1,1
30764,1063121617,39.44527,-77.39601,1,1
30765,25657244,39.44536,-77.39563,1,1
30766,1063121614,39.44466,-77.39771,1,1
30767,25657234,39.44381,-77.40143,1,1
30768,1063121615,39.44409,-77.40029,1,1
30769,1063121618,39.44548,-77.39512,1,1
30770,1063121621,39.44563,-77.39446,1,1
30771,1063121622,39.44581,-77.39369,1,1
30772,1063121613,39.44499,-77.3962,1,1
30773,1063121619,39.44505,-77.39594,1,1
30774,25657245,39.44514,-77.39552,1,1
30775,1063121620,39.44524,-77.39504,1,1
30778,1063068243,39.44489,-77.39667,1,1
32607,100353510,39.45709,-77.41275,1,1
34797,25657524,39.45703,-77.36654,1,1
36321,19421854,39.45381,-77.36641,1,1
37001,25657213,39.45702,-77.41495,1,1
37291,100355862,39.45134,-77.3738,1,1
38625,19421795,39.45118,-77.3745,1,1
39139,100355076,39.44862,-77.38665,1,1
39140,954033312,39.44912,-77.38705,1,1
39665,100355494,39.45097,-77.37722,1,1
39947,100356403,39.46894,-77.40201,0,0
39948,953058350,39.46899,-77.40225,1,1
39950,100356366,39.46416,-77.40181,0,0
39951,953058351,39.4648,-77.40194,0,0
39953,100356377,39.46421,-77.40154,0,0
40129,100353381,39.44867,-77.41191,1,1
40362,25657287,39.45612,-77.39943,0,0
40363,953057371,39.45576,-77.40036,1,1
40365,100353704,39.45513,-77.40162,1,1
40413,100353488,39.45513,-77.41464,1,1
40575,100353729,39.45573,-77.39931,0,0
41891,25657594,39.4864,-77.39737,0,0
41956,100352748,39.45992,-77.41626,1,1
42539,100355482,39.45074,-77.37716,1,1
42912,100355483,39.45076,-77.37701,1,1
43212,100355495,39.45099,-77.37707,1,1
44767,1062563719,39.44527,-77.39262,1,1
44769,1062563720,39.44453,-77.39373,1,1
44965,100355920,39.45235,-77.37069,1,1
44966,983862910,39.45603,-77.36684,1,1
44967,983862911,39.45314,-77.36874,1,1
44971,19421849,39.45476,-77.36709,1,1
48071,100355005,39.45209,-77.39019,1,1
48072,1009469275,39.45358,-77.39173,1,1
48073,100355004,39.45202,-77.39031,1,1
48074,1009469274,39.45351,-77.39185,1,1
48433,806201861,39.44988,-77.38356,1,1
48434,100355351,39.44981,-77.38388,1,1
49193,25657489,39.44667,-77.39079,1,1
49194,1063068240,39.44683,-77.39042,1,1
49195,1063068241,39.44729,-77.3894,1,1
49196,1063068242,39.44545,-77.39409,1,1
49240,971288188,39.45933,-77.39375,1,1
49241,971288189,39.46006,-77.3954,1,1
49370,1063125882,39.44478,-77.39818,1,1
49372,1063125881,39.44435,-77.40009,1,1
50740,100354997,39.44629,-77.3919,1,1
50784,100353492,39.45598,-77.41465,1,1
51038,19421852,39.45405,-77.36718,1,1
51427,100355119,39.45483,-77.39284,1,1
51459,25657487,39.44573,-77.39193,1,1
52352,100356891,39.48142,-77.37092,1,1
52375,100355149,39.45372,-77.39188,1,1
53335,100355148,39.45365,-77.39199,1,1
53796,100357081,39.48765,-77.37258,1,1
54048,100355121,39.45486,-77.3927,1,1
54069,273129646,39.48609,-77.3973,0,0
54481,19421808,39.45365,-77.36771,1,1
55498,25657593,39.48636,-77.39771,0,0
55641,801562624,39.45643,-77.4086,1,1
55642,100353610,39.45538,-77.4069,1,1
56278,1063129452,39.46303,-77.40157,0,0
56279,100353751,39.46011,-77.3958,1,1
56281,100353716,39.46071,-77.40084,0,0
56282,1063129454,39.46078,-77.40044,1,1
56283,953057370,39.45704,-77.39978,0,0
56284,1063129450,39.45919,-77.40049,0,0
56285,100353715,39.46086,-77.40115,0,0
56286,1063129451,39.46209,-77.40139,0,0
56288,1063129455,39.46136,-77.40097,0,0
56289,1063129449,39.45975,-77.40063,0,0
56999,1063065656,39.46785,-77.36324,1,1
57000,1063065654,39.46523,-77.3641,1,1
57001,1063065655,39.46552,-77.36401,1,1
57002,1063065653,39.46555,-77.36834,1,1
57003,100356911,39.46493,-77.36419,1,1
57004,1063065652,39.46506,-77.36505,1,1
57005,100356877,39.46529,-77.36658,1,1
57415,1063065481,39.46425,-77.36439,1,1
57416,19421737,39.46191,-77.36511,1,1
57417,1063065480,39.4645,-77.36432,1,1
57418,100356879,39.46383,-77.36452,1,1
57420,1063065483,39.46324,-77.3647,1,1
60226,1063065915,39.45377,-77.36536,1,1
60228,1063065916,39.4537,-77.36337,1,1
60229,25657532,39.45468,-77.36685,1,1
60230,1063065917,39.45522,-77.36674,1,1
60231,19421820,39.45145,-77.37421,1,1
60232,1063065918,39.45348,-77.36836,1,1
60436,940269810,39.44349,-77.40351,0,0
61630,25657242,39.45162,-77.40053,0,0
61631,1063128149,39.45484,-77.3995,0,0
61633,1063128148,39.45593,-77.39994,1,1
61634,100353733,39.45696,-77.40002,0,0
61635,1063128147,39.45861,-77.40059,0,0
61636,1063128146,39.45306,-77.39971,0,0
61637,25657241,39.45157,-77.40027,0,0
61638,1063128145,39.4551,-77.39923,0,0
61639,1063128144,39.4545,-77.39926,0,0
62686,1063066715,39.44671,-77.39003,1,1
62687,100355078,39.44868,-77.38653,1,1
62688,1063066714,39.4469,-77.3896,1,1
62689,25657491,39.44646,-77.39057,1,1
62690,1063066718,39.44947,-77.38481,1,1
62691,1063066719,39.44967,-77.38429,1,1
62692,1063066716,39.44905,-77.38576,1,1
62693,1063066717,39.44922,-77.38539,1,1
62694,100355015,39.44768,-77.38791,1,1
62695,1063066713,39.44785,-77.38755,1,1
62697,100355073,39.44919,-77.38714,1,1
62698,1063066723,39.45019,-77.38842,1,1
62699,1063066720,39.4479,-77.38601,1,1
62700,100355027,39.44732,-77.38528,1,1
62701,1063066721,39.44758,-77.38566,1,1
62702,100355075,39.44915,-77.38693,1,1
62703,1063066724,39.44948,-77.38739,1,1
62704,100355077,39.4484,-77.38639,1,1
62705,1063066725,39.44906,-77.38495,1,1
63307,801627887,39.45851,-77.4162,1,1
63310,100352725,39.45982,-77.41934,1,1
63801,25657285,39.45603,-77.3997,0,0
63891,801627805,39.45174,-77.41356,1,1
63893,100353389,39.44868,-77.41173,1,1
66015,100353352,39.44346,-77.41097,1,1
67682,19421745,39.46861,-77.36292,1,1
69777,100356876,39.46802,-77.37115,1,1
70297,25657513,39.45415,-77.36739,1,1
70925,940202728,39.45425,-77.40346,1,1
70926,100353700,39.45406,-77.40445,1,1
72242,100356884,39.4795,-77.37234,1,1
74942,100353351,39.44346,-77.41111,1,1
75194,25657749,39.47391,-77.37174,1,1
76264,100355120,39.45495,-77.39287,1,1
77855,94267970,39.44621,-77.3835,1,1
80504,100355122,39.45497,-77.39273,1,1
80550,100356899,39.48172,-77.3698,1,1
81066,100356363,39.47227,-77.40864,1,1
81703,273129645,39.48667,-77.39777,0,0
81877,100353489,39.45515,-77.41449,1,1
83220,100356885,39.48098,-77.37256,1,1
83375,100353491,39.45557,-77.41457,1,1
83914,100355014,39.44814,-77.38764,1,1
84110,100353534,39.46185,-77.41564,1,1
84148,100353513,39.45696,-77.41068,1,1
85852,25657216,39.45694,-77.41,1,1
118065,100356329,39.47283,-77.41234,1,1
148543,100353506,39.45717,-77.41389,1,1
172215,1063129453,39.46088,-77.39877,1,1
