255,940274612,39.51554,-76.36875,1,1
256,848134234,39.51407,-76.37106,1,1
413,90652844,39.50796,-76.34461,1,1
414,983905928,39.50839,-76.34512,1,1
559,983906188,39.5226,-76.37116,0,0
560,983906187,39.52081,-76.37256,0,0
561,90645380,39.51977,-76.37337,0,0
568,825652921,39.50893,-76.34526,1,1
569,983906191,39.51014,-76.34359,1,1
573,983906192,39.51597,-76.37592,0,0
574,273134645,39.51553,-76.37628,0,0
579,983906189,39.52822,-76.36811,0,0
580,90652322,39.52685,-76.36856,0,0
1122,90645345,39.51186,-76.37353,1,1
2809,801251777,39.52748,-76.35644,0,0
2810,90652886,39.52398,-76.35018,0,0
2811,90652611,39.52671,-76.35405,1,1
2812,801251780,39.5274,-76.35342,1,1
3651,1052050493,39.51352,-76.37149,1,1
5649,940861274,39.52245,-76.35476,1,1
5650,998424816,39.52295,-76.35563,1,1
6490,90652609,39.52624,-76.35449,0,0
6491,801251779,39.52486,-76.35174,0,0
6492,810578161,39.52576,-76.35329,0,0
7053,1012492800,39.51784,-76.34342,0,0
7054,850790761,39.51698,-76.34343,0,0
7055,1012492801,39.51781,-76.34367,0,0
9542,984173726,39.51737,-76.37484,0,0
9543,848135575,39.51711,-76.37504,0,0
9624,90653314,39.53205,-76.3465,1,1
9625,975961175,39.53233,-76.34677,1,1
10463,983823034,39.5267,-76.36949,1,1
10464,90652296,39.52624,-76.36882,1,1
10466,826733009,39.52258,-76.35821,1,1
10467,983823035,39.52282,-76.35798,1,1
10468,983823036,39.52455,-76.36353,1,1
10469,826483467,39.52402,-76.3624,1,1
10470,983823037,39.52404,-76.36249,1,1
10471,983823038,39.52608,-76.3686,1,1
10472,90652299,39.52528,-76.36774,1,1
10474,983823039,39.52403,-76.36152,1,1
10482,90645664,39.52923,-76.37634,1,1
10483,983823042,39.52929,-76.37548,1,1
11914,90655768,39.51096,-76.32808,1,1
11915,984150597,39.51324,-76.32895,1,1
11927,984150600,39.49082,-76.32604,0,0
12318,1063297623,39.52723,-76.35606,0,0
12319,810578160,39.52691,-76.35555,0,0
13266,983982866,39.49986,-76.37336,1,1
13267,876269096,39.49662,-76.37229,1,1
13874,983824451,39.51199,-76.3732,1,1
13875,876269102,39.51283,-76.37206,1,1
15409,1063293606,39.50165,-76.33,1,1
15410,90651948,39.50097,-76.33231,0,0
15411,1063293604,39.50079,-76.33297,1,1
15412,90651938,39.50061,-76.33363,1,1
15413,1063293607,39.50121,-76.3315,1,1
15414,1063293605,39.50114,-76.33174,1,1
15415,1063293601,39.50332,-76.33513,0,0
15416,1063293600,39.50221,-76.33388,0,0
15417,1063293599,39.50146,-76.3331,0,0
15418,90651939,39.5009,-76.33258,0,0
15419,1063293603,39.49965,-76.33152,0,0
15420,90654500,39.49673,-76.32961,0,0
15421,1063293602,39.50248,-76.33381,0,0
16900,984458654,39.51494,-76.37674,0,0
18843,1063383169,39.48921,-76.32478,0,0
18844,1063383168,39.4905,-76.32556,0,0
18845,1063383170,39.49075,-76.32571,0,0
18846,90654456,39.49236,-76.32697,0,0
18847,1063383165,39.49285,-76.32727,0,0
18848,90654457,39.49246,-76.32674,0,0
18849,1063383166,39.49378,-76.32752,0,0
18850,1063383167,39.49145,-76.32613,0,0
18851,1063383171,39.4917,-76.32628,0,0
18852,1063383172,39.49191,-76.32641,0,0
18853,1063383162,39.49421,-76.32809,0,0
18854,1063383161,39.49326,-76.32378,1,1
18855,1063383164,39.49326,-76.32752,0,0
18856,1063383163,39.49546,-76.32883,0,0
18857,1063383158,39.49296,-76.32533,1,1
18859,1063383160,39.49313,-76.32464,1,1
18860,1063383159,39.49305,-76.32499,1,1
19524,826889170,39.5309,-76.32099,1,1
19525,983993279,39.53206,-76.32291,1,1
19843,983993983,39.52572,-76.33922,1,1
19844,90653532,39.52537,-76.33896,1,1
20097,90653534,39.52655,-76.3398,1,1
20098,826889172,39.52701,-76.34006,1,1
20332,984142310,39.51748,-76.33366,1,1
20333,90653192,39.51538,-76.33108,1,1
20334,984142311,39.51542,-76.33112,1,1
20751,875617793,39.53054,-76.32092,1,1
23220,826887560,39.48872,-76.37445,1,1
23597,90653330,39.52837,-76.34091,1,1
23628,90656374,39.53224,-76.32555,1,1
23755,90644730,39.49023,-76.37453,1,1
23822,90652448,39.5314,-76.36207,0,0
24031,90652633,39.52962,-76.35132,1,1
24070,90653290,39.5314,-76.34952,1,1
25259,90652610,39.52641,-76.35432,0,0
25276,90652204,39.52297,-76.35784,1,1
25497,90652079,39.51817,-76.36244,1,1
25514,90656446,39.53207,-76.32304,1,1
25557,1010200035,39.53123,-76.34525,1,1
26292,826733008,39.52116,-76.35951,1,1
26293,336678656,39.52193,-76.35881,1,1
26437,90654479,39.49329,-76.32306,1,1
26481,90652016,39.51639,-76.36665,1,1
26680,90652891,39.52284,-76.34865,0,0
26819,90652898,39.52162,-76.34658,0,0
27917,90652019,39.51663,-76.36601,1,1
28209,90652805,39.51324,-76.34811,1,1
29556,90653315,39.53279,-76.34544,1,1
30965,90656330,39.53186,-76.32939,1,1
31060,90653560,39.5285,-76.33574,1,1
31207,322675490,39.53147,-76.36771,0,0
33139,90653161,39.52104,-76.33589,1,1
34254,90656345,39.53207,-76.32834,1,1
35423,90652274,39.52086,-76.35263,1,1
35909,90654486,39.49336,-76.3219,1,1
35958,90652063,39.51748,-76.36381,1,1
36152,90653341,39.53072,-76.34322,1,1
36793,90653162,39.5201,-76.33542,1,1
37222,90652892,39.52302,-76.34848,0,0
38219,90652297,39.52624,-76.36882,0,0
38223,90652856,39.51137,-76.34176,0,0
38261,90645340,39.50745,-76.37289,1,1
38628,876269101,39.51141,-76.37472,1,1
38631,810694266,39.51013,-76.37811,1,1
38641,90644765,39.49629,-76.37239,1,1
38651,90652052,39.51703,-76.36496,1,1
38653,876269100,39.51714,-76.36468,1,1
39310,90653337,39.53129,-76.34473,1,1
39320,1004830817,39.51968,-76.35213,1,1
39527,90653149,39.5237,-76.33777,1,1
39780,90644782,39.50195,-76.37357,1,1
40050,825652923,39.50885,-76.34557,1,1
40051,1004530235,39.5104,-76.34656,1,1
40141,90655743,39.50623,-76.32819,1,1
40837,90652271,39.52106,-76.35274,1,1
41478,90654513,39.50256,-76.32683,1,1
42120,90653181,39.51913,-76.33506,1,1
44111,983973918,39.52671,-76.33989,1,1
44112,826889173,39.5266,-76.33983,1,1
44115,90653328,39.52959,-76.34204,1,1
44116,983973917,39.52966,-76.34212,1,1
46936,825652922,39.50868,-76.34563,1,1
46937,825652918,39.50863,-76.34541,1,1
46939,825652919,39.50886,-76.34549,1,1
46940,825652920,39.5088,-76.34535,1,1
46944,825652917,39.50874,-76.34533,1,1
47336,909576351,39.52555,-76.35518,1,1
47337,913684276,39.52589,-76.35484,1,1
50775,90645661,39.52936,-76.37717,1,1
51200,322675472,39.52959,-76.36781,0,0
51519,94161762,39.53151,-76.34434,1,1
52789,90653613,39.52898,-76.33458,1,1
53081,1025316227,39.53085,-76.33132,1,1
53083,90653636,39.53012,-76.33215,1,1
53679,90652847,39.50569,-76.34107,1,1
54261,90652570,39.52827,-76.35723,0,0
55142,90652569,39.52813,-76.35743,0,0
55144,909574469,39.52925,-76.35907,0,0
55672,90653340,39.53137,-76.34392,1,1
56270,90653295,39.5322,-76.34877,1,1
57167,1065415313,39.52488,-76.35584,1,1
57168,909576355,39.52468,-76.35603,1,1
57280,90652191,39.52414,-76.3605,1,1
57281,909576353,39.52398,-76.35823,1,1
57282,90652210,39.52451,-76.3562,1,1
57283,90652205,39.52393,-76.35791,1,1
57284,801251778,39.52539,-76.35534,1,1
58565,1063218260,39.50041,-76.33183,0,0
58566,1063218259,39.50015,-76.33161,0,0
58570,1063218261,39.49941,-76.33104,0,0
58571,1063218262,39.4996,-76.33118,0,0
58572,90654501,39.49683,-76.32936,0,0
58573,1063218263,39.49834,-76.33029,0,0
58922,273134801,39.52306,-76.3708,0,0
58923,810284645,39.52547,-76.36918,0,0
58940,90652912,39.51844,-76.3439,0,0
58941,810284652,39.52078,-76.34554,0,0
61237,954992364,39.50159,-76.32645,1,1
61238,90654510,39.50006,-76.32579,1,1
61360,1065416992,39.52726,-76.35569,0,0
61361,90652885,39.52381,-76.35037,0,0
61362,1065416991,39.52538,-76.35306,0,0
62055,90652256,39.52222,-76.35437,1,1
62365,273134403,39.53155,-76.36189,0,0
63253,90652279,39.52103,-76.35251,1,1
65130,90652083,39.52506,-76.36458,1,1
65160,90653108,39.51572,-76.3362,1,1
65444,90652208,39.52329,-76.35621,1,1
65604,1063214837,39.51078,-76.34129,0,0
65607,1063214843,39.51242,-76.34208,0,0
65608,1063214842,39.51209,-76.34198,0,0
65611,1063214841,39.50854,-76.34034,0,0
65612,1063214840,39.50995,-76.34103,0,0
65613,1063214839,39.51012,-76.34109,0,0
65614,1063214838,39.51029,-76.34115,0,0
65628,90652857,39.51156,-76.34152,0,0
65630,1063214849,39.51108,-76.34224,1,1
65632,1063214851,39.51313,-76.33943,1,1
65633,1063214850,39.51209,-76.34076,1,1
65636,1063214845,39.51347,-76.34239,0,0
65637,1063214844,39.51322,-76.34232,0,0
65638,1063214846,39.51489,-76.34281,0,0
65640,1063214847,39.50991,-76.34131,0,0
65641,90652855,39.51026,-76.34341,1,1
65642,1063214848,39.51311,-76.34199,0,0
66590,90653312,39.53135,-76.34561,1,1
66855,90652087,39.52408,-76.36107,1,1
67361,90653331,39.52868,-76.34116,1,1
67837,90645336,39.50519,-76.3734,1,1
67938,1004830816,39.51963,-76.35196,1,1
67939,1004830815,39.51948,-76.35202,1,1
67940,1004830818,39.51953,-76.3522,1,1
68419,90652966,39.50492,-76.33963,1,1
68733,90652630,39.52827,-76.3526,1,1
70284,90655776,39.51372,-76.32933,1,1
70510,322675479,39.53147,-76.36759,0,0
71615,90653536,39.5276,-76.33792,1,1
71765,90653177,39.51765,-76.33392,1,1
72101,90652207,39.52377,-76.35695,1,1
72111,90645697,39.52867,-76.37318,1,1
72572,90652249,39.5164,-76.35048,1,1
72907,848135245,39.51946,-76.36108,1,1
72908,90652080,39.51868,-76.36182,1,1
73889,90653676,39.53146,-76.3304,1,1
74862,90655754,39.50893,-76.32816,1,1
74863,848135701,39.50965,-76.32807,1,1
74869,90654506,39.49789,-76.325,1,1
75150,322675649,39.52948,-76.3594,0,0
76057,1063207659,39.53095,-76.36144,0,0
76058,90652566,39.53002,-76.36016,0,0
76061,1063207660,39.53081,-76.36085,0,0
76062,90652567,39.53017,-76.35995,0,0
76063,1063207661,39.53001,-76.35972,0,0
76064,322675652,39.5298,-76.35943,0,0
76619,90652899,39.52176,-76.34637,0,0
76738,90644764,39.49473,-76.37284,1,1
77019,90653150,39.52395,-76.33795,1,1
78157,90645322,39.5141,-76.37786,0,0
78324,90652807,39.51474,-76.34906,1,1
81015,90653617,39.52978,-76.33289,1,1
83085,94161764,39.53198,-76.34456,1,1
85213,90653338,39.53178,-76.34433,1,1
85354,90653618,39.52994,-76.3325,1,1
126419,90645692,39.52931,-76.37509,1,1
139564,90656376,39.53226,-76.3249,1,1
139758,90652434,39.53169,-76.3649,0,0
173216,909576373,39.52421,-76.35968,1,1
