380,892262044,39.56374,-76.97652,1,1
381,116352671,39.56365,-76.97692,1,1
1656,116351046,39.56434,-76.98838,1,1
1657,892206576,39.56453,-76.9883,1,1
3150,116351480,39.56739,-76.988,1,1
3151,984162843,39.5678,-76.9884,1,1
3153,116351478,39.56673,-76.9873,1,1
3154,984162844,39.56716,-76.98776,1,1
3155,116351420,39.57005,-76.99071,1,1
3156,984162845,39.57051,-76.99118,1,1
3571,116350036,39.55514,-77.01238,1,1
4010,116350705,39.56313,-77.00584,1,1
4011,116351102,39.56796,-77.00263,1,1
4012,892208615,39.56843,-77.00232,1,1
4014,892208612,39.57241,-76.99935,1,1
4015,116351160,39.57099,-77.00067,1,1
4016,116351522,39.57638,-76.99387,1,1
4017,892208613,39.5771,-76.99271,1,1
4839,1063521083,39.57726,-76.98553,1,1
4842,116352894,39.57498,-76.98457,1,1
4843,1063521084,39.5756,-76.98483,1,1
4859,116340819,39.54103,-77.00598,1,1
5075,1063402183,39.54428,-76.98797,1,1
5076,116340999,39.54359,-76.98833,1,1
5077,1063402180,39.54529,-76.98741,1,1
5078,1063402184,39.54666,-76.98664,1,1
5079,1063402185,39.54582,-76.98711,1,1
5080,1063402181,39.54475,-76.98771,1,1
5081,1063402182,39.54454,-76.98783,1,1
5084,116351229,39.57519,-76.99598,1,1
5086,1062684555,39.57513,-76.99592,1,1
5087,984166565,39.57468,-76.99547,1,1
5589,1063403410,39.5432,-76.9885,1,1
5590,116340940,39.53334,-76.9887,1,1
5591,1063403411,39.5416,-76.98901,1,1
6023,322677937,39.56701,-77.00398,1,1
6024,1063405284,39.56716,-77.0037,1,1
6025,116351082,39.56618,-77.00478,1,1
6026,1063405283,39.56651,-77.00456,1,1
7058,116351439,39.57167,-76.99239,1,1
7059,984166567,39.57179,-76.99252,1,1
7060,116351440,39.57251,-76.99324,1,1
7061,984166568,39.5731,-76.99384,1,1
7063,984166566,39.57427,-76.99505,1,1
7064,116351428,39.57351,-76.99426,1,1
7065,892165490,39.57432,-76.99511,1,1
7648,116351534,39.57745,-76.99215,1,1
7712,116352817,39.5607,-76.96818,1,1
7713,984172067,39.56217,-76.97056,1,1
7728,336677963,39.55702,-76.96222,1,1
7729,984172073,39.56023,-76.96742,1,1
8843,1063411782,39.56085,-76.9804,1,1
8844,116352582,39.56006,-76.98088,1,1
8845,1063411781,39.56124,-76.98023,1,1
8846,1063411780,39.56352,-76.9774,1,1
8847,116352656,39.56322,-76.97806,1,1
8848,1063411779,39.56294,-76.97852,1,1
8849,1063411778,39.56246,-76.97923,1,1
8850,116352655,39.5623,-76.97946,1,1
8851,1063411777,39.56287,-76.98199,1,1
8852,1063411776,39.56258,-76.98134,1,1
8853,116352612,39.56232,-76.98079,1,1
10075,984173241,39.56424,-77.00547,1,1
10076,892208614,39.56362,-77.00568,1,1
10155,1063428984,39.56899,-76.98091,1,1
10156,1063507609,39.56999,-76.98188,1,1
10157,1063507610,39.57195,-76.98338,1,1
11216,1063510070,39.56725,-76.97834,1,1
11218,116352934,39.56801,-76.97939,1,1
11219,1063510069,39.56758,-76.97881,1,1
11221,116352936,39.56706,-76.97806,1,1
11222,1063510071,39.56821,-76.97966,1,1
11287,116352818,39.56085,-76.96804,1,1
15072,116351049,39.56288,-76.98808,1,1
15073,984185664,39.56292,-76.98809,1,1
16761,273142638,39.54109,-76.99408,1,1
17142,116350863,39.55547,-76.98901,1,1
17143,892269797,39.5561,-76.98875,1,1
17174,116352574,39.55595,-76.98258,1,1
17175,892269798,39.55834,-76.98162,1,1
17178,116350992,39.55782,-76.98798,1,1
17179,892269799,39.55802,-76.98775,1,1
19938,1050680578,39.5354,-76.99474,1,1
19939,116340911,39.53298,-76.99449,1,1
22841,116352648,39.56147,-76.98013,1,1
23096,116351467,39.56993,-76.99058,1,1
23389,116352794,39.56372,-76.97307,1,1
24649,116350027,39.555,-77.01259,1,1
24750,116352893,39.57487,-76.98487,1,1
26544,116352644,39.56164,-76.98025,1,1
27636,116352792,39.5644,-76.97419,1,1
27792,116351048,39.56251,-76.98793,1,1
28294,116351084,39.56676,-77.00433,1,1
28526,116341002,39.54161,-76.98608,1,1
28872,116340972,39.54457,-76.99342,1,1
30626,116352896,39.57567,-76.98517,1,1
31384,116350067,39.56252,-77.00605,1,1
31573,116350806,39.54935,-76.99148,1,1
31603,116352651,39.56193,-76.97991,1,1
31948,273142650,39.55153,-76.99061,1,1
32611,116352788,39.5642,-76.97454,1,1
33007,116352602,39.56424,-76.98441,1,1
33323,116351598,39.57778,-76.98606,1,1
34412,116351464,39.56812,-76.98873,1,1
34597,116352772,39.55873,-76.97271,1,1
34984,116352887,39.57226,-76.98356,1,1
36036,116351075,39.56531,-76.9879,1,1
37876,116352646,39.56214,-76.98041,1,1
38341,116351191,39.57282,-76.99891,1,1
38649,116351080,39.56593,-76.98754,1,1
38889,116350852,39.55201,-76.99041,1,1
39201,116351136,39.57152,-77.00276,1,1
39642,116340816,39.53881,-77.00134,1,1
40064,116351047,39.56123,-76.98739,1,1
40683,116340832,39.53791,-76.99694,1,1
40926,116351159,39.5709,-77.00073,1,1
41078,116340953,39.54303,-76.99378,1,1
41198,116351209,39.57349,-76.99819,1,1
41860,116351192,39.57428,-77.00075,1,1
41925,116351419,39.57088,-76.99155,1,1
42062,116351203,39.57529,-76.99918,1,1
42565,116350065,39.56028,-77.00653,1,1
42673,116352889,39.57329,-76.98414,1,1
42904,116352890,39.57345,-76.98391,1,1
43259,116352888,39.57236,-76.98331,1,1
43881,116351013,39.56048,-76.98707,1,1
46969,892763114,39.56762,-77.00423,1,1
48482,892148518,39.57702,-77.01148,1,1
48483,116350496,39.57647,-77.01198,1,1
48738,984062996,39.54291,-76.9938,1,1
48739,892268634,39.54273,-76.99384,1,1
49111,1000927482,39.54281,-77.0144,1,1
49532,894866184,39.55394,-76.95724,1,1
49892,984065609,39.53693,-76.99462,1,1
49893,892268633,39.53634,-76.99469,1,1
50153,1063430462,39.56552,-76.97557,1,1
50154,1063430461,39.56325,-76.97197,1,1
50155,116352795,39.56454,-76.97401,1,1
50157,1063430460,39.56352,-76.9724,1,1
50158,892253550,39.56273,-76.97109,1,1
50159,1063430459,39.56401,-76.97319,1,1
50177,116351045,39.5641,-76.98844,1,1
50191,116352875,39.57102,-76.98242,1,1
50474,892250712,39.55274,-76.95936,1,1
50912,116351225,39.57487,-76.9967,1,1
51541,116352771,39.55827,-76.97169,1,1
51609,116351465,39.56969,-76.99034,1,1
52418,892253549,39.56269,-76.97142,1,1
52419,1063428982,39.56308,-76.97206,1,1
52420,116352933,39.56791,-76.97964,1,1
52421,1063428983,39.56827,-76.9801,1,1
52422,1063428985,39.56572,-76.97633,1,1
52423,1063428986,39.56516,-76.97543,1,1
52424,1063428987,39.56539,-76.97579,1,1
52426,1063428988,39.56501,-76.97519,1,1
56357,116352604,39.56395,-76.98406,1,1
57091,116341728,39.54067,-76.98305,1,1
58159,892250551,39.56214,-76.97964,1,1
58160,116352654,39.56167,-76.97935,1,1
58161,892250550,39.56177,-76.97956,1,1
60082,835745438,39.54196,-77.00821,1,1
61472,1063420399,39.56405,-76.97514,1,1
61473,116352676,39.56383,-76.97611,1,1
61474,1063420400,39.56395,-76.97556,1,1
62254,116352807,39.56266,-76.97098,1,1
62255,116352806,39.56252,-76.97115,1,1
62792,892254207,39.53731,-76.97186,1,1
62793,892254206,39.5381,-76.97439,1,1
62794,116341768,39.53657,-76.97055,1,1
63381,116340946,39.5376,-76.99453,1,1
63636,116351011,39.55874,-76.98695,1,1
63906,116350804,39.54571,-76.99294,1,1
64603,116341737,39.53852,-76.97668,1,1
64867,116351115,39.56914,-77.00188,1,1
65891,116351194,39.57492,-76.99979,1,1
66849,116341782,39.53582,-76.96878,1,1
67310,116352769,39.5592,-76.97378,1,1
67860,116352766,39.55555,-76.96562,1,1
68050,116350981,39.55739,-76.98822,1,1
68135,116351218,39.57435,-76.99725,1,1
68136,1063332829,39.57627,-76.99708,1,1
68137,984166563,39.57596,-76.99676,1,1
68138,1063332828,39.57624,-76.99766,1,1
68139,1063332831,39.57542,-76.9955,1,1
68140,1062684556,39.57526,-76.99581,1,1
68141,1063332830,39.57457,-76.99702,1,1
68142,116351220,39.57606,-76.99797,1,1
69135,215068512,39.57084,-77.00303,1,1
70581,116350853,39.55255,-76.9902,1,1
70747,116351332,39.57647,-76.99728,1,1
71189,116351112,39.57008,-77.0033,1,1
72031,116352611,39.56313,-76.98257,1,1
72268,116351434,39.57581,-76.9948,1,1
73005,892242618,39.55409,-76.95749,1,1
73743,116352935,39.56686,-76.97817,1,1
73856,116340815,39.53966,-77.0032,1,1
74593,116351137,39.57212,-77.00253,1,1
74781,116351466,39.56899,-76.98964,1,1
75823,116351141,39.57343,-77.00195,1,1
76170,116340998,39.54435,-76.98952,1,1
76172,892247536,39.54458,-76.99002,1,1
76396,116351205,39.57567,-76.99859,1,1
77017,892544423,39.55972,-76.96617,1,1
77020,116353258,39.55699,-76.96174,1,1
77845,116350854,39.5532,-76.98994,1,1
77870,116352768,39.55967,-76.97484,1,1
78035,892248417,39.53548,-76.96807,1,1
78200,116351331,39.57718,-76.99799,1,1
78395,336677959,39.55679,-76.96142,1,1
79394,116352635,39.56058,-76.97691,1,1
79807,116350805,39.54668,-76.99255,1,1
80458,116352951,39.56643,-76.97705,1,1
80969,116351430,39.57557,-76.99523,1,1
82213,116352610,39.56332,-76.98301,1,1
82790,116353257,39.55683,-76.96191,1,1
83059,116352642,39.56012,-76.97585,1,1
83353,116341734,39.5392,-76.97869,1,1
83948,116351477,39.56661,-76.98716,1,1
84634,1063336545,39.5432,-76.98779,1,1
84642,1063336544,39.54346,-76.98814,1,1
84643,116341001,39.54278,-76.98724,1,1
84645,1063336543,39.54406,-76.98906,1,1
85483,116351093,39.5693,-77.00358,1,1
165047,984157652,39.54289,-77.01212,1,1
