1070,837183359,39.65836,-77.1748,1,1
1071,834725947,39.65793,-77.17433,1,1
11468,1050634538,39.65325,-77.17229,1,1
11469,116330882,39.65291,-77.17221,1,1
11470,1050634526,39.65111,-77.17146,1,1
11471,116330879,39.65078,-77.17133,1,1
11880,892272200,39.64505,-77.14817,1,1
11881,892272201,39.64603,-77.15029,1,1
11882,116331886,39.64293,-77.14372,1,1
12513,1063352583,39.64752,-77.15348,1,1
12514,1063362151,39.64649,-77.15843,1,1
12515,116331060,39.64516,-77.16716,1,1
12516,1063362150,39.64715,-77.15688,1,1
12517,1063362152,39.6477,-77.15387,1,1
12518,1063362149,39.64727,-77.1566,1,1
12519,1063362148,39.64751,-77.15606,1,1
12520,1063362147,39.64769,-77.15563,1,1
14970,116331105,39.63782,-77.15777,1,1
17170,940327891,39.63509,-77.15456,1,1
17171,116331103,39.63426,-77.1536,1,1
17787,1063107861,39.66317,-77.1801,1,1
17788,116330923,39.66201,-77.17872,1,1
18442,940328237,39.62488,-77.14022,1,1
18513,940328328,39.63996,-77.16032,1,1
18514,834804252,39.63823,-77.15825,1,1
20828,944910849,39.66407,-77.18276,1,1
20829,116330848,39.66369,-77.18157,1,1
22027,892277464,39.65175,-77.13247,1,1
22028,116331955,39.64929,-77.14034,1,1
22029,892277466,39.64945,-77.13978,1,1
22033,892277469,39.64853,-77.14305,1,1
22038,116332007,39.65201,-77.13206,1,1
22039,892277473,39.65255,-77.13118,1,1
22917,116331027,39.63202,-77.16673,1,1
23728,834720304,39.66581,-77.18807,1,1
24420,116331214,39.65074,-77.16033,1,1
25519,116330896,39.65398,-77.1724,1,1
25521,1063347185,39.65502,-77.1725,1,1
26847,215044829,39.65164,-77.16226,1,1
27606,116331014,39.62933,-77.1695,1,1
28377,116330847,39.66439,-77.18376,1,1
28384,116331056,39.64665,-77.16926,1,1
28650,116330935,39.65974,-77.17628,1,1
31160,116331313,39.66602,-77.16668,1,1
33048,116330888,39.6567,-77.17287,1,1
33052,116330981,39.66309,-77.17087,1,1
33800,116330880,39.65127,-77.17153,1,1
34090,116331145,39.65295,-77.16506,1,1
35367,116331195,39.6525,-77.16409,1,1
35782,116330891,39.65653,-77.17257,1,1
35932,116331073,39.64031,-77.16074,1,1
37499,116331024,39.63184,-77.16688,1,1
38440,116330740,39.6386,-77.18359,1,1
38639,116330955,39.66103,-77.17437,1,1
38806,116330907,39.65539,-77.17019,1,1
38850,116331173,39.65345,-77.1661,1,1
39063,1063118626,39.65618,-77.17184,1,1
39064,116330911,39.65582,-77.17108,1,1
39600,116331357,39.65035,-77.15947,1,1
40809,116331174,39.65355,-77.16633,1,1
41262,116330925,39.66154,-77.17821,1,1
43120,116331199,39.65202,-77.16308,1,1
44665,116331359,39.64849,-77.15551,1,1
44666,1063352581,39.64881,-77.15619,1,1
44667,1063352580,39.64866,-77.15588,1,1
44669,1063352587,39.64716,-77.15272,1,1
44670,116331119,39.64649,-77.15128,1,1
44671,1063352586,39.64733,-77.15308,1,1
44672,1063352584,39.64849,-77.15319,1,1
44674,894734996,39.64829,-77.15414,1,1
44675,1063352582,39.64858,-77.1538,1,1
46907,1059761852,39.66013,-77.17568,1,1
46909,834725954,39.65998,-77.1759,1,1
47246,834807727,39.64629,-77.15084,1,1
50281,273142806,39.64609,-77.1685,1,1
50356,116330798,39.6529,-77.18652,1,1
50624,116331363,39.64818,-77.15488,1,1
50890,116331849,39.6286,-77.14693,1,1
51352,116331149,39.65491,-77.16917,1,1
51569,116330820,39.65363,-77.18443,1,1
53886,116331117,39.64799,-77.1545,1,1
56090,116330960,39.66216,-77.1726,1,1
56111,116331074,39.64341,-77.16469,1,1
56567,116330843,39.66333,-77.18048,1,1
60029,894734995,39.6478,-77.15409,1,1
60030,894734993,39.64842,-77.15535,1,1
60031,894734994,39.64785,-77.15525,1,1
60034,116331435,39.64819,-77.15449,1,1
64777,116330924,39.66126,-77.17791,1,1
64924,116331198,39.6521,-77.16326,1,1
67309,892277465,39.65001,-77.13808,1,1
67311,940326702,39.6505,-77.13721,1,1
67701,116331213,39.65155,-77.16206,1,1
68623,116330855,39.6634,-77.1807,1,1
71283,892187690,39.66378,-77.16944,1,1
71284,116331006,39.6634,-77.17021,1,1
71285,892187691,39.66491,-77.16785,1,1
71289,116330845,39.66472,-77.18476,1,1
71296,116330785,39.65229,-77.18844,1,1
71309,116330825,39.65517,-77.18258,1,1
71312,892187693,39.65668,-77.18023,1,1
72595,116330831,39.66514,-77.18601,1,1
74150,116330908,39.65635,-77.1722,1,1
75701,116330852,39.66455,-77.18162,1,1
76176,116330873,39.65771,-77.17927,1,1
76920,834728133,39.64906,-77.15673,1,1
77031,116331319,39.66759,-77.16501,1,1
78523,116330906,39.65531,-77.17001,1,1
78809,116330932,39.66055,-77.17714,1,1
78893,834725957,39.66063,-77.17496,1,1
78894,116330936,39.66038,-77.1753,1,1
78908,834725963,39.66302,-77.17101,1,1
78909,116330980,39.66263,-77.17177,1,1
78926,116330886,39.65775,-77.17411,1,1
78936,116330956,39.66131,-77.17395,1,1
78937,834725952,39.66143,-77.17377,1,1
78965,834725941,39.65756,-77.17388,1,1
78967,116330892,39.65718,-77.17345,1,1
79623,116330817,39.65326,-77.18485,1,1
80110,116330934,39.65894,-77.17545,1,1
80299,1028714302,39.65534,-77.17252,1,1
80300,1028714304,39.65618,-77.17261,1,1
80636,892186027,39.63697,-77.18291,1,1
80637,892186026,39.63392,-77.17971,1,1
81137,273142803,39.64964,-77.15795,1,1
81994,116331362,39.648,-77.15489,1,1
82085,116330927,39.65905,-77.17732,1,1
82162,116331075,39.64307,-77.16426,1,1
83464,116331172,39.65394,-77.16714,1,1
83934,116330905,39.65557,-77.17057,1,1
84135,116331072,39.64152,-77.16228,1,1
84188,116330878,39.64862,-77.17042,1,1
84405,116330734,39.64571,-77.18688,1,1
84407,892183374,39.65219,-77.18565,1,1
84408,892183373,39.64743,-77.18646,1,1
84768,940830153,39.63918,-77.13581,1,1
84931,940830182,39.63794,-77.13322,1,1
85065,116331094,39.6368,-77.15657,1,1
85117,116331154,39.65442,-77.16816,1,1
85162,116330947,39.65843,-77.17488,1,1
85216,116330721,39.64263,-77.1883,1,1
85291,116330958,39.66175,-77.17325,1,1
85989,116330860,39.66694,-77.18142,1,1
137970,116331922,39.6488,-77.14642,1,1
160608,1063352585,39.64855,-77.15266,1,1
