87883,100703492,38.64085,-77.33291,1,1
87884,819251905,38.64235,-77.3357,1,1
87885,100703493,38.64099,-77.33285,1,1
87886,819251904,38.64243,-77.33556,1,1
87977,819251196,38.64393,-77.33687,1,1
87978,819251195,38.64397,-77.33669,1,1
90385,100706846,38.6543,-77.34234,1,1
90665,100706740,38.65871,-77.34477,1,1
90667,100710150,38.654,-77.31181,1,1
90674,100707815,38.66371,-77.32805,1,1
90854,100707445,38.66892,-77.33377,1,1
90908,221994968,38.64716,-77.33378,1,1
91199,335423395,38.64535,-77.33677,1,1
91338,100706896,38.64586,-77.337,1,1
91362,335458113,38.65629,-77.34192,1,1
91525,100706893,38.64586,-77.33724,1,1
91706,100702428,38.63603,-77.3526,1,1
91946,100706894,38.64599,-77.33709,1,1
92176,100710221,38.65465,-77.3092,1,1
92227,219867671,38.63665,-77.3516,1,1
92422,100706882,38.64705,-77.3385,1,1
92496,335423335,38.65292,-77.342,1,1
92587,100707641,38.64809,-77.33148,1,1
92764,335460697,38.63549,-77.35372,1,1
92776,100706818,38.64982,-77.34207,1,1
92958,100703555,38.63849,-77.3246,1,1
93100,100706989,38.65685,-77.34234,1,1
93158,335458112,38.65626,-77.34208,1,1
93162,221994967,38.64729,-77.33386,1,1
93699,100707441,38.66887,-77.33395,1,1
93977,100706816,38.6498,-77.34222,1,1
94320,100710268,38.65565,-77.30721,1,1
94594,100703554,38.6384,-77.32471,1,1
94756,276013789,38.66931,-77.358,1,1
94802,276013798,38.67226,-77.35391,1,1
94982,100707276,38.67693,-77.34604,1,1
95404,100706995,38.65808,-77.34363,1,1
95662,848140542,38.6714,-77.33544,1,1
95663,100707476,38.67134,-77.33536,1,1
95796,276013806,38.67395,-77.35098,1,1
96072,100710141,38.64742,-77.30806,1,1
96800,100703679,38.6341,-77.32039,1,1
96807,100695455,38.63437,-77.35766,1,1
96909,100702447,38.63835,-77.34947,1,1
96938,100706752,38.66015,-77.34737,1,1
96981,100707947,38.65018,-77.31556,1,1
97873,100707833,38.66003,-77.3245,1,1
97959,335458127,38.66047,-77.34794,1,1
97960,100706648,38.66046,-77.35279,1,1
97961,983935642,38.65946,-77.3599,1,1
97977,335422170,38.6358,-77.35245,1,1
98020,100707832,38.65991,-77.32466,1,1
98127,100702287,38.63398,-77.35096,1,1
98139,335458059,38.65297,-77.34184,1,1
98152,983936232,38.65519,-77.34224,1,1
98153,100706837,38.65429,-77.3425,1,1
98156,983936230,38.65323,-77.34197,1,1
98255,335458206,38.6595,-77.35814,1,1
98464,100707471,38.673,-77.33627,1,1
98521,276013753,38.67207,-77.35389,1,1
98572,100708365,38.67777,-77.32742,1,1
98578,100702555,38.63964,-77.34805,1,1
98626,335424433,38.64524,-77.33692,1,1
98673,276013810,38.67606,-77.35003,1,1
98836,100698786,38.65977,-77.35598,1,1
99180,100707927,38.64859,-77.3146,1,1
99421,335458424,38.63583,-77.35228,1,1
99458,100707934,38.64765,-77.3136,1,1
99855,100707469,38.67286,-77.33646,1,1
99947,19460689,38.67679,-77.34613,1,1
100213,100707279,38.67617,-77.34462,1,1
100223,100698780,38.65948,-77.35871,1,1
100385,983927254,38.67278,-77.33648,1,1
100386,100707456,38.67227,-77.33643,1,1
100393,100708368,38.67776,-77.32722,1,1
100500,100698783,38.65968,-77.35813,1,1
100739,100698781,38.65966,-77.35872,1,1
101325,100707501,38.67324,-77.33383,1,1
101372,100706881,38.64695,-77.33862,1,1
101580,100708248,38.67653,-77.32862,1,1
102481,219868191,38.67572,-77.33003,1,1
102588,100708247,38.67663,-77.3287,1,1
102616,100706994,38.65798,-77.34373,1,1
102669,100707729,38.65029,-77.32717,1,1
102737,100708065,38.66704,-77.33267,1,1
102759,100707442,38.66845,-77.33356,1,1
102780,19460690,38.67389,-77.33879,1,1
102816,100708113,38.67448,-77.33184,1,1
102868,100710172,38.65389,-77.30533,1,1
102878,100707475,38.6713,-77.33553,1,1
103049,100707977,38.65341,-77.31336,1,1
103056,100707463,38.67331,-77.33737,1,1
103147,100706801,38.64498,-77.33943,1,1
103257,335456566,38.6553,-77.30681,1,1
103403,276013744,38.66922,-77.35785,1,1
103405,100707960,38.65271,-77.31677,1,1
103414,100707483,38.67278,-77.33598,1,1
103421,100707876,38.6522,-77.31939,1,1
103515,100707477,38.67094,-77.33494,1,1
103563,100707393,38.67387,-77.33911,1,1
103625,276013767,38.67601,-77.34986,1,1
103672,100707482,38.67195,-77.33607,1,1
103739,100703680,38.6342,-77.32024,1,1
103760,100707928,38.64882,-77.31457,1,1
103806,100707733,38.65018,-77.32705,1,1
103873,335458205,38.66016,-77.35352,1,1
103940,219868192,38.67562,-77.32994,1,1
103999,276013763,38.67387,-77.35078,1,1
104050,100707465,38.6732,-77.33752,1,1
104173,100708112,38.67438,-77.33173,1,1
104253,100707462,38.67337,-77.3379,1,1
104289,335458334,38.64565,-77.33775,1,1
106172,335422273,38.6599,-77.34662,1,1
106201,100706741,38.65882,-77.34467,1,1
106414,335456911,38.64606,-77.3365,1,1
106447,100706792,38.64898,-77.34166,1,1
106543,100707821,38.6641,-77.32834,1,1
106606,100707453,38.67191,-77.33621,1,1
106688,100707642,38.64822,-77.33156,1,1
106745,100708069,38.66558,-77.33094,1,1
106791,100707389,38.67468,-77.34105,1,1
106963,100706807,38.64822,-77.34031,1,1
107095,100708064,38.66696,-77.33282,1,1
107311,100707819,38.66345,-77.32744,1,1
107591,100707502,38.67309,-77.33376,1,1
107669,100695485,38.63529,-77.35418,1,1
107797,100702816,38.64366,-77.34249,1,1
107891,100695482,38.63501,-77.35496,1,1
108019,100706753,38.66028,-77.34731,1,1
108024,100706806,38.64812,-77.3404,1,1
108219,100707961,38.65268,-77.31655,1,1
108272,19460691,38.66375,-77.32779,1,1
108391,100706991,38.65692,-77.3422,1,1
108399,100707390,38.6748,-77.34095,1,1
108485,100707262,38.67745,-77.34769,1,1
108578,100707263,38.67757,-77.34759,1,1
108579,100702286,38.63394,-77.35109,1,1
108675,100707818,38.66341,-77.32765,1,1
108876,100707280,38.67629,-77.34452,1,1
109065,100707946,38.65012,-77.31575,1,1
109267,100707460,38.67283,-77.3363,1,1
109305,100707812,38.66396,-77.32844,1,1
109419,100707935,38.64774,-77.31346,1,1
109423,335456744,38.67295,-77.33596,1,1
109583,100698787,38.65994,-77.35602,1,1
109810,335458204,38.66033,-77.35359,1,1
110621,100707958,38.65259,-77.31673,1,1
110906,100710163,38.64814,-77.30719,1,1
110917,100708075,38.66571,-77.33081,1,1
111029,100707875,38.65207,-77.31935,1,1
111054,219868497,38.64801,-77.30705,1,1
111096,100707470,38.67302,-77.33641,1,1
115775,983842618,38.65293,-77.31664,1,1
212874,100706647,38.66028,-77.35277,1,1
213895,983935643,38.66059,-77.35193,1,1
